6.364851447758824193e+25 2.085734076205784621e+25 1.782921703446408244e+25
-9.464851801739084940e+25 2.986640360918032493e+24 3.553896970583659844e+25
-8.736962452588839019e+25 -6.277332860908749420e+24 1.018111475450367705e+26
9.314841868116719518e+25 1.332770607389740050e+25 1.227482882471229627e+26
-4.426175424769383631e+25 1.054477719057460513e+26 -1.683060886763113060e+25
7.263130021873781742e+25 1.053211178940885531e+26 -6.416423770781722963e+25
8.391898248297957097e+25 -1.143086910929763424e+26 7.052311983618239547e+25
-4.435997176156858239e+25 -6.107492327090745777e+25 1.077351304452731088e+26
-1.173340312954749195e+26 1.198043620014145057e+26 9.540843220345024706e+25
1.229672739229851383e+26 2.262946264933695027e+25 7.440140877685921459e+25
9.240343647339119054e+25 2.628242511732508698e+25 -1.040499212199743855e+26
1.264769187504353500e+25 7.145824390788142338e+24 1.077261006984378878e+26
-1.135115121818471190e+26 8.496779487248600476e+25 -1.369546205809656810e+25
-1.087370894283108246e+26 -1.108754760525887549e+26 1.029420559798881974e+26
3.389769270432879082e+25 3.722980726942774339e+25 -3.705327308233305905e+25
4.058680169933134203e+25 1.076514441096458690e+26 3.073741709116286078e+25
-3.935475890620594622e+24 -1.008184888562022487e+26 6.037836045615734461e+25
-1.162336360611645587e+26 5.105433596035074426e+25 7.790840063514709697e+25
1.086292358076792748e+26 9.945084206695646502e+25 9.631794621673264996e+25
-2.488269046515250752e+25 2.302757778227136649e+24 5.124833619869496915e+25
9.356617182839261389e+25 -4.622101974366004295e+25 8.640108020768299707e+25
-5.123027066804486697e+25 8.451098804375927274e+25 6.883586891367999159e+25
-6.805900934978223125e+25 -8.368608354137179276e+25 2.537002707654105396e+25
1.132676174063021981e+26 4.501297284469476017e+25 -2.148606114797821166e+25
