1.052285131825512810e+26 1.096514582380268206e+25 1.025276881993379478e+26
-9.815524562896038545e+25 9.771701172866756118e+25 8.949492221321388707e+25
-7.832329629455670625e+25 -8.220090835060944517e+25 1.083736917887542421e+26
7.097199662293837717e+25 1.030001719366934523e+26 -5.146673431795844643e+25
-1.019353262621803353e+26 1.884460213885523433e+25 5.753700007731513721e+25
7.378857205703729372e+25 -9.433379276369953560e+25 7.145034442318960484e+25
-8.872308510010995103e+24 6.932133316544904103e+24 7.911191803624523560e+25
9.109617016517565954e+25 2.955345041177338649e+25 -9.282399509693033306e+25
-6.837687511284161185e+25 9.522684268567332742e+25 -1.106484063491553713e+25
-4.645616395735742272e+25 -8.651372570171352523e+25 3.852542918558304594e+25
8.614458809860886802e+25 9.761885612714545813e+25 6.385634315669725912e+25
6.272652329766017735e+25 3.030392448587346873e+25 -1.080666036312407125e+25
