3.315272042539985168e+25 1.599852715161715629e+25 1.127277862112344218e+26
-8.865920503270730780e+25 -1.011694059240116778e+25 4.332515444232473018e+25
3.766688031147733827e+25 1.109130302092656339e+26 3.747933597173564691e+25
-1.192370192280889010e+26 1.200283301652050684e+26 9.540468964199559844e+25
3.518348286367915978e+25 1.294746934319140941e+25 -7.684004977766746608e+25
-5.225832162853082285e+25 -4.851456151167437899e+25 1.129754037118952538e+26
3.757962559788265137e+25 4.418460977971353023e+25 -1.410209406097794864e+25
-5.030897655999279341e+25 1.055104084246405161e+26 -1.467910607652022143e+25
1.117299901870726216e+26 6.204349243084659019e+24 1.023891277218887337e+26
-1.153824658765566603e+26 7.405210591847096769e+25 -7.881424221525154097e+24
-3.876347289471052298e+25 -9.886158601438256321e+25 4.324946402867299132e+25
1.106408560695659484e+26 8.461653235919513991e+25 -3.355559375393861007e+25
-1.575390368933829230e+25 -2.083896800192722367e+25 7.199713847999068482e+25
-1.094385749393821827e+26 -1.097947610593472627e+26 1.007945333085375017e+26
1.138579467013107490e+26 9.153834191135620556e+25 8.963877370120488953e+25
-1.176795305924232362e+26 4.324219175485802410e+25 8.104902718870350184e+25
1.071379903337486467e+26 2.931856090865920711e+25 -9.791051741647792602e+25
9.704343136942616073e+25 2.270227632756440054e+25 7.857751599910458854e+24
7.624423041794662462e+25 -9.653428105577613970e+25 7.258209895187932756e+25
5.489932841173493003e+25 1.069726467055189432e+26 -7.112831773488854419e+25
-2.364035988368072177e+25 3.129344988679398843e+25 4.563523922916395098e+25
-6.424824773391067814e+25 8.756089907441908072e+25 7.743351924604952238e+25
