1.217486616155041405e+26 1.440781811279646003e+25 8.140695283855684734e+25
-2.217949042263669661e+25 8.124782854728712190e+25 -2.093677049854973619e+25
-4.495671489844839501e+25 -6.241124486213448495e+25 1.096781627084138425e+26
-7.421684728298769337e+25 8.388280815011133807e+25 6.983619721319616698e+25
1.275895588768903863e+26 6.714968318438219309e+25 -9.992799017684292589e+24
-2.983067370322827934e+25 -2.705625970819454596e+25 4.972305985516029050e+25
5.744105250588641940e+25 -4.884443900563881015e+25 7.622405909582426728e+25
7.230833226427192238e+25 1.089685611303427417e+26 3.751868949462986031e+25
-9.853843239244353149e+25 -1.219233579223845686e+26 8.494144983399030392e+25
3.793945997198746467e+25 2.470096789766540432e+25 2.400609869143358917e+25
5.126654324136069321e+25 2.750550979160031577e+25 -1.159584756992610570e+26
8.653652967380148263e+25 1.748605494217297568e+25 1.220176407476676450e+26
1.993587073126997121e+25 1.113974968946659141e+26 2.405858433745437188e+25
-6.917132446033960291e+25 -8.850236857972771694e+25 2.115632103920155481e+25
-1.196438200872203740e+26 5.433304497761092402e+25 7.855417330633626198e+25
-1.189308270426897041e+26 1.207405362768321108e+26 9.598777139317210725e+25
1.247883275331758397e+26 7.569027713370519953e+25 4.661502788429018347e+25
1.096628948224227155e+26 9.637770330404854358e+25 -1.073147921756206835e+26
-6.661814071238455951e+25 1.118749806879544283e+26 -1.136120030458032181e+25
1.178946519279436414e+26 1.630190187376733084e+25 -9.811159408171282844e+25
-1.201125033278336564e+26 -2.149783552472407278e+24 6.937390718088213610e+25
8.992934389186513255e+25 1.996999266079123146e+25 7.716309987142316367e+24
9.941873182037055027e+24 4.366769648336378775e+24 1.084394911988528509e+26
1.112623404688073242e+26 9.307887773451469941e+25 1.133988800674366405e+26
7.639742127311659962e+25 -1.203586624150835424e+26 9.367180200489823663e+25
3.030155370311341418e+25 6.391515288768361431e+24 -4.542999477971449047e+25
4.470428295243656178e+25 5.938922992541839206e+25 -2.692983694939423204e+25
-8.075414475142719654e+25 -3.586814080163770404e+24 1.079431036004151005e+26
-6.288159377545360562e+24 -1.032275188036955797e+26 5.828063698293918092e+25
-1.189106147363568655e+26 7.189098850916173444e+25 -1.006136503140885532e+25
-1.210895869330009484e+26 -9.202772767215200217e+25 1.257999100928552410e+26
-2.774967233897409305e+25 3.417234286031900816e+25 5.412784880235180036e+25
-8.418615185899744358e+25 2.530645366486458801e+24 3.479683099596363710e+25
3.557418512900940952e+25 1.169551944396146619e+26 -6.604553107123863893e+25
1.056406469290508870e+26 -8.822792039602076962e+25 3.022027339174952178e+25
1.181717330418528663e+26 -3.570344504885043261e+25 1.154837114016986694e+26
1.044201067238905644e+26 2.941163936123982738e+25 -4.574293630395137127e+25
-7.584993389324246668e+24 1.037824915265080498e+26 9.803549838393303347e+25
8.705807803239706220e+25 9.751144704562523717e+25 -4.836310724440627436e+25
