9.854512450775886921e+25 9.893803141085922319e+25 -6.558234723928163076e+25
2.341309510062256365e+25 1.529895339583620237e+25 1.114621243321140599e+26
-1.106126395387243870e+26 5.981068525618952754e+25 7.879936603641736183e+25
-6.885816779718623796e+25 -9.149258189419249007e+25 2.479443302130108914e+25
3.149773953164221919e+25 1.058158481390501964e+25 -6.476650177440938270e+25
1.235249142335537602e+26 7.028010378935050493e+25 1.876691449352615748e+25
9.491761708256828094e+25 1.316501495135424060e+25 1.239436002586761747e+26
-3.073043515154705397e+24 -1.006465298006824424e+26 6.096487276129971119e+25
-5.291968285146772803e+25 1.056896829101320407e+26 -1.200318816927855929e+25
-4.080117586851011821e+25 4.746244485001795403e+25 5.214762442914601308e+25
4.073285688474339688e+25 1.105449893362240332e+26 3.311256267628695648e+25
9.031693576763197242e+25 2.666561116069288064e+25 -1.138003827658206396e+26
-1.091470197522277285e+26 -1.110268563385046299e+26 1.034279567955769476e+26
1.093003456337817680e+26 9.813746848394079254e+25 1.040838512697330772e+26
9.056072635583539347e+24 2.102983876369671466e+25 1.669274197612271766e+25
-2.093533383797985746e+25 -1.660815018357416125e+25 7.243200349110931569e+25
1.220121686244572222e+26 1.531011051793017089e+25 8.115741134049861969e+25
-1.186261564585530913e+26 1.206110171503720452e+26 9.505839473508432784e+25
4.464174951317280781e+25 6.239424549960048794e+25 -2.618084078429635807e+25
7.683944185654284633e+25 1.677277865731109304e+25 1.349719654609407278e+25
-1.162068819241656488e+26 7.440856287210526927e+25 -9.589500287815547567e+24
-4.724698976893742605e+25 -6.056536310882386946e+25 1.099099569188033091e+26
1.110944398517803511e+26 2.693364574598712099e+25 -4.182957629747400762e+25
-1.032479013342152608e+26 -2.028624731119863376e+24 9.032004011805705869e+25
-8.415012195320422229e+25 -4.490767785966374427e+24 3.475904607026189609e+25
3.708319856938836317e+25 1.132318250525237633e+26 -6.641256040784941599e+25
8.436276796446287449e+25 -1.137779924120132861e+26 6.972452959461197600e+25
-4.369076291820658273e+25 1.055879246303330396e+26 8.678821978531938743e+25
9.328245118225160020e+25 -4.616597916337603524e+25 9.085980100925790782e+25
