3.607804945624503210e+25 1.173363336750330370e+26 -6.607696815941092148e+25
-2.316431134396701528e+25 -2.309988266699867892e+25 4.658953432288173718e+25
1.194567065189001760e+26 5.686528727738049373e+25 4.545724910365445066e+25
-6.882645017973400762e+25 8.685017881982495665e+25 5.711356629905301425e+25
1.091100907713779644e+26 -5.884359272083723045e+24 1.266911681288689346e+26
3.615723063955891759e+25 2.978934187634431814e+25 -1.129028962603805768e+26
6.234713064744710953e+25 -5.127645343956494772e+25 8.787119929124629668e+25
-1.000736064692163053e+26 -1.223775522504766665e+26 8.898384977561371580e+25
3.949382370238209647e+25 2.480048931703329211e+25 1.076505937182098330e+25
-8.439699399562926455e+25 -7.461423865321737509e+24 1.028934352377501602e+26
-1.193579713540238583e+26 4.721184900053746712e+25 7.722040816043362631e+25
-2.073172433841161578e+25 8.179042083036288262e+25 -2.138352499695530388e+25
4.959788148195754302e+25 -1.162515552095113302e+26 7.083327639315001956e+25
2.070194803189578411e+25 1.551163715516263712e+25 1.161518285094018788e+26
-1.195323839704785785e+26 6.093318474498821490e+25 1.446143026518569104e+25
1.135523203129258826e+26 8.834002466449872260e+25 1.150868757441075111e+26
-7.420338962061914748e+24 1.111413415031134208e+26 9.513095871491176240e+25
-3.677020990534573018e+25 2.391148002436401565e+25 6.370924088405974254e+25
3.106242394137280454e+25 6.177916260084771950e+24 -4.633323817255396555e+25
-1.428779105580893776e+25 -9.987273696857327556e+25 5.867095059721466004e+25
-4.671493656721782005e+25 -6.444467858721267169e+25 1.102547532207586844e+26
-1.188984080649954742e+26 1.206713475139769759e+26 9.544268338578402686e+25
-8.130519680045380083e+25 1.079240008565535921e+25 3.714989794250824630e+25
1.105269707264691558e+26 9.393266783495124970e+25 -1.062421140594777308e+26
7.823296661139920124e+25 2.275407957673955499e+25 1.176255841266124878e+26
1.120036037869114383e+26 2.550318136501618588e+25 -5.534570733219058664e+25
-7.026491008824670606e+25 -1.101766281261297769e+26 2.246063048854434026e+25
-1.221149841072256312e+26 -9.062271019221078265e+25 1.269885687912925776e+26
-6.516172954741528623e+25 1.127781786520436409e+26 -1.037396119529536257e+25
1.235234130421123295e+26 1.102941011645664785e+25 8.255948749166190531e+25
1.272643521325453939e+26 6.942720917929688704e+25 -9.806911950967296525e+24
-1.210111318382587816e+26 -2.210217004740471070e+25 5.199659838974370528e+25
8.687203658152756842e+25 9.772650058625782057e+25 -4.653284778322610262e+25
4.546020793756896813e+25 5.962422576528344521e+25 -2.771706922717929457e+25
9.882685184764125337e+25 1.918307739970317953e+25 -1.138140129146905874e+26
1.089612368831091897e+26 -1.105649482593826720e+26 1.075806215768136795e+26
6.776056249793288654e+25 -1.940905060656634137e+24 4.898615568056448894e+25
-1.038171005080877220e+25 -1.796731870616506001e+25 9.907334488262428905e+25
1.071248199060675263e+26 -8.562884465994209842e+25 2.828981854472709095e+25
-1.139950451326699731e+26 8.535788433197628479e+25 -3.832824841002391784e+25
-6.872283146240303814e+25 -4.738260383844072626e+25 2.681237441195326980e+25
-8.546856638636032206e+25 6.702298163175813534e+25 1.147609522285456333e+26
9.207957459433419479e+25 2.300909910020544809e+25 -1.232312206698009569e+24
2.198064208993079452e+24 4.958209545122928534e+25 4.430232066930264855e+25
3.576130309598109049e+25 1.108803478112174613e+26 2.426791380523249771e+25
9.781597294028220363e+25 1.182858593515178371e+26 5.872722451025705196e+25
