1.171757803687321173e+26 1.630518184643574298e+25 -9.698356287113919853e+25
-7.820292584696244599e+25 1.138003233678049834e+25 3.990035763867463939e+25
9.143350246523851963e+25 2.217973288084579697e+25 2.307660001699953262e+24
2.823350503883040231e+25 1.665274584284401626e+25 1.158658502312376275e+26
-1.189627565642530073e+26 1.209714264771783938e+26 9.586490655452015019e+25
-4.873667286895714065e+25 -9.192224658926745624e+25 9.208835807207395584e+25
-6.508343853832803354e+25 1.125412380825507166e+26 -1.246234547358565165e+25
1.232146520623036942e+26 1.445581217105571005e+25 8.161080069149667742e+25
5.405327157328412899e+25 -5.845449135673403362e+25 8.231585694616450106e+25
-8.039074667379611328e+25 7.443560180681980365e+25 8.599812872471886565e+25
9.832114910118661109e+25 1.156462597430011266e+26 5.901740823304774870e+25
-2.463863955670618449e+25 3.828415016269051810e+25 5.204376392500327114e+25
-2.096018873193864852e+25 7.959686702501178119e+25 -2.054859046256083560e+25
2.616370388069406591e+25 1.219055485145571506e+26 -5.576279160180283550e+25
-1.143728593581899995e+26 8.529298447063701961e+25 -3.809667523241051696e+25
1.077803661927172531e+26 3.229426110447490142e+25 -4.391349728641403883e+25
-8.238904929169895783e+25 -6.559705016774575136e+24 1.058517086052663204e+26
1.134184271137714255e+26 8.890758536099390557e+25 1.145119172313019261e+26
1.248133081708437343e+26 6.060985499581001718e+25 2.617559888874849205e+25
-1.206562143960485556e+26 -1.184289959439942635e+24 6.861682779171856805e+25
6.959633153825298040e+25 -1.916868033017596445e+24 5.348671969232867017e+25
-1.203521732180572003e+26 -8.861525481674078535e+25 1.274187227881598343e+26
3.632777989940093512e+25 2.796333526954185470e+25 1.656787900952784853e+25
-9.114489512019266833e+24 -8.194652307655069855e+24 9.503587904961706021e+25
1.777233034039119887e+24 1.003578898117437911e+26 1.058265084553010498e+26
1.066311796294818382e+26 -1.173159341447517356e+26 1.079923437208317905e+26
5.402060506347368982e+25 2.164343395205369455e+25 -1.171128083089448818e+26
-1.105959816624998047e+26 -1.246929285181123565e+26 8.875580956652046756e+25
-1.205291399345671179e+26 5.354817453441740909e+25 8.009273833292946285e+25
-2.475243865716115005e+25 -2.379001931825857603e+25 4.788233764612589955e+25
-8.633404278947110703e+24 -1.019646976100732970e+26 5.321423915747568154e+25
1.064900830639193352e+26 -8.580557601947355293e+25 2.822367974766444723e+25
-6.961957761108437356e+25 -1.096041115660017837e+26 2.270349922493407960e+25
3.256902768597305705e+25 1.103174276794006213e+26 2.730491391601528185e+25
-7.571840855338905841e+25 -4.470952244982654258e+25 2.897320631440055482e+25
9.146977858009135775e+25 1.702838062406892069e+25 1.233190736283066447e+26
4.449933966396251926e+25 9.425853662836427263e+25 -1.074153614864370471e+26
4.449346602391493581e+25 5.935445789386454017e+25 -2.681667154903448394e+25
1.157890978718101704e+26 9.779777990177754200e+25 -1.075972280228293165e+26
5.259665699443108702e+25 -1.193620494680692395e+26 7.535015800378342875e+25
1.177564766000145279e+26 -3.356540305537378669e+25 1.156100049892632944e+26
-1.185914082431735238e+26 6.076522600028892342e+25 1.536700796429568425e+25
1.056314885350324347e+26 1.001917809410157811e+26 -2.863648745814321602e+25
3.087174692996424569e+25 6.400670033094631194e+24 -4.641417797604069096e+25
6.981327664221806366e+25 9.223926796123860762e+25 -5.991936408319500128e+25
-4.523444478972283030e+25 -5.126026845031515586e+25 1.179983869680644678e+26
-5.525457576112983140e+25 1.038995008678821882e+26 4.949120710039876830e+25
