1.243230931872815779e+26 6.717401920339688703e+25 2.211494767568195639e+25
-7.458394356712796819e+25 8.335197673408534075e+25 7.158974039168885092e+25
-4.540817609195150807e+25 -6.295834839391732513e+25 1.098617390090680181e+26
3.593222125342591105e+25 5.950384251808131876e+25 -2.430169119165547380e+25
1.149008737205643002e+25 1.977655765686933049e+24 1.067636264242904969e+26
7.485909776283393903e+25 -1.154569407501084683e+26 9.261912716772246207e+25
-6.986706825581002242e+25 -1.009020506273615952e+26 2.406483677579828746e+25
2.820221636704601743e+25 8.276184951847738602e+24 -4.794088110918434332e+25
1.220367235745520011e+26 1.450812435255136332e+25 8.121360379559205626e+25
-5.200713477634854139e+25 1.061931368632050250e+26 -1.305559662800824665e+25
1.110162869041634768e+26 9.068727233274568113e+25 -1.059293573485268192e+26
-8.506228888913516736e+25 -4.968691265398191965e+24 1.037285406043945240e+26
6.920910932120980043e+25 1.962893197537912797e+25 1.512688351494054539e+25
-1.190326177135899866e+26 1.204033894947684201e+26 9.590868379221963717e+25
9.051769704183361735e+25 9.568562161652434255e+25 -4.372375004844010065e+25
-1.754795428202480481e+25 3.542325602136043034e+25 5.110990743787273649e+25
-1.201581565685489378e+26 4.737396521952521920e+25 7.740566633975807761e+25
3.581274722757753265e+25 1.133877190564688954e+26 -6.664010169019126678e+25
7.464013872290710545e+25 2.073242938310437124e+25 -1.157074296536442839e+26
-8.422297820217410342e+25 1.925343732031748752e+25 3.448257445918290418e+25
8.705137873535721538e+25 1.773183166040719697e+25 1.219982728635124656e+26
1.030450497429661592e+26 -3.844300557582763369e+25 1.070537831163587628e+26
-5.108308362594264736e+24 -1.014788282751365172e+26 5.974161232261536176e+25
-1.044205243407433896e+26 -2.641899022039381504e+25 3.941133225654492911e+25
4.171177938567960014e+25 1.111421936902045624e+26 2.994346802214771050e+25
-1.096550456886334329e+26 -1.110326207109709760e+26 1.044297302299092265e+26
-7.966968169205745309e+24 1.047799068089656790e+26 9.626563434254987388e+25
1.112916702875542583e+26 2.625312948127245420e+25 -4.387552622785553166e+25
-3.130864728423469336e+25 -2.883766064142674956e+25 4.805697328194728524e+25
1.113118784565971041e+26 9.807271161799559368e+25 1.033535892003959418e+26
9.249803540891965802e+25 -8.120941725943271339e+25 3.293645003389052891e+25
-1.167065162629995980e+26 8.290999084153387428e+25 -1.567262122236703601e+25
