-1.079934644685209819e+26 -1.097232932662762562e+26 1.032722727951322512e+26
3.680678035647476259e+25 4.031473699920796885e+25 -3.272751219543863797e+25
-5.667549577592333759e+25 8.377030659401019098e+25 6.997794992010122935e+25
7.819645488156390594e+25 -4.422069747560747385e+25 6.424263420203823693e+25
-4.932287503965944896e+25 1.053141145478167279e+26 -1.506249317350877727e+25
-6.796595711495069334e+25 -8.485485195761560234e+25 2.431749473407471001e+25
-1.178212010084836600e+26 1.198421985806060334e+26 9.519845542267422798e+25
1.005493846141068089e+26 4.400219458523350964e+24 1.231763228276300362e+26
1.163930022739727554e+26 3.545060947647443957e+25 -8.262006012139371169e+25
1.089351466629769178e+26 9.397906407395409825e+25 -2.582700501408025496e+25
8.669329343242310418e+25 -1.153952436827498124e+26 7.661846085755461076e+25
3.615556033485599308e+25 1.109610734296969669e+26 3.700062760554191468e+25
-1.161952733355504745e+26 4.676000948379816119e+25 8.285563728991366138e+25
2.561669682404112913e+25 1.579867550098644624e+25 1.127067780955707485e+26
5.588123056572082957e+25 1.077241591886562801e+26 -7.074531048850706513e+25
-2.566909736622129172e+25 -7.139050938215668684e+24 6.438291202353116899e+25
-5.350034188673039615e+25 -4.660726357640157297e+25 1.119207785985291723e+26
-1.152653424380702042e+26 7.478994777358009789e+25 -8.224076145640075317e+24
2.123463760140002015e+25 3.021532799064777612e+25 2.423544083330059049e+25
1.219447424636338461e+26 2.278383129086747267e+25 7.433284506817796393e+25
1.100534296392928348e+26 9.803154667340876156e+25 9.785953473693458097e+25
5.342264290700844007e+25 2.240866327388829855e+25 -1.109106129370558783e+26
9.590467097419330831e+25 2.570379364218164355e+25 -2.617635520373491533e+24
-7.904290153689453284e+24 -1.008502185506154747e+26 6.423145408798758053e+25
-9.210871439378838592e+25 -2.765737379944156774e+24 4.640083033598490851e+25
