9.239053432580083372e+25 1.318698003819085255e+25 1.235795372512295207e+26
-1.191290639863650728e+26 1.207514236683497001e+26 9.587559441991917127e+25
3.660858091355774327e+25 4.425902081134328391e+25 -1.319458283313056443e+25
-4.622177669072482022e+25 -5.981422629708603282e+25 1.100471574034562539e+26
-5.874086949543269294e+25 9.154929723749925386e+25 7.618393680630881353e+25
-7.184434804779058572e+25 -9.348646413414162323e+25 2.345695054819846651e+25
1.070710363969707766e+26 2.829798459658354469e+25 -1.004542520603660210e+26
-4.350504269663409436e+24 -1.018617530561804158e+26 6.141592543010898969e+25
-9.038488586316721301e+25 5.127756997002849128e+24 3.267945577324131850e+25
1.236742843517185733e+26 7.560178730057590999e+25 2.789414317270402829e+25
4.779807998859652325e+25 1.095388948508819240e+26 -6.967970669559897251e+25
1.062535232045255496e+26 9.568367534977527295e+25 1.099296122222115808e+26
8.417926252443733900e+25 -1.141078229049498445e+26 7.035582177347347241e+25
-1.014018809716258256e+26 -2.589810315709645186e+24 9.080438174695713315e+25
-1.088427853276175523e+26 -1.108248887980151955e+26 1.037928029915251251e+26
-5.016747803627123838e+25 1.050955866432115285e+26 -1.398282740745163785e+25
1.202083790956150551e+26 1.522068426672863171e+25 8.034486693837642183e+25
3.885775432162089851e+25 1.107658772901891136e+26 3.503491709125306055e+25
1.290776465288286051e+25 6.377978783679021062e+24 1.065180685919435700e+26
1.034050604058153270e+26 8.812200610770935580e+25 -4.903029674545388797e+25
-1.160409564416896915e+26 5.698403852392512560e+25 7.695174219472929466e+25
9.351887366716602153e+25 2.097895528903239034e+25 -2.985675952917594153e+24
9.125036648260593744e+25 -4.568923057453417658e+25 8.594019774428641162e+25
-1.159763807921358484e+26 8.293142603176560070e+25 -1.510794718868388032e+25
-2.284336690966239850e+25 3.447781639414199869e+25 5.238391578131999759e+25
3.492603366769393119e+25 1.312126693995694568e+25 -7.685215669028480424e+25
-2.989212112872659915e+25 -2.805499919133223838e+25 4.807915797614858975e+25
