-8.823433149289438852e+25 6.471088380253881969e+25 1.151852313575522081e+26
1.209521102132646543e+26 5.739109865342800097e+25 4.246845071268402541e+25
-2.458669400301310217e+25 -2.251336782443240315e+25 4.455199439700513114e+25
1.268275011912718931e+26 6.244604775511949227e+25 -3.194680235260422401e+25
-1.723995032387542768e+25 7.177925221448119692e+25 -2.193094294109330995e+25
4.759694626584314509e+25 2.527583315899154370e+25 1.087866808142441516e+26
1.021886656546836539e+26 -1.054595309787505574e+26 2.500545388006324902e+25
-1.206052453287502410e+26 -4.104843850568575180e+23 6.966744420738379402e+25
-4.304031889812285857e+25 -7.091621183144474195e+25 7.661319290451717726e+25
1.991998752242720539e+25 1.120517403520709863e+26 2.417600118444304634e+25
9.104190565890502193e+25 2.217270201954476224e+25 -5.042918852280174828e+25
-1.199578528696376072e+26 5.714079384629241578e+25 1.354003256111318188e+25
5.113376570251243774e+25 2.648606071199467207e+25 -1.175124805487464550e+26
-1.181587918563582312e+26 -1.244166213464756955e+26 8.786237176211878426e+25
-8.203081586088247359e+25 -8.294436938851981768e+24 1.054820485253030379e+26
1.231895324377051613e+26 1.466122966177187511e+25 8.464185581658718843e+25
-5.103617247873556249e+25 1.086354282133162896e+26 -1.913168131337710835e+25
1.204381891888237320e+26 1.141788668955000510e+26 5.557021703662773808e+25
-2.374062348809703854e+25 4.143239588356045849e+25 4.963099497563325345e+25
-7.862577476315301776e+25 -4.304361036426523318e+25 2.633076680150746860e+25
-7.074941852476837408e+25 7.891955065536600652e+25 5.696197898066931827e+25
6.652539454584822392e+25 9.425469291950365364e+25 -6.871793613903263840e+25
8.220867260401423086e+25 2.377333619936131208e+25 5.580845441756790845e+24
-1.216231572064034343e+26 -8.827979838212354631e+25 1.278631835071131065e+26
2.979124695684107786e+25 6.105617222395249033e+24 -4.645244091468354403e+25
-1.365224175386426584e+25 -6.014568030264262226e+24 8.715489373400145606e+25
5.375725092130483997e+25 -5.866707821942440513e+25 8.150678965561409241e+25
6.658342483115589177e+25 1.083704441190250457e+26 3.790209362088217963e+25
-6.943284003769741189e+25 -1.091109471667526919e+26 2.217493642249706174e+25
1.175646136453426781e+26 -3.390804370886804210e+25 1.161814044625553526e+26
-5.932699345769115882e+24 -1.051347117880535554e+26 5.201673282964446483e+25
-1.144492332549545479e+26 8.390991041204495586e+25 -3.986947981611973656e+25
1.136658132321062605e+26 9.892133102350780345e+25 -1.099860157708613839e+26
-7.767972370428964493e+25 1.110300088624856579e+25 4.042216230319036543e+25
1.187148494082470471e+26 1.688432087766722945e+25 -9.793126611152405472e+25
1.164439984894530310e+26 6.762097217267701322e+25 1.117618529721461907e+26
-1.194492185940601288e+26 5.566759191076837912e+25 7.609317368824692357e+25
1.068150885746104892e+26 -1.164753043840520938e+26 1.086095932898870255e+26
-1.194100731041473257e+26 1.208316803898761813e+26 9.628112277532437163e+25
6.756877970477980894e+25 -1.450859244377971349e+24 5.480080239570414137e+25
-4.418564075647161905e+25 -5.302904876609948443e+25 1.198630509612127273e+26
3.539900040731660798e+25 2.784561326426789187e+25 1.646260660475288267e+25
1.155182290463030265e+26 -3.349317051062632691e+25 3.812776185144637730e+25
2.652106250318421232e+25 1.211887432747831453e+26 -6.051884016763157089e+25
7.659710578556394686e+24 9.617471062182065810e+25 1.089002059744933777e+26
1.004997485270038563e+26 1.044862488076304255e+26 -3.342883587313578605e+25
-4.692379380416367427e+25 1.176150083698658777e+26 7.207271797805223877e+25
1.055986741229496417e+26 1.183425184236066788e+26 1.166851797960494091e+26
9.428918227956836151e+25 1.506781459348187113e+25 1.248124854881656554e+26
1.264778899440651763e+25 5.268005734675061844e+24 1.216973849706946008e+26
-8.690714915971521253e+25 1.148996995974884288e+26 5.108502335805242240e+24
-6.217008148517784186e+25 -1.135826886878268059e+26 9.717993509346578536e+25
1.171561390367828467e+26 2.903195910537354258e+25 -1.170730291362304999e+25
5.258763989413991962e+25 -1.195441177752801897e+26 7.814880498087131034e+25
4.625935360160724045e+25 6.027147046875091940e+25 -2.759361505691617732e+25
