-7.500963663159319940e+25 8.188284650545551060e+25 7.570042625024086018e+25
1.085202308743399764e+26 9.610780042247255316e+25 -3.045337131433822222e+25
1.185627448873392150e+25 3.583554401777179790e+24 1.081157467524935229e+26
-7.583915171260016669e+25 -4.414656440038622544e+25 2.922546877787463558e+25
9.723832103348595361e+25 2.557890189657381958e+25 -8.085932927197963532e+23
1.024480032158165116e+26 -3.861631213059947319e+25 1.068304770731733091e+26
-6.458735900189822324e+25 1.111690096266551861e+26 -8.126001613725399282e+24
-4.340725318740562627e+25 -8.277311031940120129e+25 9.569769718945930262e+25
1.218770626257419660e+26 1.441432643738425239e+25 8.136027012333770159e+25
1.135844513014387414e+26 2.325890688385010897e+25 -6.505364789024771707e+25
-1.201407218280380680e+26 5.475864705620771648e+25 7.667011050613147727e+25
-8.032667036162757090e+24 1.051697364311355162e+26 9.507461133507763911e+25
7.673257524798132133e+25 -1.175167608373112950e+26 9.421996402853898868e+25
-8.742420423567646987e+25 1.623057821872901774e+25 3.204253184809291014e+25
-6.711580373913934651e+25 -1.092895418167405561e+26 2.408622653420236010e+25
4.802411468909854769e+25 1.082809687041323988e+26 -6.570727699408111490e+25
-1.203251820219448944e+26 -8.894417250219667577e+25 1.273124869075856455e+26
-1.190860756572277297e+26 1.208344256675599308e+26 9.585561095114082230e+25
4.344772614958479252e+25 1.124126610413243889e+26 3.150354306247899676e+25
-5.630658911576269396e+25 -3.096835173917948739e+25 1.181842945862926434e+26
4.753374619856850635e+25 5.979439960936328350e+25 -2.785621955709773157e+25
1.097595115278390436e+26 9.458868905635695465e+25 1.112447422294373584e+26
-1.195035569261772025e+26 7.980600449737683993e+25 -1.719181773506442843e+25
-2.434624400028895024e+25 -2.280196170182509337e+25 5.226011433325951187e+25
6.426793225576903546e+25 2.273473054110007409e+25 -1.187319729647739576e+26
8.751158833328880259e+25 1.737480200144865667e+25 1.221868255350578477e+26
7.042425172856605329e+24 -9.892129791388355888e+25 5.592606329227355932e+25
1.225815543737656067e+26 7.666550807009857671e+25 4.026735188335438118e+25
3.005744083754797393e+25 7.499871994240523926e+24 -4.681704518579229298e+25
-1.689947997340162953e+25 8.399717884130724083e+25 -1.951748044392826895e+25
-1.113408716874210649e+26 -1.156614944032403912e+24 7.863446228780341995e+25
1.095447758376521516e+26 9.135756090773365064e+25 -1.047517474827158629e+26
-2.656370057057774378e+25 3.472524424045497926e+25 5.403855870944298200e+25
1.021748694922709637e+26 -8.349216654957976490e+25 3.088264998485019910e+25
-1.067106782825953042e+26 -1.239382474851154541e+26 8.859549413956461532e+25
4.547961284626370432e+25 1.892899125483762252e+25 2.586374818484724355e+25
