9.612858990455837289e+25 3.086315078714120567e+24 1.204472847222667793e+26
-6.795874410258937958e+25 -8.316082510185841024e+25 2.492135809407101466e+25
1.006590039188732321e+26 9.436337256171264622e+25 -5.293377781882098887e+25
-1.073499556365608299e+26 1.186310017620030835e+26 9.313310418225224645e+25
3.600258634383965184e+25 3.475442774260139474e+25 -2.197109717710018454e+25
-1.077640922343499477e+26 -1.097779539364368547e+26 1.032652449804675091e+26
-9.704285906314536853e+25 -3.568893216021007670e+23 5.265592537302490556e+25
-1.056247851670142616e+26 5.846071441142794234e+25 8.060742650749027027e+25
-7.628253753669314262e+24 -1.003457451816134221e+26 6.462685425647883810e+25
1.075235672883883113e+26 9.892832426102679847e+25 9.206387831908164274e+25
1.805273691453752122e+25 9.524667607442473653e+25 4.199107782321343126e+25
-5.293868517182469651e+25 1.038454402671272463e+26 -7.913119737161673062e+24
8.552842063181090532e+25 2.162879109830701447e+25 -1.009199145067609204e+26
1.556149547399864901e+25 7.884432992133665264e+24 1.065775664312176907e+26
8.327151070728319981e+25 -9.436989838958493775e+25 7.071563096216492700e+25
1.195347599114483350e+26 1.876222089410058059e+25 7.272243224085229287e+25
-5.301241490250422038e+25 -4.583071490565309933e+25 1.109861924360308859e+26
-1.160716900013789127e+26 7.378831648255753382e+25 -9.179555241810501810e+24
3.849069581656449753e+25 1.102971588121739873e+26 -6.687489724497350529e+25
1.002124686948620860e+26 2.955011526587179977e+25 -6.813184911131097596e+24
-2.695544978016320668e+25 3.663190894413542591e+24 5.295175504676084057e+25
