-1.163462596038061468e+26 5.742657759621638385e+25 7.776284630349432375e+25
3.813979858170619344e+25 6.011754437697001751e+25 -2.547016511049937955e+25
-7.933764973904710819e+24 -1.001424851627665796e+26 6.418690274576690372e+25
1.091356204289466502e+26 9.763881632594039352e+25 1.042321612624777890e+26
1.214304921593754184e+26 1.180768307008076103e+25 8.045338194316699544e+25
1.251304012277573832e+25 4.546952519259010695e+24 1.087519081867776406e+26
1.106252975547479364e+26 9.132296952102415406e+25 -1.061235794546361601e+26
-1.163917179420703768e+26 8.340916147520500787e+25 -1.568875367203508714e+25
-7.372806444335299913e+25 -4.424213848673974295e+25 2.935003977337447110e+25
-5.125513325579805678e+25 1.053835081864927745e+26 -1.331806209692401047e+25
-1.057121824581483052e+26 -1.540692754397924333e+24 8.636723066347246628e+25
-1.091554858376577991e+26 -1.101552561092742057e+26 1.053492602098685538e+26
-5.668622024263071853e+25 8.687923318449822792e+25 7.430079873201124263e+25
3.790403270522878812e+25 1.126349462535378451e+26 3.868700327312209298e+25
1.124157954613787908e+26 2.546560489571570430e+25 -5.681203075590042730e+25
2.881874168649107355e+25 6.674288148129235658e+24 -4.313572676928565775e+25
1.246807622849183655e+26 6.735848837758426068e+25 2.090029577240002880e+25
7.419713165485095988e+25 -1.018856787163404993e+26 5.236180690398753377e+25
9.144318850022515408e+25 1.250376667626585012e+25 1.219192839455529702e+26
6.581587085760094279e+25 2.231421637117314331e+25 -1.174990782277148001e+26
3.560537060165842319e+25 1.135527471692259311e+26 -6.623498441315337226e+25
9.865015967630707742e+25 -7.017682637835900568e+25 1.052885137127789086e+26
9.007386108938511962e+25 9.614412811161141977e+25 -4.239532005542499751e+25
-1.184073784184996964e+26 1.207077158113289180e+26 9.561528749441776634e+25
8.128928800372467905e+25 1.812126124178906570e+25 9.540585367626511198e+24
-4.822113692653014360e+25 -5.593392290363234786e+25 1.104967083970517673e+26
-8.842669033208575044e+25 1.765917775141154421e+25 3.102390717904200147e+25
1.158300425071828844e+25 3.950923324473406329e+25 3.710222172043551008e+25
-7.104543339801654385e+25 -1.110744332162136647e+26 2.716355046652013643e+25
-2.990215598674529006e+25 -4.258867968750288516e+24 5.721222201656611678e+25
