-1.182329491358186105e+26 1.196665173640977777e+26 9.504552222474796693e+25
1.176910959751871610e+26 1.680018564876927237e+25 7.007700664185729055e+25
-8.893941787703569516e+25 -9.989733638197076031e+24 4.359897006427533520e+25
7.184221286429370439e+25 1.049987833431821622e+26 -6.313150770044698321e+25
7.547288693062231259e+25 -9.647768211945924057e+25 7.088184968256233889e+25
1.042955404024615510e+26 3.759047577860849507e+25 -1.168026376228370536e+25
2.671682227418214163e+25 1.432842763175583955e+25 1.087048230031931739e+26
-1.087945798992438483e+26 -1.089936869774522177e+26 1.011915716719324122e+26
3.617828743144760642e+25 1.025175084033688591e+26 2.970186903586778273e+25
-4.405172459947436207e+25 -4.206825509154559890e+25 1.094751730281262215e+26
-1.150762466493418107e+26 7.421319378359451819e+25 -7.853266923276079563e+24
-5.790669592526793917e+25 8.470040027978494524e+25 7.382603303920173073e+25
-2.172145576274360837e+25 5.803573891756040433e+24 5.156525158176013835e+25
-3.835438869199867776e+25 -9.777308257272593961e+25 4.514120344316458404e+25
3.634771318336585648e+25 3.380684801548522474e+25 -2.463647386593310218e+25
1.087933455576033242e+26 9.801763788254443592e+25 9.417938027466779606e+25
-4.895597659199345918e+25 1.055266838715429497e+26 -1.559899413709810307e+25
9.959230573951687280e+25 1.142015668540011027e+24 1.206224616256429948e+26
-1.169087961423890791e+26 4.460543578599700150e+25 8.139084128956795781e+25
9.052064349434095936e+25 2.678426571157083958e+25 -1.029861267460813890e+26
