1.139448460888540765e+26 9.007181791797873377e+25 8.436530655556969926e+25
8.196836351613743800e+25 -9.262788649769301298e+25 7.086461414819645129e+25
-4.332537192636358066e+25 -3.827032531174633912e+25 1.056773809674904781e+26
-1.151576376866179517e+26 7.472666206151038808e+25 -8.640789735644513176e+24
9.098850865986163861e+25 2.724998639736626723e+25 -1.019773175393744423e+26
1.108640652706296515e+26 7.000211331688857271e+24 1.007623346041089517e+26
2.920088089364011612e+25 1.087317376536089670e+26 4.257982195834325646e+25
1.034063139035827681e+26 3.468621944008621995e+25 -5.529979914565069021e+24
-1.219317945098075332e+25 -9.997632661426006721e+25 6.634534973908101429e+25
7.197459801841664073e+25 1.047578991915231679e+26 -6.113591457596742635e+25
-1.002830234982710271e+26 1.094906971102712048e+26 9.001950380746048299e+25
-1.130892051727282108e+26 4.661720663164599171e+25 8.128244297511577621e+25
-1.079250102492080718e+26 -1.087987620407902315e+26 1.037352870455244431e+26
-2.303907334204686994e+25 1.602638003715143643e+25 5.094383180729318177e+25
-6.746806229577241319e+25 -8.349043843955659221e+25 2.429590599981128755e+25
-9.219081589917494417e+25 -3.694305659091727585e+24 4.697509027257307001e+25
3.045462056109579853e+25 1.456936684066510743e+25 1.101811657784301271e+26
-4.886392359567705361e+25 1.039359934470717179e+26 -9.726965913319031670e+24
3.620997802628182453e+25 3.455703229992483470e+25 -2.407403309514067233e+25
