-1.106333098623650785e+26 -1.246581692528994353e+26 8.873142769577527774e+25
4.665608407014744886e+25 6.019707979147679361e+25 -2.805613472363856161e+25
-3.622104777398456926e+25 3.465032957126852870e+25 5.622609146081753698e+25
2.207670180825762347e+25 3.741808399806912143e+25 3.968748739658279148e+25
-1.193523990248014354e+26 6.044062135880719679e+25 1.418807014956899740e+25
-8.122410341704732414e+25 1.012048297581518534e+25 3.795357438412209084e+25
1.183515302362538974e+26 -3.326196835714097175e+25 1.165341039408152504e+26
1.991483311369736441e+25 1.232446536551335257e+25 1.154916796840686742e+26
-6.543567588852496056e+25 1.126034397506236610e+26 -1.033442532013603188e+25
-8.694030767514204856e+24 -1.015461298205794921e+26 5.332477941951288718e+25
5.135214842199264883e+25 2.709434741392339028e+25 -1.164244628294558105e+26
1.125243781446283882e+26 9.058933493982707929e+25 1.147961888909513451e+26
-1.191371882166804262e+26 5.564838173435057380e+25 7.640319144385754054e+25
4.766370374549822344e+25 1.090719901904051103e+26 -6.542220209337439744e+25
1.218562700024608271e+26 1.677785636384155536e+25 8.374681207679177807e+25
-1.352473530457374052e+25 -1.137564923104404028e+25 2.144041923392645113e+25
1.083868403661255229e+26 3.105245585478702738e+25 -3.317085369718359710e+25
-4.461806368015217507e+25 -5.110958087774115419e+25 1.186987823593214542e+26
5.117003994177685182e+25 -1.142206622021433407e+26 7.629687253059905981e+25
-6.761882453573737841e+25 8.948891238749553282e+25 5.738674000801002644e+25
-1.189309614565110674e+26 1.210935693710796509e+26 9.567918765694316737e+25
3.184248672463201513e+25 6.830076772943369551e+24 -4.589982380918385059e+25
1.154033815246823922e+26 1.482341531676436992e+25 -9.310570920087509476e+25
1.035051065676797464e+26 9.969026701191101424e+25 -3.134915900623483239e+25
-1.965956604114255634e+25 -1.957727412913186874e+25 7.686661359838800038e+25
-1.939134019325496423e+25 8.381994453994492455e+25 -2.231829727461272030e+25
9.818438369881595640e+25 1.154079358537960994e+26 5.852066685616353892e+25
3.271706112086154564e+25 1.113358131741240141e+26 2.514312223251092424e+25
1.092647780980902075e+26 9.258430581257867469e+25 -1.040048893098220994e+26
-1.208018331339715718e+26 -9.052113314459162604e+23 6.901262332598970487e+25
1.060283698771079936e+26 -1.164331393940028347e+26 1.085594983552370342e+26
-1.140124366837423815e+26 8.527097358084427121e+25 -3.840435743453871343e+25
-7.421303999068138587e+25 -4.486627678708174270e+25 2.959679490996401919e+25
1.028095618006556206e+26 -1.048318980082960891e+26 2.547643141340073199e+25
8.873982436067075577e+25 1.725345316731732764e+25 1.227029002719783587e+26
-4.887079148994469643e+25 -9.191738356155560899e+25 9.211226035140903041e+25
-8.268412492485825381e+25 -7.361268689437377767e+24 1.050376603301754573e+26
1.245408874640364934e+26 6.011970349708545788e+25 2.637895208127380549e+25
-1.203691638823542118e+26 -8.863815145680083356e+25 1.274471328230664490e+26
7.438560089636933548e+25 2.212400652297586132e+25 1.110715073428412716e+25
-8.513744143018092668e+25 6.640483156605891187e+25 1.151585372048091368e+26
5.844679885190498453e+25 -4.407535386731562101e+25 8.088197831067194560e+25
-3.642373781232480565e+24 1.084227500516290232e+26 9.674333564274379049e+25
-6.972514377853107639e+25 -1.096802522419063464e+26 2.269505605118429416e+25
1.104432636188735870e+26 -3.013476864420931488e+25 3.667993796297387099e+25
