3.814893694174639100e+25 2.580717921973704853e+25 1.308161728568950763e+25
-4.950645723949429275e+25 -9.194426006926741506e+25 9.218069978598272410e+25
-1.199952302191052204e+26 1.208571953822927616e+26 9.638024415061760373e+25
4.578523449872176709e+25 2.196527594224770135e+25 1.143777466020066494e+26
3.059501622279633139e+25 1.198809293211785067e+26 -5.693283452424702799e+25
-9.184818618494362266e+25 1.824539501736326146e+25 2.273161704733504514e+25
1.212204098657929128e+26 -3.284441383342361991e+25 1.173514011981950110e+26
1.255736045655373197e+26 1.252595430972322833e+25 -8.324084714541531446e+25
-1.103885498039792808e+26 -1.253074116480237580e+26 8.923778371940237899e+25
1.294764371938952128e+26 5.967982959927227434e+25 -1.221571084736639104e+25
5.296900589444096399e+25 -1.199571821778330175e+26 8.148091689650595994e+25
-1.733856380191701279e+25 7.003606962267411316e+25 -2.095691657754474670e+25
9.548486818971058148e+25 1.646467499682293782e+25 1.243467215272375610e+26
-1.108936573715729738e+26 9.350257269411542831e+24 8.243695488931153662e+25
-7.364030501391017972e+24 4.082868280025080860e+25 5.286655596540635190e+25
1.903159712971549302e+25 1.037966521432554459e+26 1.064644637135970140e+26
1.125069522649316434e+26 9.367546276176576949e+25 1.134596175127090552e+26
8.823197163316220988e+25 2.105524935720188221e+25 -1.194997781371701852e+26
-8.261167836675297299e+25 1.149455217555460101e+26 2.424925258108195068e+24
4.458264061244805018e+25 5.954725466306782776e+25 -2.650468944314806771e+25
-1.057242650048121203e+25 -1.029805183005219064e+26 5.602877298681194210e+25
-6.842215356508385299e+25 7.747254844536457986e+25 5.480818509213049913e+25
1.101012240316645327e+26 -1.115452316658113630e+26 2.600895818500656360e+25
-5.560826494398004320e+25 1.587259857832506762e+25 5.769993845559629646e+25
3.226565515494585065e+25 2.571682063188298645e+25 -1.122339744564913338e+26
-6.793100625819732906e+25 -4.648809529827490267e+25 2.625919160386701819e+25
-1.250983750492269865e+26 6.865487520048559171e+25 1.333753932929397145e+25
9.029640124953950165e+25 2.412165805019716156e+25 2.386958102538670527e+24
6.956191327346086306e+23 -2.908735127679557375e+24 1.081982962996091032e+26
-1.141984021192701563e+26 8.394858685962478170e+25 -4.057451965257980193e+25
1.245787009521359052e+26 7.537295359578922265e+25 4.600260001274144573e+25
-4.375288314679564121e+25 -5.195955174551945545e+25 1.173923397804680991e+26
6.527976933465548798e+25 1.106038543565053626e+26 -1.106896238487303956e+26
6.300702740015754874e+25 -4.918255483861504054e+25 9.288322602878707621e+25
4.693559475585100744e+25 -7.391264019076962042e+25 3.676454263827385963e+25
1.013373044964322601e+26 1.048098312250849668e+26 -3.351594653012680328e+25
-7.506706646808485215e+25 -1.161635319918086317e+25 1.097690801394192959e+26
-7.013529922515987693e+25 -1.099252830582528433e+26 2.287145769507087795e+25
1.074331802592148418e+26 -1.164129365315275807e+26 1.090746304498932980e+26
-1.222817824687996944e+26 5.106503760125032517e+25 1.145970519408701207e+26
-2.285273548851250789e+25 -2.323917691543573590e+25 5.097395612166963876e+25
1.001657692790495004e+26 2.914093870475898322e+25 -4.648759936481335343e+25
7.027323291709412696e+25 8.686607966035440072e+25 -6.049027751010347333e+25
6.837342674352747816e+25 4.141137722208855964e+24 5.347042835657370432e+25
-5.163757656704001360e+25 1.172181539429213584e+26 7.236279057885464405e+25
2.102503761722262415e+25 1.120140449637405244e+26 2.451260296574560160e+25
1.175596438971831696e+26 -3.248919180489826337e+25 3.883042782020034438e+25
-6.907944207073324471e+25 7.083315434225091951e+25 1.116978913003321185e+26
3.083162403544474356e+25 5.926921805506188627e+24 -4.598401122305543625e+25
-1.204438146513084346e+26 -8.876373935145046475e+25 1.278413747346044985e+26
-1.179057052185319622e+26 5.659470974266217245e+25 7.184577368136048409e+25
-4.856288479308229433e+25 1.083229455965224464e+26 -2.075151938332685755e+25
1.217271703680827454e+26 8.704456841026800908e+25 -1.038229760012891654e+26
7.221112702916891900e+25 1.097769219021993459e+26 4.134006974846778194e+25
-1.195535447380970557e+26 -2.493904653695378016e+25 5.110908975293731611e+25
1.230791167997904278e+26 1.705518829210155066e+25 8.414404032142021607e+25
