3.641824959570000265e+25 2.907174918796326198e+25 -1.131442960800825049e+26
-1.104834347247628120e+26 5.010085921156256816e+25 2.421876598643007000e+25
4.464458756479044769e+25 2.304913180233793256e+25 1.071492797002684404e+26
-8.192244481747111530e+25 -6.549038003869477570e+24 1.064983166014352211e+26
-5.475858804703370748e+25 1.032814669527514277e+26 4.910287693364616135e+25
3.799652140837421321e+25 2.457881289214564741e+25 2.074923638619199494e+25
-1.377332472505269108e+25 -9.907496371582585133e+25 5.506718952407228125e+25
4.781593250766948213e+25 1.093596912081105720e+26 -6.508782528909240624e+25
1.043357735433287038e+26 -1.177221917852821037e+26 1.075274916995863595e+26
-1.189725789167966863e+26 1.209765687951915842e+26 9.550389370960612114e+25
9.016060971762887577e+25 2.005800239183087863e+25 6.444286071441322515e+24
-1.183210218972646539e+26 -1.245984385801743682e+26 8.512099569947882732e+25
9.811226546428329621e+25 1.155930025628588687e+26 5.861553760567697345e+25
-3.020285229739480716e+25 -2.796050376794517884e+25 4.848720810436100213e+25
3.233984215819588407e+25 1.104344266104429495e+26 2.666793304953666478e+25
1.108725311779270875e+26 2.806959672179800323e+25 -4.886859026777767829e+25
3.841855941970864552e+23 -3.371932923644013089e+24 1.082008168888149487e+26
-8.036460492812337248e+25 7.451594729929467743e+25 8.646629825183351682e+25
-1.200041760727757554e+26 -1.359614514362198287e+24 6.956244372454331424e+25
-6.530457145267076421e+25 1.123336141432293232e+26 -1.311689807834958700e+25
-8.155533955743590155e+25 -3.758953733675508155e+24 3.565890303830793571e+25
-1.885500419333803242e+25 8.336539066711064720e+25 -2.255396940291198868e+25
-2.747296251110432314e+25 3.386238812099755635e+25 5.406260526866994202e+25
1.218862910384809963e+26 1.392654805664092587e+25 8.049304046670168540e+25
1.078410113883824042e+26 -8.446162758102840835e+25 2.804824821198524264e+25
1.043488469794956098e+24 1.005138748269002632e+26 1.058083463965663309e+26
3.089204062935197863e+25 6.397312125219015500e+24 -4.523237589017921993e+25
1.136907673881093053e+26 8.898038633253379715e+25 1.144545036832551811e+26
1.034646606140455179e+26 9.963226743183933168e+25 -3.126639980469468000e+25
-1.791782439233778203e+24 -1.039443877259836532e+26 1.164483405401322831e+26
-7.042794883149697453e+25 -9.134327092773288152e+25 1.965184569046415832e+25
-1.205416327783587460e+26 -8.936624759841562971e+25 1.279361969081215414e+26
-1.195668109475780544e+26 8.238410029885383648e+25 -2.601908238592456344e+25
1.013825662344702069e+26 1.939223150803917069e+25 -1.109064791832014208e+26
4.734744982391689978e+25 6.012510483742697052e+25 -2.811442078976322765e+25
1.091216904982458547e+26 9.349015461132866131e+25 -1.042188286866980527e+26
1.183553055715089885e+26 -3.413754539426117060e+25 1.158346546468808805e+26
9.480362901014039754e+25 1.615425480737211168e+25 1.242893824331148183e+26
1.251769940755681259e+26 6.109399805255794515e+25 2.509575521605531042e+25
5.183229703369073792e+25 -1.144476293012089268e+26 6.583115976049102779e+25
-1.205422710417439768e+26 5.369564752934105360e+25 8.039961161863250013e+25
-4.600357589070225135e+25 -5.555852456258177392e+25 1.115269125244392985e+26
5.995558974143184746e+25 -4.469112317283585338e+25 7.797152705594025499e+25
-6.707398450790781281e+25 -1.084267037218023895e+26 8.803812030722386892e+25
