6.751930848487569919e+25 1.980057266531384745e+25 1.603152755596465894e+25
-1.192902850387219589e+26 1.203472365114792090e+26 9.572421228605530602e+25
3.579228635494991097e+25 1.135076831527227683e+26 -6.627302442715618026e+25
-5.180873931394121027e+25 -9.691781591521164022e+25 8.925793634836425841e+25
-6.326863299468996623e+25 8.916795566520759864e+25 7.736605533476262447e+25
1.221212428799181396e+26 1.437355369727082607e+25 8.111454251820752041e+25
1.109676438342406154e+26 2.636214194548520844e+25 -4.285726615965624972e+25
-8.842845481161468539e+25 -5.204340619953125028e+24 9.983091517671556892e+25
7.663489091518805072e+25 -1.181705041889690966e+26 9.425666997696117766e+25
3.637088768035091141e+25 1.113797832322873346e+26 4.145349664640217281e+25
-5.221153535927363629e+25 1.062120601257181069e+26 -1.284529938532543097e+25
2.823103765489204050e+25 8.575543040402155547e+24 -4.893686374411224327e+25
1.108510225155474533e+26 9.090650301970901058e+25 -1.055079757829265928e+26
-7.203037179690097546e+25 -9.376560117007093933e+25 2.180421476734509633e+25
1.248384604498392516e+25 6.099514529447864378e+24 1.071247322886588904e+26
-1.161608182376224803e+26 8.203858689697511865e+25 -1.488967324745263397e+25
1.097122888181781915e+26 9.811168488811999291e+25 1.044071306989681259e+26
-1.188942265226045191e+26 -1.091619224230281849e+26 1.068040229186815293e+26
1.240902410113430995e+26 6.772336933481018486e+25 2.273078700127128343e+25
-3.140117204857345725e+25 -2.855945244442147775e+25 4.840384602286850689e+25
9.000265729362585609e+25 9.609888335490980370e+25 -4.204794658069588707e+25
8.968630092320858169e+25 1.632904258507078033e+25 1.227757697727736507e+26
7.596694092890720800e+25 2.073218427757978730e+25 -1.154168268633233223e+26
-1.183230448411744092e+26 4.984456005777958536e+25 7.636173278272121648e+25
3.526425803942289796e+25 6.010771486260187319e+25 -2.364022646936967782e+25
-9.455499301413725773e+25 2.390330206863778986e+24 3.535729672420814262e+25
-4.385688161833967487e+25 -5.092555729363542904e+25 1.171839209903095490e+26
6.565857371804191714e+24 -9.869288327838847671e+25 5.580011916105171256e+25
9.890630818618048042e+25 -4.115486080936079550e+25 1.037566640716947750e+26
1.024798780521131498e+26 -8.372127502079911780e+25 3.061637704608992512e+25
-2.350675746722798518e+25 3.457191637764489130e+25 5.096526435910388095e+25
