1.068983958916094457e+26 -1.166286305730174727e+26 1.093621384558606708e+26
-2.628152168642112614e+25 4.027616528470352054e+25 4.959624524958867001e+25
9.817830195386528282e+25 1.949546904281602612e+25 -1.138380800391319318e+26
9.006454809589642957e+25 1.680546250918259271e+25 1.237950977142999918e+26
-5.071629722560401791e+25 -9.238454752685029604e+25 9.396480276456904895e+25
6.631731008988891149e+25 9.454601899456563218e+25 -6.914115564005232859e+25
-1.192136297906713771e+26 5.574665594806719132e+25 7.604750480124478399e+25
3.711747310999864237e+25 2.556727226201519863e+25 1.447755657410616031e+25
-1.144095942859545384e+26 8.395302235818075040e+25 -3.983946544540358252e+25
-2.523061652614520390e+25 -2.391180997021463660e+25 4.682443317425108540e+25
-1.188188859113422418e+26 1.209635037274915687e+26 9.640006852276723287e+25
-5.093158306073655728e+25 1.086372508889052421e+26 -1.902768541878803468e+25
1.297513458795345749e+26 6.438588475073333638e+25 -9.627622507950837225e+24
-1.225495189226207074e+25 -6.585523480583843105e+24 8.936779970584974062e+25
-6.953915693385740150e+25 -1.096386498894754359e+26 2.260865721472312258e+25
4.672781606428690853e+25 5.975205797088808464e+25 -2.809551860169848725e+25
1.124605925587127725e+26 9.109297426884346456e+25 1.154494874188777570e+26
-8.186187176310523821e+25 -8.381998673187002443e+24 1.046122002332551539e+26
1.206113925815326872e+26 5.674622274247042471e+25 4.606941717472849692e+25
-1.109172907609161576e+26 -1.246897275667713812e+26 8.865672389869326970e+25
4.461747771770301902e+25 -7.847449101079591866e+25 3.638796236624500303e+25
-8.777960805579683193e+25 6.417634407163276063e+25 1.154075182540242732e+26
1.123011330800309296e+26 2.532039871412015681e+25 -5.593742340476541018e+25
3.137465672165250539e+25 6.118387260615663001e+24 -4.636119807316470204e+25
4.141896430789002794e+25 3.465685176451061125e+25 7.595453885888809688e+25
7.640950931607515467e+25 1.011909144109699613e+26 9.804362970654063876e+24
2.647631787950387979e+25 1.214047718337376532e+26 -6.003535865993099676e+25
-1.229266395558557291e+25 -1.016495527623816452e+26 5.739820096510760242e+25
-4.443022944197622803e+25 -5.117161022878711978e+25 1.178723008739703836e+26
-7.840431974749329083e+25 1.108988637883740934e+25 3.982360548111585923e+25
1.201843783030424958e+26 -3.333491071280836218e+25 1.165167342900119817e+26
-9.570289401342478879e+24 1.087595015094287272e+26 9.732100590192239424e+25
-1.695122392195509036e+25 7.179285045956827732e+25 -2.151653212516803093e+25
9.666678844320729258e+25 1.190372963115465314e+26 6.110130841703850012e+25
1.233757275677491420e+26 1.573470390579607683e+25 8.608985979654184661e+25
-8.666206410414538220e+25 1.151675419657935922e+26 5.229708487752604161e+24
2.160247401557511625e+25 1.205754058730914517e+25 1.213506980543330978e+26
-1.198267846245910372e+26 5.735456104505222903e+25 1.367304786217108144e+25
-1.207050977065053871e+26 -5.822894066886489754e+23 6.944625305801741175e+25
-1.213735412952726484e+26 -8.861397787628470867e+25 1.275292381955832177e+26
-7.602074584963942707e+25 -4.479065735604962228e+25 2.872788668715730598e+25
1.151030752945978458e+26 9.497594821126894362e+25 -1.093616325097193239e+26
1.034975713055962374e+26 1.044657898307755340e+26 -4.113296836768701119e+25
3.508348537706039164e+25 2.805422632737890279e+25 -1.139422613936935089e+26
1.118972800055519971e+26 -1.032532876872547876e+26 2.802192072411670527e+25
5.308924079301486885e+25 -1.189657501716384689e+26 8.182758621531683253e+25
2.347860323458730222e+25 1.112586106793418662e+26 2.665997354477792252e+25
9.661062835079212615e+25 -1.246604305310322085e+25 4.042472771494602749e+25
9.012006381258681366e+25 2.439728126797241096e+25 -2.223636844144107792e+24
6.139314851336595228e+25 -4.415065166807988319e+25 8.978066714587668982e+25
-6.869851510322939504e+25 8.697086172144486549e+25 5.842059613444751980e+25
