7.639993233292762326e+25 -1.204432512610219094e+26 9.365669475880696577e+25
-2.148751420532968704e+25 8.010918395935764182e+25 -1.954572502026556717e+25
-1.039333371155678827e+26 3.384995975357491659e+24 6.396373192181035357e+25
1.221780227322582003e+26 1.280533940766014194e+25 8.106618718443119306e+25
1.138715135702896619e+26 9.811393213049017610e+25 -1.089434842203437131e+26
-4.561699568359803035e+25 -6.323295926596729104e+25 1.095345497064541141e+26
-6.913913122917149664e+25 -1.051183562928124516e+26 2.289443569185207220e+25
4.594325291629993164e+25 5.964194448219816106e+25 -2.723236328677798963e+25
-1.153453114658166880e+26 5.720842167816033797e+25 8.341864498013369126e+25
-9.967777263219264398e+25 -1.218497678538743954e+26 8.835101394845062252e+25
-2.887138454609948185e+25 -2.955757200972653912e+25 4.889076681043580011e+25
-1.728975807724525892e+25 1.028668577787162744e+26 1.013825446201170057e+26
-1.142318835265692786e+26 8.539278737842235743e+25 -3.789546463743523055e+25
9.509112088538552064e+25 1.183043464983342113e+26 6.139061767369214199e+25
-1.183828971008987808e+26 1.207212849868259574e+26 9.593438174930725680e+25
1.075292499509047408e+26 9.778968683641138146e+25 -2.754275554288336804e+25
1.152396787568781916e+26 1.687234626097020533e+25 -9.245566570646335489e+25
9.486895469141143849e+25 1.585515243434990798e+25 1.242706516172913681e+26
5.712095003623446419e+25 -4.908400289659045112e+25 7.597020684539052294e+25
3.127301010502539173e+25 6.380040997736957933e+24 -4.428544997931788238e+25
1.133731903253524327e+26 8.862945703006285913e+25 1.148466407701666899e+26
-6.536525414244729604e+25 1.126780045828112366e+26 -1.018369374843099131e+25
3.916649790350422882e+23 -3.775150156159324648e+24 1.082793961396986711e+26
1.052469593764754570e+25 3.833302149034200564e+25 3.368517834222944588e+25
-5.816216286606938654e+24 -1.030690868038669741e+26 5.856973986556599394e+25
2.590290926048159535e+25 1.209579551600822867e+26 -6.065887768039809159e+25
-1.216892519389771302e+26 -8.973018384825793736e+25 1.255727918349096566e+26
-1.180558194550813019e+26 5.828574953674955311e+25 1.566229845969375139e+25
5.137664800522791252e+25 2.656354251674623564e+25 -1.165888893477567993e+26
-6.810175380030500330e+25 8.678482964555301960e+25 5.864745725102545412e+25
-8.243892615585537831e+25 -2.519086413146369234e+25 2.302683937064783644e+25
7.462029197727470682e+25 1.916253386530312332e+25 1.274990498408564443e+25
1.218240037931323320e+26 5.899378743360500921e+25 3.544207419373054388e+25
3.209446471212798768e+25 1.107120075855022257e+26 2.767462972969821300e+25
1.057114580194425876e+26 -8.824397559286104976e+25 3.002546080700143960e+25
6.744931976144895291e+25 9.518405470545731161e+25 -6.731236424269817170e+25
1.182785643877918208e+26 -3.690536909128029599e+25 1.151556301614282225e+26
-4.163991149020031923e+25 2.293904910158714150e+25 6.094192519852482641e+25
4.486519093771999870e+25 2.331083812335270202e+25 1.073844508871710712e+26
-8.146553470319487566e+25 -3.443719191411718990e+24 1.160773504072845169e+26
1.093433675865273662e+26 3.127685501138071169e+25 -3.033474254316322594e+25
