8.274836518943668923e+25 9.973115359558524952e+25 5.202714916354708209e+25
-6.695587274877115008e+25 -9.150259768336642187e+25 8.026279563983998275e+25
-9.112782734710286974e+25 -1.046229137467083927e+24 5.566440867401827240e+25
6.314904090787009533e+25 2.964721117576726802e+25 -1.515850056793963696e+25
1.051267459563828187e+26 1.158616092118630733e+25 1.020621959242928253e+26
-6.440261428315203553e+25 9.614741253252910978e+25 -1.236188817007134568e+25
8.408907103023449680e+25 7.056525863469579699e+25 -7.724014741816890258e+25
-1.046814332299068989e+26 8.461089272094247051e+25 8.225095668849721586e+25
6.809205351286826210e+25 -9.569055750494549240e+25 6.899787192298388787e+25
-8.270396527121584215e+24 5.858481260113401536e+24 7.911986809247544453e+25
