1.056932480423788338e+26 -1.168055294771431774e+26 1.091180190620398079e+26
-8.330876306985835196e+25 6.453045251217365303e+24 3.621023741960044536e+25
6.989912887396066051e+25 9.278051138467987846e+24 5.697777664272022962e+25
-1.775553426392877504e+25 7.090654248314849768e+25 -2.133304877345555119e+25
3.276084111601829394e+25 2.307087353141027268e+25 -1.121271171246709976e+26
-4.519267984056008127e+25 -5.768962523244359273e+25 1.121301207244966101e+26
9.004074731304671940e+25 2.425802833479109541e+25 -3.554348864292795116e+24
-6.788531114492534728e+25 8.617038560118421330e+25 5.749838985048021005e+25
-3.835187356041582408e+25 2.445331619827191394e+25 6.261283669161279475e+25
6.935535530319099606e+25 9.000634494081994454e+25 -5.965779336195580920e+25
1.151427714089907607e+26 7.189110457138299503e+25 1.138262487550299510e+26
4.942791084287067093e+25 -1.184283564917530485e+26 7.432341083546987816e+25
-1.144214213111939897e+26 8.394384769559769441e+25 -3.984445405450037611e+25
-1.218662378027515232e+26 -1.067250517682624705e+26 5.557084454186250949e+25
-2.445216149474210848e+25 -2.286451001156117721e+25 4.794330021975886600e+25
-5.104132933525383482e+25 1.086060029554922337e+26 -1.907843061828633807e+25
-1.204557509633271202e+26 -1.493796343533793098e+23 7.001800641391027782e+25
2.726062756181927296e+25 1.717211607497900667e+25 1.178705052557890693e+26
4.528896385393584989e+25 5.921661652462263280e+25 -2.709117063469301294e+25
1.257862513262245920e+26 5.368406878756282034e+25 -2.473398861365999854e+25
3.984821221495967035e+25 2.527428019565086966e+25 1.135309353810068695e+25
1.187496961506633482e+26 -3.155216561597874459e+25 3.944724446748710349e+25
-1.003460541805213233e+25 1.085775092233057155e+26 9.730497713217041930e+25
-1.187223842698692657e+26 1.209505975345872565e+26 9.631858466117525085e+25
1.214269777598128744e+26 6.038687855644388753e+25 4.237137301174015163e+25
1.108174070933849680e+26 1.503386040809225130e+25 -6.909063423437977033e+25
9.082917522537036889e+25 1.632459118823263361e+25 1.238432080450073039e+26
-1.215925809543120671e+26 -8.192005767697710772e+25 1.276751637193467875e+26
-8.853105794766965443e+25 6.472290406374574475e+25 1.155553297697592125e+26
-1.376562651709684063e+25 -9.938859831371037404e+25 5.779107433024775727e+25
-1.143172322544639872e+26 -1.300318502183717903e+26 1.055544586414801479e+26
-1.198405800462313906e+26 5.763932409099128995e+25 1.367928317343250728e+25
-7.594809553358731203e+24 -1.215413693336570390e+25 9.910112375330465839e+25
1.189747674550721786e+26 9.238536849963575191e+25 -1.066256980939339946e+26
1.233447564130786423e+26 1.490893957775560587e+25 8.494830625149664048e+25
6.044034279171600917e+25 -5.143128668964118979e+25 9.169626320658746970e+25
-8.669368133747666004e+25 1.152479676372066119e+26 5.250389182577629928e+24
3.109502221117076229e+25 6.045335988178825760e+24 -4.599119364681942349e+25
-8.128215919512242523e+25 -8.795025483081580250e+24 1.048138055396335605e+26
7.184958560912344395e+25 1.072930470097200529e+26 3.430132755683748500e+25
-1.191203714881777434e+26 5.577560753034999007e+25 7.594475045364485895e+25
-6.375568751702774047e+25 -1.093294252217436401e+26 2.149858932728589069e+25
2.095808145639154574e+25 1.126378077673293478e+26 2.373384719044455048e+25
-6.081363802940474235e+25 -1.086903853643950726e+26 9.452316746739903804e+25
1.081278027695816728e+26 1.217653904426106032e+26 9.528530693970215815e+25
-7.019858168308284681e+25 -4.776612115473235233e+25 2.741236760207850033e+25
1.964403498066776540e+24 4.916900999137044725e+25 4.478346468086527841e+25
5.097872978431142706e+25 -5.604486207952274920e+25 3.071818758502622476e+25
9.182248103684178890e+25 2.107906513757264975e+25 -1.197371409271406947e+26
2.687870682882717006e+25 1.211760216529981395e+26 -5.626210469921964902e+25
1.197208282623258247e+26 -3.301260811801634367e+25 1.171117190237161512e+26
1.033634348323224157e+26 1.050197503170122621e+26 -3.417008647384278468e+25
1.099090099356565556e+26 -1.109623400526878925e+26 2.606641689207679446e+25
5.493737519963180648e+25 1.027523971371973070e+26 -1.083627687284308390e+26
