-1.177944601157470672e+26 6.828025072545462925e+25 -9.554659610120100327e+24
9.139032633360244268e+25 1.248443638054925277e+25 1.218732731476002500e+26
1.236987722771743309e+26 6.835343230006903596e+25 1.542449383929192231e+25
-5.460991302494975473e+25 -4.314971209419250612e+25 1.127431516492377048e+26
-6.059500309142060745e+25 8.315492421782541983e+25 7.815429017438964547e+25
4.648229181150751322e+25 6.181537828470343373e+25 -2.676051130124269942e+25
7.153216069200231790e+25 -1.018427076477272562e+26 5.310072595585907489e+25
-7.910103615741355334e+25 1.133725687336288315e+26 4.143615889600014616e+24
6.722686401016647700e+25 2.440636497975103384e+25 -1.179679803659420915e+26
1.254124594805086788e+25 4.323525748835099953e+24 1.078013305459235106e+26
-9.268479793713770557e+25 -3.365552991085928989e+24 4.661140883290441028e+25
9.898350586805553662e+25 9.822172486090407445e+25 -6.762936554490967861e+25
-3.050419887147479468e+25 -7.293026591885533764e+24 5.366347004245311798e+25
-6.928653847099955310e+25 -8.790751405536996437e+25 2.320009870229259759e+25
-1.087150859378889019e+26 -1.097322124100056323e+26 1.037722663137666752e+26
-3.776762923353372901e+25 9.623204927763755585e+25 -2.125210699822664100e+25
1.091140651492486181e+26 9.770965825368839452e+25 1.033514459023621063e+26
-1.526207642924152707e+25 -9.920248944529533013e+25 6.900311060969155023e+25
1.002710039720651196e+26 -6.996945101306535941e+25 1.048990304431980712e+26
3.848841561917017066e+25 1.134071187891390624e+26 -6.656086678654142932e+25
2.983247187087600702e+25 6.781967052062699154e+24 -4.345861876546332037e+25
1.129372958656230497e+26 2.603763775645024295e+25 -6.004377459848331641e+25
-1.186617936283538977e+26 1.199037764346161179e+26 9.599175604043906755e+25
-1.181517893036032090e+26 4.566864254636497158e+25 8.086818894173218989e+25
1.214871405940325323e+26 1.223474775808825999e+25 8.042087023814570413e+25
1.002887845571302857e+25 4.097684393570960615e+25 3.740879332702729850e+25
8.114104977715519986e+25 1.792105015943323269e+25 9.792706700142882413e+24
3.954793564222102843e+25 1.127498694732994604e+26 3.674498196858619368e+25
