-1.031147896926072687e+26 8.505654271904275923e+25 8.434492860316243182e+25
2.745129845709780849e+25 6.759060237096885014e+25 7.630391636549634286e+24
6.996767485583080405e+25 -9.274736347169409254e+25 6.921935667831156114e+25
1.048068512917181912e+26 4.329478189624086993e+25 4.432631148957957890e+24
-6.791445580232580463e+25 -9.387769342099424362e+25 7.858774922238544683e+25
-1.043019731247406405e+25 -2.612239639950291406e+24 8.591959274458551307e+25
1.042419640443694418e+26 2.349863582495686667e+25 1.046504072800257182e+26
7.244784954248156032e+25 1.758295092331860461e+25 -8.451549579719193631e+25
7.465085235215432908e+25 1.026792912728095585e+26 -6.503845802906474636e+25
-7.907516627090915337e+25 9.595202624455020814e+25 -1.070299059235970719e+25
-8.965939942049590858e+25 6.296520233530844355e+22 5.460220005937745793e+25
