3.886732154606885179e+25 1.133562549400999921e+26 4.011810061170338494e+25
1.399360655157167254e+25 3.866232925469772086e+25 3.684534698215016587e+25
1.221879115400379650e+26 1.485160568073572947e+25 8.137908797369506876e+25
-1.200175372693339229e+26 -9.208714646128638538e+25 1.270245858647097117e+26
-1.178004220707469409e+26 5.629239387075171763e+25 7.533010166581567349e+25
-4.961770925007901501e+25 -4.890781282048407426e+25 1.149812738581796260e+26
5.110999035535428029e+25 2.692383767287430140e+25 -1.159333442904136772e+26
-6.926200486451707554e+25 -9.220698059800528839e+25 1.963543868162686814e+25
2.297325740770960163e+25 -1.060183665926371469e+26 5.121653881241522308e+25
4.829361857029510307e+25 1.090490012957254857e+26 -6.483778895812296062e+25
-1.179344246745325765e+26 6.012487876548716929e+25 1.502375857328573180e+25
-6.561982583903184440e+25 1.121815507416594947e+26 -9.557029291325587259e+24
-1.188659834416717026e+26 1.207779856668957072e+26 9.574859795840440034e+25
-1.091355064011634024e+26 -2.451013897690865597e+24 8.105147903275470266e+25
1.149056086767052578e+26 1.497793355001366872e+25 -9.195898806316387917e+25
7.635662898460210558e+25 2.019507679735413791e+25 1.297234543933941419e+25
9.489219038154320043e+24 5.627621061377137995e+24 1.098982339802558658e+26
5.817843463887730848e+25 -3.874215871915293837e+25 7.810503549710425970e+25
-1.018364257829525561e+26 -1.213303968068761742e+26 8.505472144411679030e+25
-3.018426206449413433e+25 -2.865082986564616200e+25 4.880567300450788475e+25
-8.523423729376987930e+25 -2.263225813953678670e+24 3.401048483755556566e+25
-5.652665067006549436e+25 9.563822327955166294e+25 6.736333812728791501e+25
1.183906602885420837e+26 -3.547250727161958589e+25 1.156394291453385772e+26
-3.907498476873141741e+25 2.663665754169661687e+25 6.096414525640529612e+25
8.726615437856368425e+25 1.783943416784663864e+25 1.225750657984908250e+26
4.711069292790066597e+25 6.019183574828125478e+25 -2.804587026640093597e+25
1.217398288966201552e+26 7.729617782815479699e+25 4.198743661554722589e+25
7.893597063998691173e+25 -1.194038367730819932e+26 9.604179506220092818e+25
1.069169505338979338e+26 9.531412125811653968e+25 1.120384223802917829e+26
1.092687107155782612e+26 9.254699328606776147e+25 -1.037134907610107415e+26
-2.961501217357095037e+25 -9.538024226144987448e+25 7.399794173535944449e+25
-1.774152748439616261e+25 8.489090137770426472e+25 -2.000160547840617203e+25
1.079727658276733431e+26 -8.670699198408771017e+25 3.047313359285554800e+25
3.108436314730247944e+25 6.384197937956336200e+24 -4.288431802032118637e+25
1.064064907618031677e+26 9.776865770334075858e+25 -2.862432605765468999e+25
-1.138967792005170009e+26 8.528456074991933047e+25 -3.843499130120433718e+25
1.112146060487801119e+26 3.271934497810187313e+25 -2.813156430483549576e+25
-8.317978698768316140e+25 5.526787661879269914e+25 1.184763238919985376e+26
