-2.236038467565398413e+25 2.216669174015906703e+25 5.102174207905627113e+25
2.931770483761977678e+25 1.096138429462576590e+26 4.309269252976498084e+25
3.616424205810113433e+25 3.471879623435814928e+25 -2.211399178424557458e+25
-1.085762457134147695e+26 5.062186006062536686e+25 8.050146891835163807e+25
-8.905542409836757996e+25 -1.029485265831526528e+25 4.378185450083707858e+25
8.865479801144109765e+25 2.613339274064466758e+25 -1.011576566947737741e+26
-3.788082405900277752e+25 -9.782177254016280791e+25 4.468158180650169267e+25
7.201319480230914037e+25 1.047381721508071351e+26 -6.155485314217151828e+25
-4.898534472865152385e+25 1.041686678385003980e+26 -9.629718078713495686e+24
1.037323206541559652e+26 3.523838073389377302e+25 -6.128052552249261072e+24
7.627981104432246171e+25 -9.433184168097214629e+25 7.125306205796970957e+25
1.108909050883274546e+26 6.534930569379441063e+24 1.004718444145316748e+26
-4.088148191060465608e+25 -3.955063802994391502e+25 1.013617397069741412e+26
-1.083454029327118063e+26 -1.087214803263817555e+26 1.013699086968923735e+26
1.140068571302527676e+26 8.991737973785813184e+25 8.446587061554948558e+25
-1.050592525062234594e+26 1.166595276648643621e+26 9.285108507227677699e+25
-1.152201090224967943e+26 7.431900585451894844e+25 -8.597238653177205512e+24
3.066043826705926594e+25 1.463703210180008501e+25 1.104142303049201999e+26
