1.081984389911087728e+26 9.328215434677824754e+25 -1.040696025032000604e+26
1.056797541131996461e+24 -4.268258112603789235e+24 1.071878307644030381e+26
-1.199811106025012856e+26 4.739421049692654575e+25 7.751462262117801424e+25
6.726976658366630327e+25 1.942444645381147878e+25 1.698581138095829515e+25
-4.975724684741551596e+24 -1.006339388282916169e+26 5.907091760678728626e+25
1.096305477216524220e+26 9.489483272676529498e+25 1.113195460633568483e+26
4.547995818829163572e+25 1.089808913625885447e+26 -6.398189045602209255e+25
-6.027463185314518003e+24 4.695465182107906320e+25 2.803075092466578506e+25
9.935454316717258617e+25 1.237834036840452387e+25 1.250035217676221493e+26
-4.602444052215505051e+25 -6.334874326394553122e+25 1.087411294290979476e+26
9.405581029607072049e+25 -4.491252884586349500e+25 9.911512676735062249e+25
-9.542965878367666761e+25 2.431806683547025493e+24 3.496976761551938430e+25
5.166496716319000628e+25 2.693620204584788938e+25 -1.162516468682416635e+26
1.221774185084048267e+26 1.419438104335066126e+25 8.023595481316628070e+25
-1.163939484952687095e+26 8.177707465746696641e+25 -1.481042078862975805e+25
-1.095770703934153446e+26 -1.110891945584682407e+26 1.031739250004920699e+26
-1.234998026267978175e+25 1.069586460640557944e+26 9.497321005067867458e+25
4.318988354850287843e+25 6.119680975149211231e+25 -2.731207033972067286e+25
1.155272686532956391e+26 1.600423747777069954e+25 -9.094801381640092776e+25
1.215263554711381141e+26 7.700296899366003658e+25 4.144067198988029760e+25
-5.223883452114427506e+25 1.068761390833907657e+26 -1.395595100091720100e+25
-3.221452628538929754e+25 -8.387707860312272444e+24 5.381620174645031640e+25
7.664775733448541546e+25 -1.193290953420480169e+26 9.344619081357667294e+25
4.190256147726193273e+25 1.123094915697216815e+26 3.028571217513383158e+25
-7.211456598713352992e+25 7.840045129591596758e+25 6.984694977336127046e+25
3.134886695080041505e+25 6.456327661080109323e+24 -4.446051227783705144e+25
-1.183602656235454413e+26 1.202218142515333213e+26 9.552210449562014473e+25
1.080424307196757427e+26 3.027171362625558632e+25 -2.443460973509271630e+25
-8.776793952397347437e+25 -7.083826297116351338e+24 1.024937203756459200e+26
4.601944827586531397e+25 2.294586515894888313e+25 1.066149184732904200e+26
-6.966557795187324375e+25 -8.827136232551637575e+25 2.418878312365702377e+25
9.348388370250053235e+25 -8.335880323656266440e+25 3.141673013440376199e+25
1.079535979349556020e+26 9.599556800783842516e+25 -3.122736042484043403e+25
