-3.459996157590122261e+25 -3.011053258835361388e+25 4.463011836957411600e+25
1.218619785806985779e+26 1.465582918066860045e+25 8.102236721759806682e+25
-2.756010292047563400e+25 3.714443493003049481e+25 5.095106482779102297e+25
4.282950476246985073e+25 6.120647144425766685e+25 -2.655226430849165670e+25
-7.364385062836815994e+25 -9.481353893949791857e+25 2.179262922824451253e+25
-1.198065854850328975e+26 -2.396657556266936105e+24 6.934331712814328723e+25
-7.330460164041207122e+24 -1.251234284197010970e+25 9.487462529019421197e+25
1.051923740192486667e+26 9.751434026445233207e+25 -3.060497747757070247e+25
-1.194001901546544712e+26 1.207536492530454429e+26 9.589055961344623942e+25
6.426859883943795631e+25 2.254744698870570574e+25 -1.184815939804659652e+26
-8.717855952970363799e+25 7.411944171674201900e+24 3.159584388673567028e+25
1.227754583396136763e+26 7.686538701600356752e+25 3.799450215339918112e+25
1.033470940575255722e+26 -3.652447442271186986e+25 1.076799882662440014e+26
9.164538152333740878e+25 1.686661604907737605e+25 1.229762164665638233e+26
1.041579634239818816e+26 -1.195215738474063350e+26 1.041804315289863452e+26
-1.161447541324631085e+26 8.292347737749521492e+25 -1.542993753727453507e+25
-6.216377691432952946e+25 9.061668992878836221e+25 7.859136889571671537e+25
-1.098434243750987402e+26 -1.112121255270564912e+26 1.038952610043720244e+26
1.133941123068769855e+26 2.349175337200929751e+25 -6.484677345320889874e+25
9.688458799212027432e+25 2.572689791622815647e+25 -1.081055006796433423e+24
2.696466764511999296e+25 2.085881905887962833e+25 1.144759962673879606e+26
4.489876752737327422e+25 1.082890112016869035e+26 -6.485286810330130472e+25
1.030957518748426210e+26 -8.032196594878079657e+25 2.809638375401976183e+25
4.859746604158923752e+25 -1.006378401032768390e+26 7.346680574323199800e+25
3.581358396760637792e+25 1.116646105142872906e+26 3.816111883901278143e+25
4.550329425629922721e+25 1.815101386766037406e+25 2.609815196639434638e+25
1.089223504635418763e+26 9.147625174206325247e+25 -1.044395751680500137e+26
2.622023475475161502e+25 9.797079206048792964e+24 -4.511522001725986656e+25
-1.175062839636003999e+26 5.643271823350128991e+25 7.574702972447536377e+25
-4.670279060199035588e+25 -6.465351415271512476e+25 1.101346268351489474e+26
1.077705426309233501e+26 9.559397005303255670e+25 1.111592676942298995e+26
-8.228206888618200548e+25 -6.003984716787384989e+24 1.068947820771759519e+26
-1.504939292068996707e+25 -1.025492162062594057e+26 5.777320859879066491e+25
-5.099959943500734499e+25 1.052708159928553503e+26 -1.270653898814762139e+25
