6.457156162748687234e+25 -5.310812042263956213e+25 3.184834074798257227e+25
-7.957368653455299316e+25 1.537472956963693684e+25 5.056520250739371879e+25
3.149218742212947072e+25 1.202667802051442217e+26 -6.219949978516026414e+25
1.238346999672421928e+26 1.298173680754463050e+25 8.270091655197086057e+25
-5.939807400857155813e+24 -1.058630388452931862e+26 5.305977927257503565e+25
-8.263934849547539954e+25 -6.671212570328217976e+24 1.072663695234582106e+26
-6.521370152772115646e+25 1.126378208469388365e+26 -1.238697264273724827e+25
1.294464543133055513e+26 6.025137873562889806e+25 -1.276101146420348188e+25
-1.216655819115660438e+26 -1.061882611889491757e+26 5.502959389366164256e+25
3.241327052338797961e+25 1.114437830196284213e+26 2.676211196313686159e+25
3.342540027704499328e+25 6.402953888325128738e+24 -4.957976712960048848e+25
-1.190216317423869581e+26 1.210593145895515261e+26 9.585137866689340630e+25
9.873049615431786235e+25 1.992583606483986718e+25 -1.144145329039573705e+26
-4.170757385914200374e+25 -7.645273294020658562e+25 8.122415621281478452e+25
-2.766164938072869379e+25 -2.681346212515651761e+25 6.083298126332507322e+25
-2.088280774379491041e+25 8.117489377536742159e+25 -2.139784369722492190e+25
1.149790375900425072e+26 -9.661301395904182773e+25 2.978572514605389786e+25
-6.386222239453020512e+24 -1.026442885086069928e+25 1.002511745294458759e+26
9.165411614877468292e+25 1.708596942686100605e+25 1.236087473325824138e+26
-1.143576373740284782e+26 8.525827328852153058e+25 -3.816491875765078197e+25
-8.111469975752685342e+25 7.499111753615708481e+25 8.621937864092187764e+25
2.829198262843048893e+25 1.613000743321046244e+25 1.180468817027047822e+26
3.602581382909062889e+24 4.992784101712889708e+25 4.545551835090523323e+25
-6.504260021023581994e+25 -5.319317653858911259e+25 2.534148108642132284e+25
1.114344716428799940e+26 2.445226096005324866e+25 -5.778554252457026781e+25
4.498982420394086333e+25 5.951546739087850830e+25 -2.719374833063714844e+25
1.134873113656572165e+26 9.771106402337586993e+25 -1.085953177090887470e+26
1.133235328747724826e+26 8.906634816811848935e+25 1.148640636450645087e+26
5.356394545851985153e+25 -1.194838753093325555e+26 7.676794982307981316e+25
-1.215726803960202635e+26 -8.194525895946605247e+25 1.276232845714134384e+26
-1.060988151710545875e+24 1.019980430628647168e+26 1.082128452819691565e+26
1.194229648630747040e+26 5.799270881640964676e+25 4.459865312824897034e+25
5.661797953548285623e+25 -5.620772506954569407e+25 9.082480549267499183e+25
-1.206696779917315713e+26 5.376092284418711729e+25 8.008895572323129409e+25
-6.372130385263676266e+25 -1.099120785365920842e+26 2.189617228876107150e+25
-1.186134037302443979e+26 6.096368096790900736e+25 1.518020540685095614e+25
1.061562434415768396e+26 -1.176510893059735865e+26 1.099846674127620664e+26
-8.913675731503608643e+25 -1.048856969993969747e+25 2.306741286144627154e+25
9.958890192574741828e+25 1.044912575431549369e+26 -3.080486200041205193e+25
-1.216146537696928126e+26 -1.008197213401268072e+24 7.067830510836034098e+25
-6.270075127577732554e+25 -1.140245033547616510e+26 9.700183964362188833e+25
-5.490965627736571353e+25 1.023668352757547270e+26 4.919243082818498040e+25
3.522709613393858438e+25 2.943526684675311398e+25 -1.145154326502404434e+26
-9.597625216668737032e+24 -4.018240062146295158e+24 1.248946072849506733e+25
9.179895227187083422e+25 2.249854585477968710e+25 -8.561607570736747202e+23
9.747421881459065814e+25 1.180107817945522141e+26 5.856412293171110931e+25
-1.152179742671246324e+26 -1.299896956794551735e+26 1.053989397197615882e+26
6.991976478999285907e+25 8.917226602108523794e+25 -6.556327337637101645e+25
6.978886503998063826e+25 5.548458647170183279e+24 6.092806219743705549e+25
-3.578025611170644843e+25 2.594287916006199077e+25 6.249889471582827225e+25
4.396670187869016433e+25 2.742468909992049335e+25 1.098898457624170085e+25
1.187958068434325711e+26 -3.355856375558243582e+25 1.155668858356203537e+26
-4.542483132165921305e+25 -5.301297025012468318e+25 1.194875943533513113e+26
