1.033387119401814252e+26 1.269105439876662399e+25 1.037861247591415066e+26
6.941770785430374440e+25 1.047697672582722162e+26 -5.929057788839458661e+25
-1.044003521460013340e+26 8.459925771864346374e+25 8.421633061487695652e+25
-1.054322922259731173e+26 -1.065139290580994562e+26 1.015323268382347384e+26
1.056956797274442485e+26 3.778878269331737697e+25 4.803865873443977922e+23
-1.973246950733661585e+25 -1.311192605287204304e+25 9.758852279153395121e+25
-8.890039454834693734e+25 5.777119433360273201e+24 5.163278773310759721e+25
8.727286912625311717e+25 2.592890332387667548e+25 -9.724685338260319999e+25
-7.611751759569637497e+25 9.679154202218436659e+25 -1.020973368410905099e+25
6.449014178657375834e+25 1.072134640884945888e+26 6.773647374542321325e+25
7.672757714208915193e+25 -9.296182099275443140e+25 7.141794266946721583e+25
2.646619928810565580e+25 3.888422983965257127e+25 -9.226510166790061311e+24
-4.075098016149752129e+25 -8.840791636824996670e+25 4.867001412649916499e+25
