-4.432030397123866247e+25 -5.666463739265309067e+25 1.120479355265102368e+26
4.694409471030019108e+25 1.093757867050546905e+26 -6.567550576533805912e+25
-1.201558836133243895e+26 5.435560152805191969e+25 8.031105776817185726e+25
1.300456528134654907e+26 6.459340805407333023e+25 -1.466739122527208905e+25
5.766692567173596953e+25 -4.911583701315066969e+25 7.847495023631365142e+25
-7.458971660044108406e+25 -4.012934271446344617e+25 2.952689888426388782e+25
8.897232224041766132e+25 1.717361729491435856e+25 1.224239018833896392e+26
-5.554309473810226627e+25 2.012422792747446286e+25 5.523883478025217497e+25
1.158138577539544217e+26 1.525557961103147759e+25 -9.248447257822469801e+25
-5.890245263112345206e+25 -1.078237072957513437e+26 9.385537281659341638e+25
-1.570396921063865928e+25 7.857470639380823206e+25 -2.235624968411645591e+25
7.651739018518824635e+25 -1.207990021796381556e+26 9.395321075707546342e+25
3.471501547681873091e+25 7.067145851616990400e+24 -5.186272832455308332e+25
-7.946079601139091816e+25 1.109174394656061617e+26 1.318124589450537504e+25
9.683468296034353943e+25 1.179249177024759659e+26 5.858486338993900865e+25
-7.940458546817154633e+25 -5.237557099138370215e+24 1.126968774433760189e+26
2.074112692095214047e+25 1.246806598882024012e+25 1.141756069562182769e+26
-1.198610982130513302e+26 8.088038332249611049e+25 -2.622496873731322137e+25
-1.192018060601515897e+26 1.208889320510621571e+26 9.670617992296894538e+25
4.701626896181498610e+25 6.003639289871762307e+25 -2.762072583648001284e+25
-1.961335687612873885e+25 -1.638556654374392070e+25 7.408497873921891993e+25
1.222743031445663738e+26 1.233362190803646803e+25 8.177855227384849155e+25
-1.162252624457584424e+26 -1.299336198717694225e+24 7.162775159567118768e+25
7.276816338076277191e+25 1.948348755972424652e+25 1.602122620818985912e+25
-4.508917279992355028e+24 -1.009925407767309428e+26 5.575371739308716979e+25
7.488462247186556837e+24 2.612176291292015449e+24 1.092884327344971643e+25
1.058307753910055309e+26 -8.780843561489760946e+25 3.023371243895691886e+25
9.759460336321974988e+25 1.028990244241670418e+26 -3.378423876808877916e+25
5.172970206144975904e+25 2.748072737606171963e+25 -1.175259067661059157e+26
-1.174819917122871910e+26 -1.244370036069039874e+26 8.786126660735555418e+25
-7.549280598066977364e+25 8.141684697372723608e+25 7.714041794883942120e+25
-5.271382288528706332e+25 1.094151201382820731e+26 -2.067088326381241507e+25
1.091982812221417109e+26 9.250014084076271367e+25 -1.039812098096735700e+26
-6.892066238920364129e+25 -1.081367867223840953e+26 2.229751371428299488e+25
-1.020653804930593587e+26 3.355168299702135638e+25 2.326469650313133195e+25
1.035665467734575663e+26 2.667896933741712091e+25 -2.892829598704464274e+25
-1.212724149298113782e+26 -8.824050675589513616e+25 1.278410861782339381e+26
-1.062717253891025476e+25 1.086611102471253157e+26 9.618105466498518186e+25
3.264719075934808329e+25 1.114180001261985503e+26 2.550318411299889967e+25
4.350080865724310453e+24 4.949955020293917875e+25 4.522578985880498371e+25
1.183383928088763600e+26 -3.594480573483368430e+25 1.156552623594896335e+26
1.127865189887652575e+26 8.903940497877275247e+25 1.148901138687145913e+26
1.192958089186634497e+26 5.762550172728089992e+25 4.403335343434413627e+25
