nan
5.1621698803e-30
6.32417742757e-30
6.4777272004e-30
7.22283226996e-30
7.95341708855e-30
8.36086922531e-30
8.05359603792e-30
8.16259248025e-30
1.36283644415e-29
1.44638724479e-29
2.10095791284e-29
1.87024938985e-29
1.90442484681e-29
2.22425256309e-29
1.84519143999e-29
1.98034627232e-29
2.13627163584e-29
1.87718030611e-29
1.96555523585e-29
2.00198856331e-29
2.60212759942e-29
2.09963423456e-29
2.10166939906e-29
2.46492977796e-29
2.38614897232e-29
1.99670482034e-29
3.02903523332e-29
2.08476815775e-29
2.62066961178e-29
2.25152375293e-29
2.50897102556e-29
inf
inf
2.78334712832e-29
inf
inf
inf
inf
inf
inf
inf
inf
inf
inf
inf
inf
inf
inf
inf
inf
inf
inf
inf
inf
inf
inf
inf
inf
inf
inf
inf
inf
inf
inf
inf
inf
inf
inf
inf
inf
inf
inf
inf
inf
inf
inf
inf
inf
inf
inf
inf
inf
inf
inf
inf
inf
inf
inf
inf
inf
inf
inf
inf
inf
inf
inf
inf
inf
nan
5.1621698803e-30
6.32417742757e-30
6.40769342684e-30
7.12409732136e-30
7.97308347983e-30
7.31423446914e-30
8.16184275326e-30
1.18068962235e-29
1.32855372509e-29
1.83574897778e-29
1.70309659294e-29
1.84258490515e-29
1.93950379398e-29
1.95580735985e-29
2.01497568485e-29
1.95453415124e-29
2.01545726904e-29
2.15111710454e-29
1.83980961602e-29
1.8598702339e-29
1.92902294037e-29
1.97864679091e-29
2.28368664987e-29
2.24589326633e-29
1.9175061074e-29
2.1878345908e-29
2.27439892841e-29
3.09358045898e-29
inf
2.91676536475e-29
inf
3.136792034e-29
inf
inf
2.55421209602e-29
inf
inf
inf
inf
inf
inf
inf
inf
inf
inf
inf
inf
inf
inf
inf
inf
inf
inf
inf
inf
inf
inf
inf
inf
inf
inf
inf
inf
inf
inf
inf
inf
inf
inf
inf
inf
inf
inf
inf
inf
inf
inf
inf
inf
inf
inf
inf
inf
inf
inf
inf
inf
inf
inf
inf
inf
inf
inf
inf
inf
inf
inf
inf
nan
5.1621698803e-30
6.32417742757e-30
6.4777272004e-30
7.22283226996e-30
7.93749353836e-30
8.40506528638e-30
8.06553870056e-30
1.16023213995e-29
1.36450704893e-29
1.35746462707e-29
1.81326308815e-29
1.8709714288e-29
1.7627258092e-29
2.11152690573e-29
2.03464832491e-29
1.64655374092e-29
2.03695834545e-29
1.62557996318e-29
1.94606993845e-29
2.03967884429e-29
2.19798737509e-29
2.02012211163e-29
1.83308104389e-29
2.17298810784e-29
2.23398740477e-29
2.17683012691e-29
2.25935338341e-29
2.1771239328e-29
2.50725830106e-29
inf
3.66878892419e-29
3.73832008421e-29
2.61408660561e-29
inf
inf
inf
3.15767218609e-29
inf
inf
inf
inf
inf
inf
inf
inf
inf
inf
inf
inf
inf
inf
inf
inf
inf
inf
inf
inf
inf
inf
inf
inf
inf
inf
inf
inf
inf
inf
inf
inf
inf
inf
inf
inf
inf
inf
inf
inf
inf
inf
inf
inf
inf
inf
inf
inf
inf
inf
inf
inf
inf
inf
inf
inf
inf
inf
inf
inf
inf
nan
5.1621698803e-30
6.32417742757e-30
6.4777272004e-30
7.12409732136e-30
7.95341708855e-30
8.36293988709e-30
8.1737854159e-30
1.27269944845e-29
1.47767617891e-29
1.95565359083e-29
1.55316366155e-29
2.12859007462e-29
2.17618528944e-29
1.87242634277e-29
1.80042227713e-29
2.19750673431e-29
2.01205052836e-29
2.05907213911e-29
1.96347928022e-29
1.94957234085e-29
2.0205845115e-29
2.41323712589e-29
2.08871709878e-29
2.48404583937e-29
2.19496153336e-29
2.9465504732e-29
2.30669729027e-29
2.39409412699e-29
1.96477441933e-29
inf
2.21490703481e-29
inf
inf
inf
inf
inf
inf
inf
inf
inf
inf
inf
inf
inf
inf
inf
inf
inf
inf
inf
inf
inf
inf
inf
inf
inf
inf
inf
inf
inf
inf
inf
inf
inf
inf
inf
inf
inf
inf
inf
inf
inf
inf
inf
inf
inf
inf
inf
inf
inf
inf
inf
inf
inf
inf
inf
inf
inf
inf
inf
inf
inf
inf
inf
inf
inf
inf
inf
8.93701565365e-31
7.48219367384e-30
8.06519309797e-30
5.97553251847e-30
4.71965499112e-30
6.07788396897e-30
7.10520315159e-30
9.02578406496e-30
1.10509671379e-29
1.49077100937e-29
1.78534299081e-29
2.14369310954e-29
1.1731229447e-29
1.70987727028e-29
1.9010802652e-29
1.52265913167e-29
1.53062275971e-29
1.7905125884e-29
1.94590032435e-29
2.0617087089e-29
2.1539851195e-29
1.80188822446e-29
1.41835626392e-29
1.94013719457e-29
2.20101731773e-29
2.65043508821e-29
2.58460955816e-29
inf
2.2358208622e-29
1.72879548117e-29
2.11339636961e-29
inf
3.36102486406e-29
3.37708715443e-29
2.00994342145e-28
inf
2.93472940584e-29
inf
inf
inf
inf
inf
inf
inf
inf
inf
inf
inf
inf
inf
inf
inf
inf
inf
inf
inf
inf
inf
inf
inf
inf
inf
inf
inf
inf
inf
inf
inf
inf
inf
inf
inf
inf
inf
inf
inf
inf
inf
inf
inf
inf
inf
inf
inf
inf
inf
inf
inf
inf
inf
inf
inf
inf
inf
inf
inf
inf
inf
inf
nan
5.1621698803e-30
6.32417742757e-30
6.4777272004e-30
7.1801243402e-30
7.95341708855e-30
8.18154707575e-30
1.07248225591e-29
9.30546353969e-30
1.36093301075e-29
1.35066018931e-29
1.57591422116e-29
1.90115117603e-29
1.3459679444e-29
1.93695828364e-29
2.18561214383e-29
1.99801618326e-29
1.80041856268e-29
2.17095658768e-29
2.06439851736e-29
1.92314800984e-29
2.30551713019e-29
2.28987286632e-29
1.97133839597e-29
2.22055025474e-29
2.13660443005e-29
3.00396908293e-29
2.6600235992e-29
2.74583231704e-29
2.28499124858e-29
2.1331073318e-29
3.30478504965e-29
inf
1.65118277924e-28
inf
2.84117958871e-29
inf
inf
1.83546280017e-28
inf
inf
inf
inf
inf
inf
inf
inf
inf
inf
inf
inf
inf
inf
inf
inf
inf
inf
inf
inf
inf
inf
inf
inf
inf
inf
inf
inf
inf
inf
inf
inf
inf
inf
inf
inf
inf
inf
inf
inf
inf
inf
inf
inf
inf
inf
inf
inf
inf
inf
inf
inf
inf
inf
inf
inf
inf
inf
inf
inf
nan
5.1621698803e-30
6.32417742757e-30
6.41915168961e-30
7.22283226996e-30
7.93749353836e-30
8.36086922531e-30
8.06553870056e-30
1.16023213995e-29
1.36951430642e-29
1.56066733637e-29
1.73808142483e-29
1.8477270393e-29
1.56627868853e-29
2.14920083202e-29
2.20053143281e-29
2.22686903889e-29
1.95011164162e-29
2.04634218123e-29
1.8600655999e-29
2.17596560966e-29
1.97248747841e-29
2.04231516916e-29
2.13690472229e-29
1.96420093574e-29
2.21990652033e-29
2.49471356055e-29
2.21186541565e-29
2.48825077421e-29
2.2761853034e-29
2.35894547703e-29
1.49870923494e-28
2.52118816702e-29
2.76984679599e-29
inf
inf
inf
inf
inf
inf
inf
inf
inf
inf
inf
inf
inf
inf
inf
inf
inf
inf
inf
inf
inf
inf
inf
inf
inf
inf
inf
inf
inf
inf
inf
inf
inf
inf
inf
inf
inf
inf
inf
inf
inf
inf
inf
inf
inf
inf
inf
inf
inf
inf
inf
inf
inf
inf
inf
inf
inf
inf
inf
inf
inf
inf
inf
inf
inf
nan
5.1621698803e-30
6.32417742757e-30
6.40769342684e-30
7.22283226996e-30
7.95341708855e-30
8.17030327644e-30
8.32473655778e-30
1.16129370996e-29
1.33375751476e-29
1.5940420679e-29
1.47564503923e-29
1.39146570719e-29
1.74001206351e-29
2.1108176768e-29
1.95745138234e-29
2.15255643191e-29
2.1510616853e-29
1.97873305875e-29
1.79890150779e-29
1.93165657714e-29
1.96918935515e-29
1.96229284137e-29
1.86337426314e-29
2.38064784784e-29
2.4277188497e-29
2.05142889819e-29
inf
2.35750216967e-29
2.70367807236e-29
2.29094792731e-29
2.81157895544e-29
inf
3.33527951315e-29
inf
inf
inf
inf
inf
inf
inf
inf
inf
inf
inf
inf
inf
inf
inf
inf
inf
inf
inf
inf
inf
inf
inf
inf
inf
inf
inf
inf
inf
inf
inf
inf
inf
inf
inf
inf
inf
inf
inf
inf
inf
inf
inf
inf
inf
inf
inf
inf
inf
inf
inf
inf
inf
inf
inf
inf
inf
inf
inf
inf
inf
inf
inf
inf
inf
nan
5.1621698803e-30
6.32417742757e-30
6.4777272004e-30
7.1801243402e-30
7.93749353836e-30
8.40506528638e-30
8.33667922042e-30
1.27163787843e-29
1.48266906774e-29
1.79704808186e-29
1.54469092602e-29
2.01459249783e-29
1.70575617832e-29
2.01894361741e-29
1.82975006695e-29
1.99060128476e-29
2.12523408621e-29
2.05159715659e-29
2.20986586504e-29
1.86980735731e-29
2.01335103754e-29
2.31934902665e-29
2.2768327013e-29
2.26542839387e-29
2.03309098495e-29
2.15573978832e-29
1.98966426874e-29
1.86110075178e-29
2.2742688703e-29
inf
inf
2.26308888383e-29
inf
inf
2.93639282138e-29
inf
1.45125423325e-28
inf
inf
inf
inf
inf
inf
inf
inf
inf
inf
inf
inf
inf
inf
inf
inf
inf
inf
inf
inf
inf
inf
inf
inf
inf
inf
inf
inf
inf
inf
inf
inf
inf
inf
inf
inf
inf
inf
inf
inf
inf
inf
inf
inf
inf
inf
inf
inf
inf
inf
inf
inf
inf
inf
inf
inf
inf
inf
inf
inf
inf
nan
5.1621698803e-30
6.32417742757e-30
6.40769342684e-30
7.22283226996e-30
7.98900703002e-30
8.18395203375e-30
8.05363629952e-30
7.99658451037e-30
1.342068682e-29
1.58835913184e-29
1.89776513513e-29
1.855398511e-29
1.72544999497e-29
1.93281597872e-29
2.05606976562e-29
1.97033183062e-29
2.08307804096e-29
1.75045254861e-29
1.98277518571e-29
1.8559152554e-29
1.9629342545e-29
2.37048298578e-29
1.88190614611e-29
2.03721584485e-29
2.2190143231e-29
2.64677868462e-29
2.20459579366e-29
2.34799689267e-29
2.50290795424e-29
inf
2.62442667976e-29
2.08229949786e-28
2.86507259214e-29
1.39562037134e-28
inf
inf
inf
inf
inf
inf
inf
inf
inf
inf
inf
inf
inf
inf
inf
inf
inf
inf
inf
inf
inf
inf
inf
inf
inf
inf
inf
inf
inf
inf
inf
inf
inf
inf
inf
inf
inf
inf
inf
inf
inf
inf
inf
inf
inf
inf
inf
inf
inf
inf
inf
inf
inf
inf
inf
inf
inf
inf
inf
inf
inf
inf
inf
inf
nan
5.1621698803e-30
6.32417742757e-30
7.45420487138e-30
7.12409732136e-30
7.98900703002e-30
8.40666254119e-30
8.06553870056e-30
8.13637559787e-30
1.25962462972e-29
1.56909150024e-29
1.56156607231e-29
1.88180416876e-29
1.64402967296e-29
1.70186293537e-29
1.99311462368e-29
1.89037010253e-29
2.25454599011e-29
1.96330658582e-29
2.03447542892e-29
2.0593771266e-29
1.84443985625e-29
2.28080079675e-29
2.00113985732e-29
2.14781512997e-29
2.46642259861e-29
2.01499094885e-29
2.01638794818e-29
3.28919093768e-29
2.40023013966e-29
2.29105312845e-29
2.30437202353e-29
2.57421823635e-29
2.37692428812e-29
inf
inf
inf
1.59264106696e-28
inf
inf
inf
inf
inf
inf
inf
inf
inf
inf
inf
inf
inf
inf
inf
inf
inf
inf
inf
inf
inf
inf
inf
inf
inf
inf
inf
inf
inf
inf
inf
inf
inf
inf
inf
inf
inf
inf
inf
inf
inf
inf
inf
inf
inf
inf
inf
inf
inf
inf
inf
inf
inf
inf
inf
inf
inf
inf
inf
inf
inf
nan
5.1621698803e-30
6.32417742757e-30
6.4777272004e-30
7.12409732136e-30
7.98900703002e-30
8.39301378389e-30
7.73581760134e-30
1.16023213995e-29
1.75087829901e-29
1.83364718107e-29
1.55172676668e-29
1.27736951087e-29
1.9650511434e-29
2.12581531896e-29
2.01572852952e-29
1.66982037162e-29
1.89145022682e-29
1.82560512787e-29
2.32190594425e-29
2.26103895455e-29
2.18791342282e-29
2.15931465151e-29
1.95866885527e-29
1.99662748959e-29
2.97111007021e-29
3.07392745225e-29
2.33427484725e-29
2.12968068313e-29
nan
5.1621698803e-30
6.32417742757e-30
6.40769342684e-30
7.12409732136e-30
7.95341708855e-30
8.42115198992e-30
8.1737854159e-30
1.18175119236e-29
1.35194016846e-29
1.29533551307e-29
1.67428867329e-29
1.2663876657e-29
2.03496028888e-29
1.93633843338e-29
2.21236684536e-29
2.05844382176e-29
2.18240136301e-29
1.91449486696e-29
2.38377693391e-29
2.02526327193e-29
1.98205134072e-29
1.91189426034e-29
2.24556758592e-29
2.31238963017e-29
2.0264205469e-29
nan
5.1621698803e-30
6.32417742757e-30
6.4777272004e-30
7.22283226996e-30
7.98900703002e-30
8.42115198992e-30
8.26329659801e-30
1.16023213995e-29
1.34646142227e-29
1.78162455452e-29
1.54033421752e-29
1.86693375429e-29
1.86483397505e-29
2.20089612306e-29
1.79192660456e-29
1.7702201608e-29
2.17361573462e-29
2.02112843996e-29
1.95592197324e-29
2.00326505012e-29
2.01629420544e-29
2.31906834799e-29
3.06313012504e-29
2.46902203749e-29
1.86170251904e-29
inf
2.33334920343e-29
2.30415404297e-29
2.59929835926e-29
2.63205107657e-29
2.55657012361e-29
2.88754838525e-29
2.11978975054e-28
2.22687547815e-29
inf
inf
inf
inf
inf
inf
inf
inf
inf
inf
inf
inf
inf
inf
inf
inf
inf
inf
inf
inf
inf
inf
inf
inf
inf
inf
inf
inf
inf
inf
inf
inf
inf
inf
inf
inf
inf
inf
inf
inf
inf
inf
inf
inf
inf
inf
inf
inf
inf
inf
inf
inf
inf
inf
inf
inf
inf
inf
inf
inf
inf
inf
inf
inf
nan
5.1621698803e-30
6.32417742757e-30
6.40769342684e-30
7.1801243402e-30
7.95341708855e-30
8.18395203375e-30
8.05359603792e-30
1.23325045385e-29
1.35782918665e-29
1.76585922628e-29
1.64057418597e-29
1.76659467236e-29
2.31103160297e-29
1.89480451065e-29
1.85496960131e-29
2.11726793251e-29
2.04250661505e-29
2.03239148696e-29
1.91381168951e-29
2.28594437127e-29
1.8099927166e-29
3.12257669976e-29
1.91286594156e-29
1.88371559946e-29
1.96622729912e-29
2.36225218128e-29
2.22432484482e-29
2.21506460807e-29
2.42404387136e-29
inf
inf
inf
inf
inf
inf
inf
inf
inf
inf
inf
inf
inf
inf
inf
inf
inf
inf
inf
inf
inf
inf
inf
inf
inf
inf
inf
inf
inf
inf
inf
inf
inf
inf
inf
inf
inf
inf
inf
inf
inf
inf
inf
inf
inf
inf
inf
inf
inf
inf
inf
inf
inf
inf
inf
inf
inf
inf
inf
inf
inf
inf
inf
inf
inf
inf
inf
inf
inf
nan
5.1621698803e-30
6.32417742757e-30
6.41915168961e-30
7.22283226996e-30
7.95341708855e-30
8.40506528638e-30
8.33667922042e-30
1.18068962235e-29
1.3631437279e-29
1.51869103742e-29
1.67675066798e-29
1.77721537012e-29
1.94982525784e-29
2.11203414948e-29
1.82144166852e-29
1.91319137224e-29
2.04287129016e-29
1.63628702915e-29
2.46209388174e-29
3.21823265147e-29
2.01357690735e-29
1.95448548785e-29
inf
2.43583664955e-29
2.17035307449e-29
2.47699725357e-29
2.27610173617e-29
2.2940653055e-29
inf
inf
2.60580708608e-29
2.44138506917e-29
inf
inf
inf
inf
inf
inf
inf
inf
inf
inf
inf
inf
inf
inf
inf
inf
inf
inf
inf
inf
inf
inf
inf
inf
inf
inf
inf
inf
inf
inf
inf
inf
inf
inf
inf
inf
inf
inf
inf
inf
inf
inf
inf
inf
inf
inf
inf
inf
inf
inf
inf
inf
inf
inf
inf
inf
inf
inf
inf
inf
inf
inf
inf
inf
inf
inf
nan
5.1621698803e-30
6.32417742757e-30
6.4777272004e-30
7.1801243402e-30
7.95341708855e-30
8.36086922531e-30
8.05363629952e-30
1.22138349395e-29
1.42814089422e-29
1.31713993477e-29
1.75156386482e-29
1.81373217802e-29
1.75144606115e-29
1.95348742999e-29
2.11046405239e-29
1.92856171968e-29
2.20482663138e-29
2.07905082579e-29
2.05136960884e-29
1.92085559694e-29
2.16984928985e-29
2.08434315189e-29
2.15667963376e-29
2.46506470553e-29
2.07644936078e-29
2.61805308077e-29
3.11265147541e-29
2.58851865045e-29
2.40067351812e-29
2.41140483025e-29
inf
2.42264174033e-29
inf
2.66930324524e-29
2.53682372829e-29
inf
1.9029155221e-28
inf
inf
inf
inf
inf
inf
inf
inf
inf
inf
inf
inf
inf
inf
inf
inf
inf
inf
inf
inf
inf
inf
inf
inf
inf
inf
inf
inf
inf
inf
inf
inf
inf
inf
inf
inf
inf
inf
inf
inf
inf
inf
inf
inf
inf
inf
inf
inf
inf
inf
inf
inf
inf
inf
inf
inf
inf
inf
inf
inf
inf
