-1.096378730677151316e+26 -1.274800081533784467e+26 -1.342136340376946729e+26
-1.268739095594710007e+26 -1.088763093588106270e+26 -1.380862554274458599e+26
-1.123961699000798022e+26 -1.343650335314102851e+26 -1.330026237107618510e+26
-1.323572912085496200e+26 -1.123113635874392804e+26 -1.383704652163564366e+26
-1.191016944222387912e+26 -1.245820566875907173e+26 -1.239993517886248927e+26
-1.093820776283101941e+26 -1.356253459950985977e+26 -1.284528716702580445e+26
-1.138092890091127156e+26 -1.314458632108822128e+26 -1.398557431481681779e+26
-1.389967693734860922e+26 -1.075472903463290147e+26 -1.380016214788264746e+26
-1.323383134878648257e+26 -1.220101022368604451e+26 -1.382586294930933006e+26
-1.163723764415934607e+26 -1.379507150307974073e+26 -1.370125533332755886e+26
-1.082203200190778819e+26 -1.301924971377794641e+26 -1.304087091194661424e+26
-1.293256825435784926e+26 -1.057913778348220214e+26 -1.399250362612533113e+26
-1.116622282286770486e+26 -1.335436116952444450e+26 -1.372222275355875773e+26
-1.104828726144908215e+26 -1.256875549213966871e+26 -1.286194247337189052e+26
-1.353151542384630116e+26 -1.135769293368530162e+26 -1.341499895269017151e+26
-1.082947073485114238e+26 -1.239229772506867185e+26 -1.384695403771233025e+26
-1.284669850291625238e+26 -1.074849500164511233e+26 -1.322789539707438658e+26
-1.288051499798370972e+26 -1.181389991772626958e+26 -1.359775865372697611e+26
-1.148366491736621748e+26 -1.256041934129985144e+26 -1.394981919803924648e+26
-1.075721445149694226e+26 -1.323942148764780581e+26 -1.250478192276093007e+26
-1.157544333457216094e+26 -1.309179953828327440e+26 -1.323612849110437227e+26
-1.129287542345254846e+26 -1.372782880294510751e+26 -1.313348812721059999e+26
-1.114186497421632978e+26 -1.320357129802155181e+26 -1.360346755903269191e+26
-1.126727575028720849e+26 -1.249814771596185984e+26 -1.238055085587145935e+26
-1.199583556606534583e+26 -1.401433517168026488e+26 -1.275804734761804663e+26
-1.110874223428937418e+26 -1.397411248049436456e+26 -1.268961079561309161e+26
-1.264256007850506831e+26 -1.057637566511047418e+26 -1.396824744311729976e+26
-1.071261266954405795e+26 -1.360982526019227893e+26 -1.259629106638422089e+26
-1.078279483917739960e+26 -1.393292149725506273e+26 -1.240264810418098569e+26
-1.135601188225317200e+26 -1.373246374781151219e+26 -1.356394436845466226e+26
-1.131118247131155204e+26 -1.295807202743626084e+26 -1.393368794461123158e+26
-1.209028321491310146e+26 -1.290926724525569178e+26 -1.303518217604383572e+26
-1.297990756568923901e+26 -1.074628319759782218e+26 -1.362050146355384743e+26
-1.232329466194533635e+26 -1.201053351623028807e+26 -1.380628697681229639e+26
-1.366348840757269354e+26 -1.056637453407592833e+26 -1.392355598365971964e+26
-1.228160547034660892e+26 -1.095338580103521894e+26 -1.347509915296484027e+26
-1.385748511780016923e+26 -1.193215007361701552e+26 -1.335509220993571543e+26
-1.397131467895334402e+26 -1.117369956428751525e+26 -1.381145187073199248e+26
-1.120755864813408339e+26 -1.258219345729238670e+26 -1.373312387388775192e+26
-1.066228808066510751e+26 -1.294648662395231024e+26 -1.300843401207573902e+26
-1.271767680104805874e+26 -1.099342789169082776e+26 -1.398453628507255228e+26
-1.259720158233916519e+26 -1.077274978618154868e+26 -1.371650504559801235e+26
-1.134016965998528928e+26 -1.383606818505886800e+26 -1.295045019287629394e+26
-1.243661472469481152e+26 -1.117206596318381071e+26 -1.389979723056055445e+26
-1.219678549715429680e+26 -1.281938362693930964e+26 -1.399796420570189440e+26
-1.063339561184680299e+26 -1.368752937160061809e+26 -1.325011528901432804e+26
-1.109566988978752615e+26 -1.391249455273765296e+26 -1.399581387413766141e+26
-1.075960062847003145e+26 -1.267665215511585629e+26 -1.271049014546333459e+26
-1.169303296260573088e+26 -1.226305524457668322e+26 -1.343329364578542382e+26
-1.191957473213178943e+26 -1.400045082790874057e+26 -1.320277545034546211e+26
-1.264046495164130725e+26 -1.105642874942588307e+26 -1.335131104955623216e+26
-1.098487628582460522e+26 -1.334063924569590081e+26 -1.319757258812740602e+26
-1.146596587632422055e+26 -1.297979695776124528e+26 -1.396266801053618638e+26
-1.389858369142441547e+26 -1.091163453428203081e+26 -1.327760192634099351e+26
-1.332422127134813256e+26 -1.089724033050396339e+26 -1.355081185725779437e+26
-1.096374712867801140e+26 -1.304314105458567066e+26 -1.362062199783435271e+26
-1.306464533450224592e+26 -1.173780614430549441e+26 -1.348439535934889211e+26
-1.111937496495377380e+26 -1.338450478417440450e+26 -1.350869667742271157e+26
-1.140537880618445396e+26 -1.330700355204920396e+26 -1.379355102339829346e+26
-1.287250597718118613e+26 -1.064435121367058554e+26 -1.375763451982871611e+26
-1.110802826956784240e+26 -1.328648369569057212e+26 -1.295476250765187573e+26
-1.114196966828347258e+26 -1.375814031180329086e+26 -1.294269320925430762e+26
-1.084430689765773259e+26 -1.328376002273206265e+26 -1.290119626983298750e+26
-1.189104125457892614e+26 -1.300929683663369647e+26 -1.332632730656427947e+26
-1.165391717789581288e+26 -1.363777040992199177e+26 -1.372753783319196662e+26
-1.119830528164222731e+26 -1.318583947992721745e+26 -1.345348343910593837e+26
-1.337571200930193433e+26 -1.221081086603401439e+26 -1.345810321674204475e+26
-1.105441763495563444e+26 -1.343957950851383052e+26 -1.395402222840050252e+26
-1.071791023152849865e+26 -1.268096246098676187e+26 -1.333118423539728278e+26
-1.120523524943208865e+26 -1.387006859534933035e+26 -1.345168325962657441e+26
-1.093835698427028687e+26 -1.250032637308201152e+26 -1.233972890842097463e+26
-1.066151565681753116e+26 -1.384299267858348832e+26 -1.270918576365778890e+26
-1.093923989787499435e+26 -1.240780606737955386e+26 -1.312681173341335351e+26
-1.116790126272375645e+26 -1.317075841155168517e+26 -1.381126070336310882e+26
-1.349266160030601799e+26 -1.173546102934396334e+26 -1.322783814329114567e+26
-1.167336960275533040e+26 -1.389712763731590051e+26 -1.333905813727135825e+26
-1.069362418113021113e+26 -1.242866211393556524e+26 -1.363091241114211569e+26
-1.187923371646052388e+26 -1.395365520151635990e+26 -1.376664144393955253e+26
-1.229465812758263977e+26 -1.051492246753712031e+26 -1.386856221817870240e+26
-1.136422990949809474e+26 -1.352318570150144190e+26 -1.375650149759195687e+26
-1.236647847862234399e+26 -1.133759062816338751e+26 -1.323240157115111560e+26
-1.119972934394379321e+26 -1.359300699149894957e+26 -1.312629564580231966e+26
-1.284039877874558984e+26 -1.199038460411991418e+26 -1.344677580684099255e+26
-1.132653160792693160e+26 -1.245161184094397225e+26 -1.314298803652870765e+26
-1.051803345731698970e+26 -1.311260616578427897e+26 -1.273790486400263248e+26
-1.317461743707637566e+26 -1.061638581418174818e+26 -1.319738756800682927e+26
-1.398291550078067787e+26 -1.055746986321305438e+26 -1.352441997253382722e+26
-1.064845998622448601e+26 -1.289499960247215653e+26 -1.340979548780071359e+26
-1.277700484532910637e+26 -1.070633157461608070e+26 -1.396557101959674981e+26
-1.124879861212191827e+26 -1.327535440031602432e+26 -1.358042984199951455e+26
-1.363630832909944819e+26 -1.172239270265146600e+26 -1.349197937627835204e+26
-1.319870380234995805e+26 -1.184628265752710374e+26 -1.386175564735850933e+26
-1.376561871056945714e+26 -1.209254745137241272e+26 -1.368012254006350423e+26
-1.121119717628163344e+26 -1.398732163140458791e+26 -1.302346443596441273e+26
-1.220210346961023654e+26 -1.236796406362958473e+26 -1.233249805693339803e+26
-1.199119740695146129e+26 -1.365943524150020128e+26 -1.370835407924369820e+26
-1.369436487064813339e+26 -1.091273019089183360e+26 -1.367707543345230276e+26
-1.276028928523546439e+26 -1.058710201073273305e+26 -1.323831779541930164e+26
-1.119406644255513880e+26 -1.286296601030385673e+26 -1.377166310295591357e+26
-1.067836333587530456e+26 -1.331161308427146891e+26 -1.230743717200192340e+26
-1.086925186878945618e+26 -1.272971938101344638e+26 -1.309501499110624802e+26
-1.202954538829455374e+26 -1.399095152126203474e+26 -1.345781996118285451e+26
-1.114939111460209887e+26 -1.356384733835885414e+26 -1.336947978432835413e+26
-1.250674542619037740e+26 -1.052979941110861583e+26 -1.364892646025425580e+26
-1.370280227028357674e+26 -1.140862750637979970e+26 -1.388407618542267332e+26
-1.153775467574343740e+26 -1.251974986971420681e+26 -1.230669347549119857e+26
-1.104665904420990819e+26 -1.238046166050388362e+26 -1.389957046540082878e+26
-1.381614909164332515e+26 -1.135979545331826603e+26 -1.338551626767832035e+26
-1.346187111835067228e+26 -1.116992804665047158e+26 -1.326281779416548985e+26
-1.271021331839910580e+26 -1.188809117806353278e+26 -1.370326994329194189e+26
-1.244616851283630571e+26 -1.086561334064190441e+26 -1.388854077517262793e+26
-1.306074950584390633e+26 -1.057994106912785127e+26 -1.372620118837733710e+26
