-1.169303296260573088e+26 -1.226305524457668322e+26 -1.343329364578542382e+26
-1.272328767180562831e+26 -1.065276064935295200e+26 -1.395532675369923913e+26
-1.121541634484378019e+26 -1.349872862635181453e+26 -1.328355156539027669e+26
-1.277453116381654303e+26 -1.191393478247904630e+26 -1.358039503772601846e+26
-1.394074959610254753e+26 -1.073455219874754346e+26 -1.340101094943741036e+26
-1.110874223428937418e+26 -1.397411248049436456e+26 -1.268961079561309161e+26
-1.118960883761220821e+26 -1.325067607475438425e+26 -1.355882970487839890e+26
-1.165376738665812920e+26 -1.373346947854294853e+26 -1.369085129637137386e+26
-1.051803345731698970e+26 -1.311260616578427897e+26 -1.273790486400263248e+26
-1.072432884267783549e+26 -1.241890703354562598e+26 -1.372804504144433722e+26
-1.354672845716994086e+26 -1.135831305385986697e+26 -1.334056955105299408e+26
-1.214610565357260128e+26 -1.239069662804261290e+26 -1.236392074118999935e+26
-1.106031718531501760e+26 -1.248094699199648313e+26 -1.302409929001983914e+26
-1.148366491736621748e+26 -1.256041934129985144e+26 -1.394981919803924648e+26
-1.240122529744484113e+26 -1.098773345049877308e+26 -1.343383645182863814e+26
-1.263072178907835354e+26 -1.087274090931787074e+26 -1.380366196618464466e+26
-1.324272744162639246e+26 -1.217226631336846303e+26 -1.379820736309948889e+26
-1.120533800490622103e+26 -1.379892740740095820e+26 -1.299411151562139149e+26
-1.285814704976921341e+26 -1.064578030827836171e+26 -1.322802195806891875e+26
-1.190761845471124323e+26 -1.298578554041241052e+26 -1.319182949126412087e+26
-1.077641351329883367e+26 -1.294722963743544428e+26 -1.303059681094481408e+26
-1.293110791507840515e+26 -1.058800764859444282e+26 -1.399213630233689398e+26
-1.091953736438342850e+26 -1.344894703101384810e+26 -1.291841780605079952e+26
-1.069801352305076384e+26 -1.367644452258976708e+26 -1.262854669417666840e+26
-1.093835698427028687e+26 -1.250032637308201152e+26 -1.233972890842097463e+26
-1.134910475140467094e+26 -1.381974015224326651e+26 -1.343734480295324160e+26
-1.323572912085496200e+26 -1.123113635874392804e+26 -1.383704652163564366e+26
-1.195770514909856677e+26 -1.400739299979450187e+26 -1.298041139898175351e+26
-1.141060961226654057e+26 -1.299730628729939367e+26 -1.396216753329618514e+26
-1.107409345001502154e+26 -1.243846014470745709e+26 -1.384999089890968686e+26
-1.332422127134813256e+26 -1.089724033050396339e+26 -1.355081185725779437e+26
-1.366348840757269354e+26 -1.056637453407592833e+26 -1.392355598365971964e+26
-1.253275024520606786e+26 -1.063027377398168862e+26 -1.372313821141920357e+26
-1.080489555284749076e+26 -1.272668056113403125e+26 -1.336553575200233630e+26
-1.219678549715429680e+26 -1.281938362693930964e+26 -1.399796420570189440e+26
-1.386545825956519629e+26 -1.078106256067605596e+26 -1.377964769547758915e+26
-1.306464533450224592e+26 -1.173780614430549441e+26 -1.348439535934889211e+26
-1.111329471361886549e+26 -1.284135521826140655e+26 -1.362566906949485520e+26
-1.100325023020928931e+26 -1.331858538972735781e+26 -1.320049931112595009e+26
-1.075960062847003145e+26 -1.267665215511585629e+26 -1.271049014546333459e+26
-1.114230969214060752e+26 -1.327129704598166456e+26 -1.382319927563711886e+26
-1.375313738582302486e+26 -1.191569674254696532e+26 -1.350906470875919057e+26
-1.073093074628972912e+26 -1.326348535318902742e+26 -1.243900033917459337e+26
-1.194480255704176527e+26 -1.388942429144873896e+26 -1.367486423207641444e+26
-1.388181054273008941e+26 -1.125200887831827673e+26 -1.383565997562888552e+26
-1.247943376446091280e+26 -1.116105833072894332e+26 -1.391428388413177023e+26
-1.138592206217988483e+26 -1.335684571586312652e+26 -1.381250694746735724e+26
-1.107599266849486639e+26 -1.387113984376732979e+26 -1.382784212219524559e+26
-1.296407418260192506e+26 -1.064715928741084440e+26 -1.370870242331436173e+26
-1.078279483917739960e+26 -1.393292149725506273e+26 -1.240264810418098569e+26
-1.236647847862234399e+26 -1.133759062816338751e+26 -1.323240157115111560e+26
-1.153041976299369112e+26 -1.249938238877517972e+26 -1.235344952646147759e+26
