-1.261079791261937566e+26 -1.070847476575773224e+26 -1.385816461394675033e+26
-1.112182865859268371e+26 -1.320878790988195463e+26 -1.370520373240093453e+26
-1.288611353715719680e+26 -1.184619299856614226e+26 -1.354347208450404758e+26
-1.118484898523435055e+26 -1.385805283426135337e+26 -1.291975479907557153e+26
-1.335249740821211525e+26 -1.127550914565289509e+26 -1.384880393758240022e+26
-1.134471942729346720e+26 -1.236433979870522680e+26 -1.326895439527653460e+26
-1.142594964642910403e+26 -1.298366338215026809e+26 -1.395149275308498208e+26
-1.077641351329883367e+26 -1.294722963743544428e+26 -1.303059681094481408e+26
-1.185833897840046893e+26 -1.395999855909656755e+26 -1.321935180673781561e+26
-1.078016350887045777e+26 -1.382560219348250060e+26 -1.256068143639646217e+26
-1.254576976555948514e+26 -1.091512986770434029e+26 -1.364000246372840817e+26
-1.384239663656638550e+26 -1.077419732983935104e+26 -1.379965648648687593e+26
-1.095652297353935319e+26 -1.337534839755574058e+26 -1.306005355430096042e+26
-1.205613645591705783e+26 -1.241308486619432823e+26 -1.236621661789794279e+26
-1.324272744162639246e+26 -1.217226631336846303e+26 -1.379820736309948889e+26
-1.368801843944377228e+26 -1.187063781424621525e+26 -1.343875806739218020e+26
-1.091510953758902851e+26 -1.242957236690662461e+26 -1.379456096369816383e+26
-1.122141468381842567e+26 -1.327902242283676095e+26 -1.354867998578065193e+26
-1.285814704976921341e+26 -1.064578030827836171e+26 -1.322802195806891875e+26
-1.190761845471124323e+26 -1.298578554041241052e+26 -1.319182949126412087e+26
-1.288347440385241290e+26 -1.061014585090735960e+26 -1.398053340590188642e+26
-1.117043609864280576e+26 -1.250463758296002328e+26 -1.234167553705115180e+26
-1.121368753505117577e+26 -1.354616869597127085e+26 -1.323661074876067856e+26
-1.357224375633892662e+26 -1.122086749093880713e+26 -1.335905552774661418e+26
-1.247943376446091280e+26 -1.116105833072894332e+26 -1.391428388413177023e+26
-1.124808081678442459e+26 -1.382377002219618929e+26 -1.356179750225099408e+26
-1.069370810312301483e+26 -1.338990205814239542e+26 -1.257040455176484755e+26
-1.305238533078386958e+26 -1.069423498859667770e+26 -1.367857297144236022e+26
-1.087321041545175109e+26 -1.260078787896516485e+26 -1.281306622440750440e+26
-1.166896684709127474e+26 -1.371779440444914316e+26 -1.373315641814348857e+26
-1.091195806837995644e+26 -1.272921363926148931e+26 -1.341820104629705748e+26
