-1.107101138846247438e+26 -1.316979968188453772e+26 -1.357387739762072221e+26
-1.282621068858718728e+26 -1.077566744628059257e+26 -1.398959309992072973e+26
-1.376561871056945714e+26 -1.209254745137241272e+26 -1.368012254006350423e+26
-1.122301586382098160e+26 -1.362671244436048820e+26 -1.312809376615438974e+26
-1.075960062847003145e+26 -1.267665215511585629e+26 -1.271049014546333459e+26
-1.389967693734860922e+26 -1.075472903463290147e+26 -1.380016214788264746e+26
-1.209028321491310146e+26 -1.290926724525569178e+26 -1.303518217604383572e+26
-1.306464533450224592e+26 -1.173780614430549441e+26 -1.348439535934889211e+26
-1.146596587632422055e+26 -1.297979695776124528e+26 -1.396266801053618638e+26
-1.202954538829455374e+26 -1.399095152126203474e+26 -1.345781996118285451e+26
-1.089877633901854903e+26 -1.274099576473575013e+26 -1.343740145406508068e+26
-1.072713592535845384e+26 -1.394730485294788346e+26 -1.243550524682084565e+26
-1.284669850291625238e+26 -1.074849500164511233e+26 -1.322789539707438658e+26
-1.165201454427802089e+26 -1.355833048434007837e+26 -1.364334391505260318e+26
-1.263884277937892807e+26 -1.086017998400653364e+26 -1.374651797186747191e+26
-1.214610565357260128e+26 -1.239069662804261290e+26 -1.236392074118999935e+26
-1.100320563252550231e+26 -1.342374250939810215e+26 -1.303985287941345692e+26
-1.102190441679615277e+26 -1.237743233269905849e+26 -1.387302138388603366e+26
-1.323383134878648257e+26 -1.220101022368604451e+26 -1.382586294930933006e+26
-1.334959162804480799e+26 -1.078544418266292901e+26 -1.361382386441379557e+26
-1.346187111835067228e+26 -1.116992804665047158e+26 -1.326281779416548985e+26
-1.093835698427028687e+26 -1.250032637308201152e+26 -1.233972890842097463e+26
-1.084430689765773259e+26 -1.328376002273206265e+26 -1.290119626983298750e+26
-1.122573770867623576e+26 -1.337769503928482605e+26 -1.369135778141806089e+26
-1.133463392226256715e+26 -1.387125073530539547e+26 -1.295226694581922543e+26
-1.232329466194533635e+26 -1.201053351623028807e+26 -1.380628697681229639e+26
-1.237958698340834309e+26 -1.117947817858545515e+26 -1.396215467630626568e+26
-1.125330468210086008e+26 -1.327257106654122019e+26 -1.357409305353759476e+26
-1.073472447667275175e+26 -1.298969305515623140e+26 -1.300711817951354480e+26
-1.228160547034660892e+26 -1.095338580103521894e+26 -1.347509915296484027e+26
-1.293903969467788016e+26 -1.058329907382657085e+26 -1.399729146370429525e+26
-1.065997462604125672e+26 -1.358265520615336307e+26 -1.259378473682251287e+26
-1.353151542384630116e+26 -1.135769293368530162e+26 -1.341499895269017151e+26
-1.199583556606534583e+26 -1.401433517168026488e+26 -1.275804734761804663e+26
-1.293414994034248567e+26 -1.075764033928806400e+26 -1.365680397815674739e+26
-1.169303296260573088e+26 -1.226305524457668322e+26 -1.343329364578542382e+26
-1.283793957808755960e+26 -1.183244773281058624e+26 -1.362413647611821842e+26
-1.118775687475156594e+26 -1.353520643462848999e+26 -1.333498031189397940e+26
-1.069362418113021113e+26 -1.242866211393556524e+26 -1.363091241114211569e+26
-1.109566988978752615e+26 -1.391249455273765296e+26 -1.399581387413766141e+26
-1.250674542619037740e+26 -1.052979941110861583e+26 -1.364892646025425580e+26
-1.264521641297886652e+26 -1.060167159188893762e+26 -1.395933337058054626e+26
-1.104828726144908215e+26 -1.256875549213966871e+26 -1.286194247337189052e+26
-1.063339561184680299e+26 -1.368752937160061809e+26 -1.325011528901432804e+26
-1.140251521301532294e+26 -1.250894879283803333e+26 -1.234362216568132896e+26
-1.219678549715429680e+26 -1.281938362693930964e+26 -1.399796420570189440e+26
-1.189104125457892614e+26 -1.300929683663369647e+26 -1.332632730656427947e+26
-1.119804206490717113e+26 -1.389916587199926244e+26 -1.337074298358806168e+26
-1.323572912085496200e+26 -1.123113635874392804e+26 -1.383704652163564366e+26
-1.187923371646052388e+26 -1.395365520151635990e+26 -1.376664144393955253e+26
-1.143550223134242858e+26 -1.330069549092413912e+26 -1.381991016297605668e+26
-1.073093074628972912e+26 -1.326348535318902742e+26 -1.243900033917459337e+26
-1.092316484355526629e+26 -1.371850547634794238e+26 -1.260631638463105470e+26
-1.111042328572150208e+26 -1.376423618237204969e+26 -1.300847539551204615e+26
-1.366348840757269354e+26 -1.056637453407592833e+26 -1.392355598365971964e+26
-1.370280227028357674e+26 -1.140862750637979970e+26 -1.388407618542267332e+26
-1.389858369142441547e+26 -1.091163453428203081e+26 -1.327760192634099351e+26
-1.271636749742605961e+26 -1.096916705304621269e+26 -1.396413234251367320e+26
-1.135914426686783042e+26 -1.376238718650908075e+26 -1.352430245161033453e+26
-1.107848812988228305e+26 -1.306402844005461331e+26 -1.378881874710038147e+26
-1.148366491736621748e+26 -1.256041934129985144e+26 -1.394981919803924648e+26
-1.094064472491429701e+26 -1.265257020943255915e+26 -1.320873345983089156e+26
-1.110874223428937418e+26 -1.397411248049436456e+26 -1.268961079561309161e+26
-1.394711681947029413e+26 -1.123125890192910952e+26 -1.369091276885443102e+26
-1.284039877874558984e+26 -1.199038460411991418e+26 -1.344677580684099255e+26
-1.070054767020249678e+26 -1.273447174635811011e+26 -1.335083704849814091e+26
-1.306074950584390633e+26 -1.057994106912785127e+26 -1.372620118837733710e+26
-1.385748511780016923e+26 -1.193215007361701552e+26 -1.335509220993571543e+26
-1.337571200930193433e+26 -1.221081086603401439e+26 -1.345810321674204475e+26
-1.111937496495377380e+26 -1.338450478417440450e+26 -1.350869667742271157e+26
-1.163723764415934607e+26 -1.379507150307974073e+26 -1.370125533332755886e+26
-1.264046495164130725e+26 -1.105642874942588307e+26 -1.335131104955623216e+26
-1.141453187811040266e+26 -1.351798042859777677e+26 -1.380587173621595063e+26
-1.119406644255513880e+26 -1.286296601030385673e+26 -1.377166310295591357e+26
-1.138092890091127156e+26 -1.314458632108822128e+26 -1.398557431481681779e+26
-1.254085301154525736e+26 -1.065857040167335760e+26 -1.381781005402870132e+26
-1.124861322674594445e+26 -1.338979523463629639e+26 -1.330011672548724101e+26
-1.236647847862234399e+26 -1.133759062816338751e+26 -1.323240157115111560e+26
-1.093820776283101941e+26 -1.356253459950985977e+26 -1.284528716702580445e+26
-1.066151565681753116e+26 -1.384299267858348832e+26 -1.270918576365778890e+26
-1.278190168440165451e+26 -1.063642483920639448e+26 -1.395454715519210687e+26
-1.317461743707637566e+26 -1.061638581418174818e+26 -1.319738756800682927e+26
-1.167336960275533040e+26 -1.389712763731590051e+26 -1.333905813727135825e+26
-1.110292002675998366e+26 -1.261706442642380524e+26 -1.341617536726791409e+26
-1.363630832909944819e+26 -1.172239270265146600e+26 -1.349197937627835204e+26
-1.119830528164222731e+26 -1.318583947992721745e+26 -1.345348343910593837e+26
-1.132653160792693160e+26 -1.245161184094397225e+26 -1.314298803652870765e+26
-1.075021261514232930e+26 -1.340257066302716217e+26 -1.338483163296504536e+26
-1.105631544720220663e+26 -1.382978513479700662e+26 -1.365987037025282806e+26
-1.252215633662451503e+26 -1.116094764008134491e+26 -1.380626106194198675e+26
-1.051803345731698970e+26 -1.311260616578427897e+26 -1.273790486400263248e+26
-1.105441763495563444e+26 -1.343957950851383052e+26 -1.395402222840050252e+26
-1.319870380234995805e+26 -1.184628265752710374e+26 -1.386175564735850933e+26
-1.102093200648816693e+26 -1.331646679885699064e+26 -1.319264936544012574e+26
-1.157544333457216094e+26 -1.309179953828327440e+26 -1.323612849110437227e+26
-1.093923989787499435e+26 -1.240780606737955386e+26 -1.312681173341335351e+26
-1.287997379906423705e+26 -1.061035036142109416e+26 -1.376469089794525831e+26
-1.131118247131155204e+26 -1.295807202743626084e+26 -1.393368794461123158e+26
-1.077038583499927289e+26 -1.240427441296071709e+26 -1.387374398689767037e+26
-1.381614909164332515e+26 -1.135979545331826603e+26 -1.338551626767832035e+26
-1.349266160030601799e+26 -1.173546102934396334e+26 -1.322783814329114567e+26
-1.083355544072703490e+26 -1.276829396680389171e+26 -1.303815575674392796e+26
-1.276028928523546439e+26 -1.058710201073273305e+26 -1.323831779541930164e+26
-1.398291550078067787e+26 -1.055746986321305438e+26 -1.352441997253382722e+26
-1.329885091465145714e+26 -1.100903647834499776e+26 -1.348779985010179488e+26
-1.117558733201071157e+26 -1.399082937985778953e+26 -1.304538017973654311e+26
-1.165518560030767478e+26 -1.369073036030993231e+26 -1.378366711195154111e+26
-1.110802826956784240e+26 -1.328648369569057212e+26 -1.295476250765187573e+26
-1.116792701322913801e+26 -1.322281482236273418e+26 -1.361944207680481501e+26
-1.178622886295042920e+26 -1.248024958064947421e+26 -1.237310424802177657e+26
-1.199119740695146129e+26 -1.365943524150020128e+26 -1.370835407924369820e+26
-1.095395291482500125e+26 -1.300785705465304812e+26 -1.317982933936547124e+26
-1.094977158063423688e+26 -1.388977143017659711e+26 -1.230407667626140580e+26
-1.191957473213178943e+26 -1.400045082790874057e+26 -1.320277545034546211e+26
-1.260324999253497403e+26 -1.070227462510645071e+26 -1.370022012465943046e+26
-1.229465812758263977e+26 -1.051492246753712031e+26 -1.386856221817870240e+26
-1.120755864813408339e+26 -1.258219345729238670e+26 -1.373312387388775192e+26
-1.117946411625273030e+26 -1.322467652911346410e+26 -1.381618726083215070e+26
-1.244616851283630571e+26 -1.086561334064190441e+26 -1.388854077517262793e+26
-1.101057750912127048e+26 -1.294350380229071468e+26 -1.346198080454593259e+26
-1.369436487064813339e+26 -1.091273019089183360e+26 -1.367707543345230276e+26
-1.115248512913746275e+26 -1.375610835494703906e+26 -1.292076581383506144e+26
-1.399551253843639563e+26 -1.111614022664591926e+26 -1.393199097260955394e+26
