-1.075292441730048438e+26 -1.296226386728533896e+26 -1.300398845213188926e+26
-1.332531274273986136e+26 -1.106913627683873025e+26 -1.358222473136323278e+26
-1.122047665518609032e+26 -1.327336522673738269e+26 -1.354625596279035591e+26
-1.119682415209857040e+26 -1.384726742684164638e+26 -1.295753227062335769e+26
-1.258156943410302167e+26 -1.095846881774008613e+26 -1.383654515642601457e+26
-1.288611353715719680e+26 -1.184619299856614226e+26 -1.354347208450404758e+26
-1.195246009988233443e+26 -1.243441786689830429e+26 -1.235431198941659498e+26
-1.085658465339708666e+26 -1.240047383316937357e+26 -1.379247897141842491e+26
-1.149711774841352942e+26 -1.256426541799897891e+26 -1.379003826703272385e+26
-1.185833897840046893e+26 -1.395999855909656755e+26 -1.321935180673781561e+26
-1.290438736012108434e+26 -1.061775099274787081e+26 -1.391798244200356731e+26
-1.140062774949769204e+26 -1.301254246320489047e+26 -1.395026062901282568e+26
-1.384242154698435704e+26 -1.115669780224116010e+26 -1.364119559239304639e+26
-1.072929044692386662e+26 -1.366123240762254922e+26 -1.252338716382031502e+26
-1.114284621906895167e+26 -1.346216920889823259e+26 -1.323343204653076828e+26
-1.098098272722854826e+26 -1.253368380473256874e+26 -1.294219066740051133e+26
-1.324272744162639246e+26 -1.217226631336846303e+26 -1.379820736309948889e+26
-1.125349973670028950e+26 -1.377896863547478710e+26 -1.360831574913035837e+26
-1.383019615669353441e+26 -1.067002651540059408e+26 -1.381065540699180165e+26
-1.362094571847342825e+26 -1.165080429400582345e+26 -1.342857558966274668e+26
-1.190761845471124323e+26 -1.298578554041241052e+26 -1.319182949126412087e+26
-1.087979671900570475e+26 -1.273863771242811062e+26 -1.340244552652867396e+26
-1.112182865859268371e+26 -1.320878790988195463e+26 -1.370520373240093453e+26
-1.239253859273921684e+26 -1.107519774491492754e+26 -1.338347773165925751e+26
-1.259234646152037081e+26 -1.064837882647561167e+26 -1.381930058094144359e+26
-1.166896684709127474e+26 -1.371779440444914316e+26 -1.373315641814348857e+26
-1.286680387919245545e+26 -1.065242556405314420e+26 -1.328090973138174636e+26
-1.096437461005328084e+26 -1.254942631358197157e+26 -1.242916022184975720e+26
-1.091953736438342850e+26 -1.344894703101384810e+26 -1.291841780605079952e+26
