-1.190761845471124323e+26 -1.298578554041241052e+26 -1.319182949126412087e+26
-1.328629606399391563e+26 -1.104033862832109036e+26 -1.367348385627687239e+26
-1.111712688582777813e+26 -1.317240368152168567e+26 -1.365988162011900931e+26
-1.324272744162639246e+26 -1.217226631336846303e+26 -1.379820736309948889e+26
-1.126985380635541033e+26 -1.381109508926169301e+26 -1.349979516341004112e+26
-1.256033195394648292e+26 -1.063911918215664717e+26 -1.381730484320155062e+26
-1.067253719089274889e+26 -1.327879642106081162e+26 -1.252191177256936835e+26
-1.131172517690953272e+26 -1.254459032758020678e+26 -1.376285953022081611e+26
-1.090857477157137715e+26 -1.268003545192443558e+26 -1.334103901772624735e+26
-1.133780839343016990e+26 -1.295251253441575659e+26 -1.391924318674701604e+26
-1.153041976299369112e+26 -1.249938238877517972e+26 -1.235344952646147759e+26
-1.110946503819147816e+26 -1.369844053645298815e+26 -1.301439161978023220e+26
-1.088949705765638503e+26 -1.257567250249437694e+26 -1.269473189541087153e+26
-1.296407418260192506e+26 -1.064715928741084440e+26 -1.370870242331436173e+26
-1.368801843944377228e+26 -1.187063781424621525e+26 -1.343875806739218020e+26
-1.306464533450224592e+26 -1.173780614430549441e+26 -1.348439535934889211e+26
-1.170811068847294645e+26 -1.374853501611858243e+26 -1.372196944613233976e+26
-1.073654137597873865e+26 -1.379758777671959271e+26 -1.254557662946401975e+26
-1.247943376446091280e+26 -1.116105833072894332e+26 -1.391428388413177023e+26
-1.388181054273008941e+26 -1.125200887831827673e+26 -1.383565997562888552e+26
-1.122073689061094649e+26 -1.327696300855839635e+26 -1.355838041997057417e+26
-1.121331463486027533e+26 -1.391999737339269764e+26 -1.288959484533425182e+26
-1.077641351329883367e+26 -1.294722963743544428e+26 -1.303059681094481408e+26
-1.381661302808899242e+26 -1.069429688294971752e+26 -1.379729740963785193e+26
-1.082681139706485477e+26 -1.239657121776140685e+26 -1.378371753545888601e+26
-1.219678549715429680e+26 -1.281938362693930964e+26 -1.399796420570189440e+26
-1.288347440385241290e+26 -1.061014585090735960e+26 -1.398053340590188642e+26
-1.214610565357260128e+26 -1.239069662804261290e+26 -1.236392074118999935e+26
-1.239253859273921684e+26 -1.107519774491492754e+26 -1.338347773165925751e+26
-1.360471732732971291e+26 -1.124062355456530543e+26 -1.334767866291725830e+26
-1.277453116381654303e+26 -1.191393478247904630e+26 -1.358039503772601846e+26
-1.144451400552312298e+26 -1.306723924369819622e+26 -1.396576496499381160e+26
-1.116859267031565109e+26 -1.346896823418416252e+26 -1.328717378314510865e+26
-1.185833897840046893e+26 -1.395999855909656755e+26 -1.321935180673781561e+26
-1.264855656855954742e+26 -1.087121931469432853e+26 -1.380806161809097557e+26
-1.285814704976921341e+26 -1.064578030827836171e+26 -1.322802195806891875e+26
-1.121619914803217902e+26 -1.356020177904494081e+26 -1.386222713728575618e+26
-1.097205466035276590e+26 -1.335155452880285519e+26 -1.297337080622002511e+26
