-1.283300699321176586e+26 -1.061589266272029753e+26 -1.397793980411783035e+26
-1.124715807664453223e+26 -1.367890574650179262e+26 -1.369885949352298025e+26
-1.368801843944377228e+26 -1.187063781424621525e+26 -1.343875806739218020e+26
-1.120621423172822513e+26 -1.379400694431430917e+26 -1.301348302089432054e+26
-1.088509142208398450e+26 -1.264150499029024725e+26 -1.333411519861962432e+26
-1.083564514354817433e+26 -1.380519943617738052e+26 -1.260457619104529142e+26
-1.140062774949769204e+26 -1.301254246320489047e+26 -1.395026062901282568e+26
-1.384671871770931101e+26 -1.078476942248878649e+26 -1.375949844339873020e+26
-1.293301511009151922e+26 -1.183249795542746387e+26 -1.352157084347835903e+26
-1.105648307594802422e+26 -1.249163232152500395e+26 -1.381265859107169005e+26
-1.195246009988233443e+26 -1.243441786689830429e+26 -1.235431198941659498e+26
-1.239253859273921684e+26 -1.107519774491492754e+26 -1.338347773165925751e+26
-1.195581296178508520e+26 -1.295805188816689314e+26 -1.332618527700374980e+26
-1.185833897840046893e+26 -1.395999855909656755e+26 -1.321935180673781561e+26
-1.119121854275800666e+26 -1.323974693020517230e+26 -1.359742869591719654e+26
-1.324272744162639246e+26 -1.217226631336846303e+26 -1.379820736309948889e+26
-1.067253719089274889e+26 -1.327879642106081162e+26 -1.252191177256936835e+26
-1.120347143641393753e+26 -1.347675564289402056e+26 -1.330021212731294322e+26
-1.093992076589200533e+26 -1.258328348896909886e+26 -1.261442050698089918e+26
-1.170811068847294645e+26 -1.374853501611858243e+26 -1.372196944613233976e+26
-1.257705326641985543e+26 -1.086130793390626942e+26 -1.380787624074178538e+26
-1.077641351329883367e+26 -1.294722963743544428e+26 -1.303059681094481408e+26
-1.346266872655776927e+26 -1.126884927053091078e+26 -1.354455073145104719e+26
-1.285814704976921341e+26 -1.064578030827836171e+26 -1.322802195806891875e+26
-1.094611428695360307e+26 -1.338130026215628053e+26 -1.305020741223161301e+26
-1.305906038788685143e+26 -1.068281234888747120e+26 -1.370067307857777113e+26
-1.200816381227553447e+26 -1.213679438040348479e+26 -1.361979031129886096e+26
