-1.142594964642910403e+26 -1.298366338215026809e+26 -1.395149275308498208e+26
-1.361511689590792810e+26 -1.097436130567280547e+26 -1.363662425805824690e+26
-1.081288509557231621e+26 -1.288135318288910955e+26 -1.286301509745287390e+26
-1.257785218256993630e+26 -1.085715319809090278e+26 -1.368106936855642944e+26
-1.314428548414949543e+26 -1.198449158616435438e+26 -1.363443647328673006e+26
-1.165345133910476078e+26 -1.380404310016514734e+26 -1.359023415278210883e+26
-1.113955310662717082e+26 -1.360074909377322656e+26 -1.313896534399482463e+26
-1.093403308213253805e+26 -1.257223295434598917e+26 -1.356528610785154687e+26
-1.119988391241766945e+26 -1.326062380240631657e+26 -1.360148384937038551e+26
-1.286457851398865750e+26 -1.063216763211588818e+26 -1.391640568434984814e+26
-1.188047801375351547e+26 -1.261549276898262238e+26 -1.275531121945055396e+26
-1.082994604169727264e+26 -1.372999734152960843e+26 -1.258777732414184980e+26
