-1.357066535993569574e+26 -1.215167915870321441e+26 -1.356911287840277449e+26
-1.118318300058728559e+26 -1.328466965476895059e+26 -1.347440065680930599e+26
-1.285814704976921341e+26 -1.064578030827836171e+26 -1.322802195806891875e+26
-1.085617719395818465e+26 -1.273304612715542195e+26 -1.337188986726707848e+26
-1.272328767180562831e+26 -1.065276064935295200e+26 -1.395532675369923913e+26
-1.139834086272257681e+26 -1.300375215337662837e+26 -1.395120197439546625e+26
-1.113290764083053712e+26 -1.381704181235540202e+26 -1.287367073280670404e+26
-1.117043609864280576e+26 -1.250463758296002328e+26 -1.234167553705115180e+26
-1.355573959998059524e+26 -1.129545505794585205e+26 -1.335935811901330129e+26
-1.138774356474744238e+26 -1.339965304467159263e+26 -1.377767265519557876e+26
-1.383019615669353441e+26 -1.067002651540059408e+26 -1.381065540699180165e+26
-1.258093459303750566e+26 -1.075680336616131999e+26 -1.374280220566055569e+26
-1.188091999104480785e+26 -1.395055415581463446e+26 -1.361162531913735944e+26
-1.095089067446524888e+26 -1.339111762962042967e+26 -1.291409491104392798e+26
-1.288611353715719680e+26 -1.184619299856614226e+26 -1.354347208450404758e+26
-1.190761845471124323e+26 -1.298578554041241052e+26 -1.319182949126412087e+26
-1.256294508235955248e+26 -1.105392097893163827e+26 -1.391055986795890858e+26
-1.077641351329883367e+26 -1.294722963743544428e+26 -1.303059681094481408e+26
-1.075965888670561047e+26 -1.367799601401967104e+26 -1.267365225776451986e+26
-1.076154745799067762e+26 -1.241047991950211854e+26 -1.373893322442722297e+26
-1.205613645591705783e+26 -1.241308486619432823e+26 -1.236621661789794279e+26
-1.118164991168082769e+26 -1.322630540259483196e+26 -1.362439997075175301e+26
-1.155345426577938861e+26 -1.246129797572546203e+26 -1.377764401395463836e+26
-1.384767603805256342e+26 -1.111607827202573858e+26 -1.369233145733599126e+26
-1.106031718531501760e+26 -1.248094699199648313e+26 -1.302409929001983914e+26
-1.323063793547407110e+26 -1.216876226312613986e+26 -1.382912592185925529e+26
-1.167699741065702437e+26 -1.371124043695535172e+26 -1.371384726471284700e+26
-1.184216078691472205e+26 -1.396836219175234162e+26 -1.306118021500624787e+26
-1.067253719089274889e+26 -1.327879642106081162e+26 -1.252191177256936835e+26
-1.075960062847003145e+26 -1.267665215511585629e+26 -1.271049014546333459e+26
-1.120488888078435735e+26 -1.352598423964084360e+26 -1.324806881782179744e+26
-1.126985380635541033e+26 -1.381109508926169301e+26 -1.349979516341004112e+26
-1.366215168240187847e+26 -1.179666793520414886e+26 -1.335830324316840381e+26
-1.239253859273921684e+26 -1.107519774491492754e+26 -1.338347773165925751e+26
-1.323572912085496200e+26 -1.123113635874392804e+26 -1.383704652163564366e+26
-1.293110791507840515e+26 -1.058800764859444282e+26 -1.399213630233689398e+26
-1.106816838656626501e+26 -1.359721785658843800e+26 -1.396795277697955548e+26
-1.296407418260192506e+26 -1.064715928741084440e+26 -1.370870242331436173e+26
-1.219678549715429680e+26 -1.281938362693930964e+26 -1.399796420570189440e+26
-1.078279483917739960e+26 -1.393292149725506273e+26 -1.240264810418098569e+26
-1.112552072093040904e+26 -1.252607413122054452e+26 -1.380086930528719413e+26
-1.096215527261345750e+26 -1.335957916549105321e+26 -1.320601219755799285e+26
-1.127233872577638872e+26 -1.387923874296501820e+26 -1.302357606410085958e+26
-1.332422127134813256e+26 -1.089724033050396339e+26 -1.355081185725779437e+26
