-1.190761845471124323e+26 -1.298578554041241052e+26 -1.319182949126412087e+26
-1.325564284045049747e+26 -1.101032996184268079e+26 -1.366964419372338556e+26
-1.118140545991830019e+26 -1.325927672880090636e+26 -1.380180439963894134e+26
-1.119682415209857040e+26 -1.384726742684164638e+26 -1.295753227062335769e+26
-1.324272744162639246e+26 -1.217226631336846303e+26 -1.379820736309948889e+26
-1.075749705802539140e+26 -1.291661186256033058e+26 -1.296297778424270437e+26
-1.286533719775744785e+26 -1.062539621524298466e+26 -1.392346419216917953e+26
-1.128570616498231076e+26 -1.372677099409938469e+26 -1.364782694654747682e+26
-1.120598005084038523e+26 -1.349774435872313983e+26 -1.326027403296995550e+26
-1.079082044205308595e+26 -1.241240703305830934e+26 -1.377036414519299123e+26
-1.388600382990367049e+26 -1.116691529230921568e+26 -1.369614546330691381e+26
-1.071800359537327467e+26 -1.345865993445013259e+26 -1.255416828284494083e+26
-1.142274324248815271e+26 -1.300717693997529200e+26 -1.395158572836530034e+26
-1.246329729505540395e+26 -1.118627723036243584e+26 -1.381687212513453288e+26
-1.195246009988233443e+26 -1.243441786689830429e+26 -1.235431198941659498e+26
-1.288611353715719680e+26 -1.184619299856614226e+26 -1.354347208450404758e+26
-1.116576981486346982e+26 -1.244463170075985096e+26 -1.309229834931410354e+26
-1.076819650198570361e+26 -1.387659668893359571e+26 -1.251932576123865410e+26
-1.282704960717951130e+26 -1.070444437129943644e+26 -1.324563468542424875e+26
-1.096437461005328084e+26 -1.254942631358197157e+26 -1.242916022184975720e+26
-1.085617719395818465e+26 -1.273304612715542195e+26 -1.337188986726707848e+26
-1.381661302808899242e+26 -1.069429688294971752e+26 -1.379729740963785193e+26
-1.118605900158557287e+26 -1.324570209690096713e+26 -1.355857865987517804e+26
-1.185833897840046893e+26 -1.395999855909656755e+26 -1.321935180673781561e+26
-1.354672845716994086e+26 -1.135831305385986697e+26 -1.334056955105299408e+26
-1.375313738582302486e+26 -1.191569674254696532e+26 -1.350906470875919057e+26
-1.170811068847294645e+26 -1.374853501611858243e+26 -1.372196944613233976e+26
-1.094531341937924200e+26 -1.339520434440099668e+26 -1.303646466078842419e+26
-1.256765654401682290e+26 -1.079543489829939004e+26 -1.375212457335140121e+26
-1.123493956685222157e+26 -1.254742348584350756e+26 -1.381834673291265682e+26
