-1.106663748640928099e+26 -1.338708562401051347e+26 -1.349100167107161639e+26
-1.290197025544194154e+26 -1.060661802714572156e+26 -1.393294338783568397e+26
-1.288611353715719680e+26 -1.184619299856614226e+26 -1.354347208450404758e+26
-1.129839956431646357e+26 -1.388140514576665224e+26 -1.306550158811563874e+26
-1.087507528166165208e+26 -1.263349348992538194e+26 -1.277107107662675696e+26
-1.381661302808899242e+26 -1.069429688294971752e+26 -1.379729740963785193e+26
-1.139176272867337798e+26 -1.300638564103335937e+26 -1.394769311108457782e+26
-1.066221391190450368e+26 -1.370513726036554641e+26 -1.264777149865704036e+26
-1.205613645591705783e+26 -1.241308486619432823e+26 -1.236621661789794279e+26
-1.357224375633892662e+26 -1.122086749093880713e+26 -1.335905552774661418e+26
-1.076154745799067762e+26 -1.241047991950211854e+26 -1.373893322442722297e+26
-1.169018795180484702e+26 -1.373396269203484230e+26 -1.371845083414077950e+26
-1.254316473851108820e+26 -1.061385700497672576e+26 -1.386413873061839868e+26
-1.119737058638238546e+26 -1.323004181768590085e+26 -1.356992158648819609e+26
-1.324272744162639246e+26 -1.217226631336846303e+26 -1.379820736309948889e+26
-1.076212803144178294e+26 -1.299196355509333370e+26 -1.302870707449503603e+26
-1.090319887569730500e+26 -1.281407770791142025e+26 -1.347166546613066177e+26
-1.285814704976921341e+26 -1.064578030827836171e+26 -1.322802195806891875e+26
-1.368801843944377228e+26 -1.187063781424621525e+26 -1.343875806739218020e+26
-1.091953736438342850e+26 -1.344894703101384810e+26 -1.291841780605079952e+26
-1.267120371865058641e+26 -1.082415207362788626e+26 -1.377099867208394304e+26
-1.125205313161840383e+26 -1.381402183378421658e+26 -1.360125213895698562e+26
-1.116435338639966903e+26 -1.343836291584258618e+26 -1.325890339318342800e+26
-1.190761845471124323e+26 -1.298578554041241052e+26 -1.319182949126412087e+26
-1.117043609864280576e+26 -1.250463758296002328e+26 -1.234167553705115180e+26
-1.067253719089274889e+26 -1.327879642106081162e+26 -1.252191177256936835e+26
-1.120510832013836762e+26 -1.253370640012705736e+26 -1.383396928145431630e+26
-1.150978228526633124e+26 -1.235733354276032688e+26 -1.328814084115706488e+26
-1.115083415648715194e+26 -1.371536270934866797e+26 -1.298048580150581367e+26
-1.219678549715429680e+26 -1.281938362693930964e+26 -1.399796420570189440e+26
-1.110874223428937418e+26 -1.397411248049436456e+26 -1.268961079561309161e+26
-1.239253859273921684e+26 -1.107519774491492754e+26 -1.338347773165925751e+26
-1.324288770917150939e+26 -1.100000923559830414e+26 -1.370263713831928274e+26
-1.388181054273008941e+26 -1.125200887831827673e+26 -1.383565997562888552e+26
-1.199583556606534583e+26 -1.401433517168026488e+26 -1.275804734761804663e+26
-1.126384844411692664e+26 -1.336139158972272150e+26 -1.380319716662742967e+26
-1.247608701536810175e+26 -1.112577367072764429e+26 -1.390746327967748878e+26
-1.081086884005297363e+26 -1.389003829307363900e+26 -1.244338176027099915e+26
-1.190199269797002988e+26 -1.395468998831450736e+26 -1.347004665726171615e+26
-1.084491295549957481e+26 -1.262219143814105761e+26 -1.315829761207130637e+26
