-1.108070592716185441e+26 -1.345066631859829295e+26 -1.315406118606137979e+26
-1.319538492265576296e+26 -1.096685560204044533e+26 -1.344715356550537331e+26
-1.096322538522766132e+26 -1.256034150397024743e+26 -1.356020947469515713e+26
-1.314428548414949543e+26 -1.198449158616435438e+26 -1.363443647328673006e+26
-1.286016621994720809e+26 -1.062796509050643995e+26 -1.392324666256237016e+26
-1.144920422683659505e+26 -1.298494505487443934e+26 -1.392023448075894652e+26
-1.190126783494063544e+26 -1.256109644262059496e+26 -1.252780939438026257e+26
-1.075331893421882677e+26 -1.365231437754358761e+26 -1.255446652985527008e+26
-1.158056669052442189e+26 -1.377887409719343131e+26 -1.363633934349700977e+26
-1.081042868692402231e+26 -1.279948855579440704e+26 -1.287377516509146011e+26
-1.254497327503389912e+26 -1.088828865127169167e+26 -1.374878460074962433e+26
-1.119375111339787742e+26 -1.325327075594370269e+26 -1.359564419546051237e+26
-1.383508631280986346e+26 -1.086469503013682049e+26 -1.374287148115230058e+26
-1.123314285273342415e+26 -1.385486141524340208e+26 -1.294846477412311636e+26
