-1.293110791507840515e+26 -1.058800764859444282e+26 -1.399213630233689398e+26
-1.123459127300417400e+26 -1.345659141552879345e+26 -1.331156416744262858e+26
-1.284039877874558984e+26 -1.199038460411991418e+26 -1.344677580684099255e+26
-1.148366491736621748e+26 -1.256041934129985144e+26 -1.394981919803924648e+26
-1.098682020243347072e+26 -1.252492360281447340e+26 -1.291564230335167249e+26
-1.355573959998059524e+26 -1.129545505794585205e+26 -1.335935811901330129e+26
-1.075392796380465570e+26 -1.392249552305982430e+26 -1.245250210713979203e+26
-1.138521643441275363e+26 -1.347487616454590353e+26 -1.375009751126865566e+26
-1.269748623764741905e+26 -1.092289658781765105e+26 -1.386726245685390923e+26
-1.112897612306750582e+26 -1.314435248458403956e+26 -1.380250300396626608e+26
-1.209028321491310146e+26 -1.290926724525569178e+26 -1.303518217604383572e+26
-1.121119717628163344e+26 -1.398732163140458791e+26 -1.302346443596441273e+26
-1.077595443266274995e+26 -1.300481046461733565e+26 -1.303316167711889114e+26
-1.069362418113021113e+26 -1.242866211393556524e+26 -1.363091241114211569e+26
-1.366348840757269354e+26 -1.056637453407592833e+26 -1.392355598365971964e+26
-1.140251521301532294e+26 -1.250894879283803333e+26 -1.234362216568132896e+26
-1.123954072921560962e+26 -1.327651246269939702e+26 -1.359589742432726261e+26
-1.324672959065152364e+26 -1.220190119117222296e+26 -1.379243024634866792e+26
-1.146046822900975063e+26 -1.297663238143392406e+26 -1.396521383634551579e+26
-1.191655494662417025e+26 -1.385558188151097369e+26 -1.374721232237426832e+26
-1.285814704976921341e+26 -1.064578030827836171e+26 -1.322802195806891875e+26
-1.067770642404654469e+26 -1.322576555633783988e+26 -1.251372647038160315e+26
-1.332422127134813256e+26 -1.089724033050396339e+26 -1.355081185725779437e+26
-1.099203017617407734e+26 -1.280205875266501151e+26 -1.345611223149664062e+26
-1.167336960275533040e+26 -1.389712763731590051e+26 -1.333905813727135825e+26
-1.093570060961839418e+26 -1.358852974564954106e+26 -1.280545870329334730e+26
-1.246225049787716341e+26 -1.055827292285692653e+26 -1.374605629817897840e+26
-1.236647847862234399e+26 -1.133759062816338751e+26 -1.323240157115111560e+26
-1.075960062847003145e+26 -1.267665215511585629e+26 -1.271049014546333459e+26
-1.076718143115201152e+26 -1.271787045945873869e+26 -1.333064363914921195e+26
-1.366215168240187847e+26 -1.179666793520414886e+26 -1.335830324316840381e+26
-1.118466697847078640e+26 -1.263528348425804020e+26 -1.372684343520196857e+26
-1.119602421147487792e+26 -1.377939336814572114e+26 -1.294480875024212301e+26
-1.397131467895334402e+26 -1.117369956428751525e+26 -1.381145187073199248e+26
-1.178622886295042920e+26 -1.248024958064947421e+26 -1.237310424802177657e+26
-1.100324527491109190e+26 -1.333026951413521810e+26 -1.318264970760234050e+26
-1.163723764415934607e+26 -1.379507150307974073e+26 -1.370125533332755886e+26
-1.115079985900551687e+26 -1.387603895959850935e+26 -1.346711877914298266e+26
-1.219678549715429680e+26 -1.281938362693930964e+26 -1.399796420570189440e+26
-1.243661472469481152e+26 -1.117206596318381071e+26 -1.389979723056055445e+26
-1.214610565357260128e+26 -1.239069662804261290e+26 -1.236392074118999935e+26
-1.388223786545312199e+26 -1.074912074675277002e+26 -1.374318659219990937e+26
-1.283793957808755960e+26 -1.183244773281058624e+26 -1.362413647611821842e+26
-1.199583556606534583e+26 -1.401433517168026488e+26 -1.275804734761804663e+26
-1.306464533450224592e+26 -1.173780614430549441e+26 -1.348439535934889211e+26
-1.296407418260192506e+26 -1.064715928741084440e+26 -1.370870242331436173e+26
-1.272328767180562831e+26 -1.065276064935295200e+26 -1.395532675369923913e+26
-1.232329466194533635e+26 -1.201053351623028807e+26 -1.380628697681229639e+26
-1.114220913976526812e+26 -1.318719579191861606e+26 -1.354424291977162005e+26
-1.094136166281474861e+26 -1.329268389872363026e+26 -1.290092193381055501e+26
-1.389858369142441547e+26 -1.091163453428203081e+26 -1.327760192634099351e+26
-1.323572912085496200e+26 -1.123113635874392804e+26 -1.383704652163564366e+26
-1.257672511832151498e+26 -1.079774199396729085e+26 -1.373673558315789130e+26
-1.066489387109728079e+26 -1.362716291110031099e+26 -1.262831847112612100e+26
-1.240122529744484113e+26 -1.098773345049877308e+26 -1.343383645182863814e+26
-1.110874223428937418e+26 -1.397411248049436456e+26 -1.268961079561309161e+26
-1.109566988978752615e+26 -1.391249455273765296e+26 -1.399581387413766141e+26
-1.122301586382098160e+26 -1.362671244436048820e+26 -1.312809376615438974e+26
-1.093835698427028687e+26 -1.250032637308201152e+26 -1.233972890842097463e+26
-1.105441763495563444e+26 -1.343957950851383052e+26 -1.395402222840050252e+26
-1.135914426686783042e+26 -1.376238718650908075e+26 -1.352430245161033453e+26
-1.117056265963733622e+26 -1.241498207576949688e+26 -1.318678477002208827e+26
-1.063339561184680299e+26 -1.368752937160061809e+26 -1.325011528901432804e+26
-1.093806488953052614e+26 -1.238637969278627688e+26 -1.387326225155657866e+26
-1.111186110902009191e+26 -1.343104432544332591e+26 -1.347424411291249925e+26
-1.157544333457216094e+26 -1.309179953828327440e+26 -1.323612849110437227e+26
-1.197456006021317244e+26 -1.399570117458538852e+26 -1.333029770576415745e+26
-1.376561871056945714e+26 -1.209254745137241272e+26 -1.368012254006350423e+26
-1.169303296260573088e+26 -1.226305524457668322e+26 -1.343329364578542382e+26
-1.077748470144969396e+26 -1.281287437401103165e+26 -1.302461212320530036e+26
-1.128762876711257447e+26 -1.294845401126413064e+26 -1.389644420794542745e+26
-1.139164811013882944e+26 -1.317602701852340846e+26 -1.395865168226079419e+26
-1.165391717789581288e+26 -1.363777040992199177e+26 -1.372753783319196662e+26
-1.370280227028357674e+26 -1.140862750637979970e+26 -1.388407618542267332e+26
-1.189104125457892614e+26 -1.300929683663369647e+26 -1.332632730656427947e+26
-1.319870380234995805e+26 -1.184628265752710374e+26 -1.386175564735850933e+26
