-1.271292815217704307e+26 -1.062846435354082133e+26 -1.394933786447909104e+26
-1.126384844411692664e+26 -1.336139158972272150e+26 -1.380319716662742967e+26
-1.299559645830779485e+26 -1.176634130933828489e+26 -1.352690659474067339e+26
-1.091953736438342850e+26 -1.344894703101384810e+26 -1.291841780605079952e+26
-1.117043609864280576e+26 -1.250463758296002328e+26 -1.234167553705115180e+26
-1.332422127134813256e+26 -1.089724033050396339e+26 -1.355081185725779437e+26
-1.107409345001502154e+26 -1.243846014470745709e+26 -1.384999089890968686e+26
-1.140866818669947137e+26 -1.301041339840777496e+26 -1.396043374811633521e+26
-1.209028321491310146e+26 -1.290926724525569178e+26 -1.303518217604383572e+26
-1.188900693725967954e+26 -1.397400952412976490e+26 -1.316034015155040082e+26
-1.089042713029834159e+26 -1.279925379942334767e+26 -1.311621857817105382e+26
-1.324272744162639246e+26 -1.217226631336846303e+26 -1.379820736309948889e+26
-1.366348840757269354e+26 -1.056637453407592833e+26 -1.392355598365971964e+26
-1.171007900665085302e+26 -1.375963642203609788e+26 -1.370292865908627982e+26
-1.239253859273921684e+26 -1.107519774491492754e+26 -1.338347773165925751e+26
-1.271347870163464179e+26 -1.090028601261912089e+26 -1.388980748088413060e+26
-1.285814704976921341e+26 -1.064578030827836171e+26 -1.322802195806891875e+26
-1.122271128039049198e+26 -1.365618965510710005e+26 -1.314559613050490754e+26
-1.205613645591705783e+26 -1.241308486619432823e+26 -1.236621661789794279e+26
-1.357674855288102117e+26 -1.131162255057927216e+26 -1.343431784278606995e+26
-1.112029082459515419e+26 -1.391562000663118175e+26 -1.271008374404756104e+26
-1.390168781075029609e+26 -1.085028788901264463e+26 -1.371028118132043441e+26
-1.078279483917739960e+26 -1.393292149725506273e+26 -1.240264810418098569e+26
-1.169303296260573088e+26 -1.226305524457668322e+26 -1.343329364578542382e+26
-1.111701874935898139e+26 -1.296686265708552429e+26 -1.374670998141093931e+26
-1.071116312428668997e+26 -1.332034398487994564e+26 -1.246791349971105146e+26
-1.219678549715429680e+26 -1.281938362693930964e+26 -1.399796420570189440e+26
-1.296407418260192506e+26 -1.064715928741084440e+26 -1.370870242331436173e+26
-1.121383816846344318e+26 -1.347288734891755012e+26 -1.332003877486252009e+26
-1.243661472469481152e+26 -1.117206596318381071e+26 -1.389979723056055445e+26
-1.125205313161840383e+26 -1.381402183378421658e+26 -1.360125213895698562e+26
-1.086357209260152989e+26 -1.270562433727166801e+26 -1.337407467163553707e+26
-1.070763809925328192e+26 -1.300505719398473713e+26 -1.297346651507468054e+26
-1.254810646321042666e+26 -1.073787472618969934e+26 -1.373906576191316264e+26
-1.072432884267783549e+26 -1.241890703354562598e+26 -1.372804504144433722e+26
-1.271094086331624233e+26 -1.197395570133071199e+26 -1.356997686812544284e+26
-1.293110791507840515e+26 -1.058800764859444282e+26 -1.399213630233689398e+26
-1.368801843944377228e+26 -1.187063781424621525e+26 -1.343875806739218020e+26
-1.100325023020928931e+26 -1.331858538972735781e+26 -1.320049931112595009e+26
-1.093797058580534879e+26 -1.257947701639070950e+26 -1.286019791185339107e+26
-1.118960883761220821e+26 -1.325067607475438425e+26 -1.355882970487839890e+26
-1.141102091540972117e+26 -1.258212917234278251e+26 -1.383038338660925292e+26
-1.178584194791000384e+26 -1.303679773718355578e+26 -1.329626103474431040e+26
-1.120329417398840665e+26 -1.384160507072711743e+26 -1.297966081479785975e+26
-1.323572912085496200e+26 -1.123113635874392804e+26 -1.383704652163564366e+26
-1.070570573384629688e+26 -1.370736529636261212e+26 -1.264086231298604132e+26
