-1.191827296190232005e+26 -1.285876665336829148e+26 -1.334148647254398894e+26
-1.300551397781662357e+26 -1.071578495648439569e+26 -1.339760804754547965e+26
-1.124957455750792759e+26 -1.385640224830534271e+26 -1.296038882077234040e+26
-1.118711042104420362e+26 -1.325152289897745822e+26 -1.360001770839393450e+26
-1.332398808056330995e+26 -1.214942094895792833e+26 -1.375812165051379127e+26
-1.075331893421882677e+26 -1.365231437754358761e+26 -1.255446652985527008e+26
-1.091907648147286658e+26 -1.267779032014858434e+26 -1.327991867556851313e+26
-1.288611353715719680e+26 -1.184619299856614226e+26 -1.354347208450404758e+26
-1.140511624505815273e+26 -1.298810337553434865e+26 -1.395023676787911916e+26
-1.261497377876943705e+26 -1.076346878090228640e+26 -1.380969879682709364e+26
-1.128570616498231076e+26 -1.372677099409938469e+26 -1.364782694654747682e+26
-1.174313913834614273e+26 -1.378914451610475857e+26 -1.365634978992101323e+26
-1.383835220922922837e+26 -1.074756196586876086e+26 -1.376521391627742352e+26
-1.109602649400153086e+26 -1.346107782552864589e+26 -1.316948569008381976e+26
-1.183826270828314620e+26 -1.244503950840889717e+26 -1.235868513382573933e+26
-1.244467569577223442e+26 -1.112671409640333804e+26 -1.370196142314276549e+26
-1.095753306111207159e+26 -1.247272295658127126e+26 -1.377228342181336049e+26
-1.078641153722748208e+26 -1.287395525458459888e+26 -1.284883919173804578e+26
-1.290197025544194154e+26 -1.060661802714572156e+26 -1.393294338783568397e+26
-1.351181733864365873e+26 -1.133188961498318219e+26 -1.352862773817039023e+26
