-1.324272744162639246e+26 -1.217226631336846303e+26 -1.379820736309948889e+26
-1.112155857737212460e+26 -1.315141237828376254e+26 -1.354444821643671822e+26
-1.271687765876830192e+26 -1.070497406565231614e+26 -1.396343309301888577e+26
-1.098003016202888961e+26 -1.330492480923800117e+26 -1.294396131598114952e+26
-1.139416881676166253e+26 -1.301485862315370585e+26 -1.394687538261009127e+26
-1.357224375633892662e+26 -1.122086749093880713e+26 -1.335905552774661418e+26
-1.190297547422613888e+26 -1.389233037295174714e+26 -1.363097107115862754e+26
-1.190761845471124323e+26 -1.298578554041241052e+26 -1.319182949126412087e+26
-1.087057869553905386e+26 -1.270080123474084040e+26 -1.335904365238056867e+26
-1.381661302808899242e+26 -1.069429688294971752e+26 -1.379729740963785193e+26
-1.119565162905617120e+26 -1.384503043112973016e+26 -1.294112813188907334e+26
-1.195246009988233443e+26 -1.243441786689830429e+26 -1.235431198941659498e+26
-1.285814704976921341e+26 -1.064578030827836171e+26 -1.322802195806891875e+26
-1.078279483917739960e+26 -1.393292149725506273e+26 -1.240264810418098569e+26
-1.293301511009151922e+26 -1.183249795542746387e+26 -1.352157084347835903e+26
-1.131250608837936269e+26 -1.382099577506248532e+26 -1.346516049886569141e+26
-1.293798892503413815e+26 -1.059478607111501197e+26 -1.390807682671595837e+26
-1.259201110227901562e+26 -1.077344324181262458e+26 -1.375014972452743818e+26
-1.120510832013836762e+26 -1.253370640012705736e+26 -1.383396928145431630e+26
-1.075292441730048438e+26 -1.296226386728533896e+26 -1.300398845213188926e+26
-1.070570573384629688e+26 -1.370736529636261212e+26 -1.264086231298604132e+26
-1.104799657294259408e+26 -1.249960015404196210e+26 -1.235333622423780287e+26
-1.121778322177470879e+26 -1.328751953934726422e+26 -1.361194311038822587e+26
-1.324825665040891950e+26 -1.082666389323908579e+26 -1.360183010083201290e+26
-1.121110341329921926e+26 -1.348690957756206445e+26 -1.328059821823709593e+26
-1.232329466194533635e+26 -1.201053351623028807e+26 -1.380628697681229639e+26
-1.368801843944377228e+26 -1.187063781424621525e+26 -1.343875806739218020e+26
-1.195770514909856677e+26 -1.400739299979450187e+26 -1.298041139898175351e+26
-1.239253859273921684e+26 -1.107519774491492754e+26 -1.338347773165925751e+26
-1.100080786130257367e+26 -1.357343179386514510e+26 -1.290868919728474995e+26
-1.160706982220805001e+26 -1.368334753518368381e+26 -1.372964244208579449e+26
-1.247943376446091280e+26 -1.116105833072894332e+26 -1.391428388413177023e+26
-1.150978228526633124e+26 -1.235733354276032688e+26 -1.328814084115706488e+26
-1.071116312428668997e+26 -1.332034398487994564e+26 -1.246791349971105146e+26
-1.323572912085496200e+26 -1.123113635874392804e+26 -1.383704652163564366e+26
-1.087321041545175109e+26 -1.260078787896516485e+26 -1.281306622440750440e+26
-1.076154745799067762e+26 -1.241047991950211854e+26 -1.373893322442722297e+26
-1.091081851720300212e+26 -1.338781916120330971e+26 -1.322334359216289427e+26
-1.219678549715429680e+26 -1.281938362693930964e+26 -1.399796420570189440e+26
-1.106816838656626501e+26 -1.359721785658843800e+26 -1.396795277697955548e+26
-1.388181054273008941e+26 -1.125200887831827673e+26 -1.383565997562888552e+26
