-1.075392796380465570e+26 -1.392249552305982430e+26 -1.245250210713979203e+26
-1.263072178907835354e+26 -1.087274090931787074e+26 -1.380366196618464466e+26
-1.109017256232219306e+26 -1.307355474638015242e+26 -1.336373210716240923e+26
-1.323063793547407110e+26 -1.216876226312613986e+26 -1.382912592185925529e+26
-1.114230969214060752e+26 -1.327129704598166456e+26 -1.382319927563711886e+26
-1.385736639153387117e+26 -1.113571499380014756e+26 -1.333155909700965607e+26
-1.153041976299369112e+26 -1.249938238877517972e+26 -1.235344952646147759e+26
-1.093570060961839418e+26 -1.358852974564954106e+26 -1.280545870329334730e+26
-1.167699741065702437e+26 -1.371124043695535172e+26 -1.371384726471284700e+26
-1.098682020243347072e+26 -1.252492360281447340e+26 -1.291564230335167249e+26
-1.146046822900975063e+26 -1.297663238143392406e+26 -1.396521383634551579e+26
-1.296407418260192506e+26 -1.064715928741084440e+26 -1.370870242331436173e+26
-1.102190441679615277e+26 -1.237743233269905849e+26 -1.387302138388603366e+26
-1.388223786545312199e+26 -1.074912074675277002e+26 -1.374318659219990937e+26
-1.073282156754803252e+26 -1.295770454854856770e+26 -1.298640436340853037e+26
-1.122301586382098160e+26 -1.362671244436048820e+26 -1.312809376615438974e+26
-1.299559645830779485e+26 -1.176634130933828489e+26 -1.352690659474067339e+26
-1.293110791507840515e+26 -1.058800764859444282e+26 -1.399213630233689398e+26
-1.199583556606534583e+26 -1.401433517168026488e+26 -1.275804734761804663e+26
-1.209028321491310146e+26 -1.290926724525569178e+26 -1.303518217604383572e+26
-1.109543597292715718e+26 -1.316702763450145231e+26 -1.360266222932653541e+26
-1.279485297230778096e+26 -1.065165920709768579e+26 -1.323414883608133665e+26
-1.323572912085496200e+26 -1.123113635874392804e+26 -1.383704652163564366e+26
-1.080489555284749076e+26 -1.272668056113403125e+26 -1.336553575200233630e+26
-1.331731877532970312e+26 -1.083546209215417931e+26 -1.358818461582635739e+26
-1.116831758812862585e+26 -1.263163967269119321e+26 -1.366470982161515767e+26
-1.126647109786891549e+26 -1.392249872582784958e+26 -1.299217261749807611e+26
-1.073093074628972912e+26 -1.326348535318902742e+26 -1.243900033917459337e+26
-1.118775687475156594e+26 -1.353520643462848999e+26 -1.333498031189397940e+26
-1.219678549715429680e+26 -1.281938362693930964e+26 -1.399796420570189440e+26
-1.250347171513182476e+26 -1.119700968879463615e+26 -1.329185631035367302e+26
-1.214610565357260128e+26 -1.239069662804261290e+26 -1.236392074118999935e+26
-1.130544353288094399e+26 -1.380798008167247465e+26 -1.347311596226957577e+26
-1.098769437730284306e+26 -1.331325897987178213e+26 -1.304468228625241066e+26
-1.253275024520606786e+26 -1.063027377398168862e+26 -1.372313821141920357e+26
-1.232329466194533635e+26 -1.201053351623028807e+26 -1.380628697681229639e+26
-1.123901552394825405e+26 -1.325873754805797534e+26 -1.356702920229566024e+26
-1.137117485367230858e+26 -1.344508647872160321e+26 -1.374297272994792494e+26
-1.072432884267783549e+26 -1.241890703354562598e+26 -1.372804504144433722e+26
-1.247943376446091280e+26 -1.116105833072894332e+26 -1.391428388413177023e+26
-1.075960062847003145e+26 -1.267665215511585629e+26 -1.271049014546333459e+26
-1.376561871056945714e+26 -1.209254745137241272e+26 -1.368012254006350423e+26
-1.182396483148424971e+26 -1.394641440595064279e+26 -1.333467792151775785e+26
-1.114196966828347258e+26 -1.375814031180329086e+26 -1.294269320925430762e+26
-1.117056265963733622e+26 -1.241498207576949688e+26 -1.318678477002208827e+26
-1.272328767180562831e+26 -1.065276064935295200e+26 -1.395532675369923913e+26
-1.148366491736621748e+26 -1.256041934129985144e+26 -1.394981919803924648e+26
-1.366348840757269354e+26 -1.056637453407592833e+26 -1.392355598365971964e+26
-1.228160547034660892e+26 -1.095338580103521894e+26 -1.347509915296484027e+26
-1.178584194791000384e+26 -1.303679773718355578e+26 -1.329626103474431040e+26
-1.093835698427028687e+26 -1.250032637308201152e+26 -1.233972890842097463e+26
-1.388181054273008941e+26 -1.125200887831827673e+26 -1.383565997562888552e+26
-1.107599266849486639e+26 -1.387113984376732979e+26 -1.382784212219524559e+26
-1.139164811013882944e+26 -1.317602701852340846e+26 -1.395865168226079419e+26
-1.169303296260573088e+26 -1.226305524457668322e+26 -1.343329364578542382e+26
-1.366215168240187847e+26 -1.179666793520414886e+26 -1.335830324316840381e+26
-1.187923371646052388e+26 -1.395365520151635990e+26 -1.376664144393955253e+26
-1.347720287794061178e+26 -1.124925165665169423e+26 -1.336822100465893354e+26
-1.123216428656754131e+26 -1.337327687245204925e+26 -1.328973404605761507e+26
-1.069180411349456614e+26 -1.354505001731389099e+26 -1.331747346098968670e+26
-1.128762876711257447e+26 -1.294845401126413064e+26 -1.389644420794542745e+26
-1.066489387109728079e+26 -1.362716291110031099e+26 -1.262831847112612100e+26
-1.317461743707637566e+26 -1.061638581418174818e+26 -1.319738756800682927e+26
-1.280785241365896797e+26 -1.196481124760581840e+26 -1.351089934095373031e+26
-1.111937496495377380e+26 -1.338450478417440450e+26 -1.350869667742271157e+26
-1.337571200930193433e+26 -1.221081086603401439e+26 -1.345810321674204475e+26
-1.110874223428937418e+26 -1.397411248049436456e+26 -1.268961079561309161e+26
