-1.142594964642910403e+26 -1.298366338215026809e+26 -1.395149275308498208e+26
-1.242292133400900429e+26 -1.113452357940083170e+26 -1.374092257576349027e+26
-1.109602649400153086e+26 -1.346107782552864589e+26 -1.316948569008381976e+26
-1.288611353715719680e+26 -1.184619299856614226e+26 -1.354347208450404758e+26
-1.261450660289554605e+26 -1.078417487059328346e+26 -1.379329015277691299e+26
-1.349040359145119919e+26 -1.070091831311505382e+26 -1.375587029974303765e+26
-1.112971981957823065e+26 -1.252601021935323842e+26 -1.251509784915806470e+26
-1.094323388161576018e+26 -1.266785250978939735e+26 -1.336100160392800719e+26
-1.158056669052442189e+26 -1.377887409719343131e+26 -1.363633934349700977e+26
-1.123314285273342415e+26 -1.385486141524340208e+26 -1.294846477412311636e+26
-1.118821934207651168e+26 -1.325561091851849161e+26 -1.360085456798741337e+26
-1.390168781075029609e+26 -1.085028788901264463e+26 -1.371028118132043441e+26
-1.076259269109313378e+26 -1.294763752544067774e+26 -1.293493954032503652e+26
-1.288171858443211467e+26 -1.060903039912486103e+26 -1.392721571436118496e+26
-1.091510953758902851e+26 -1.242957236690662461e+26 -1.379456096369816383e+26
-1.283851151324856171e+26 -1.070292596222473763e+26 -1.328970989615355708e+26
-1.075331893421882677e+26 -1.365231437754358761e+26 -1.255446652985527008e+26
-1.328294984692970552e+26 -1.216613409321492109e+26 -1.378912391517364260e+26
-1.350541507423864846e+26 -1.138195327010374678e+26 -1.350464055539048136e+26
-1.205613645591705783e+26 -1.241308486619432823e+26 -1.236621661789794279e+26
-1.187185420602699060e+26 -1.286533049110645597e+26 -1.323207351701767108e+26
