-1.087507528166165208e+26 -1.263349348992538194e+26 -1.277107107662675696e+26
-1.296407418260192506e+26 -1.064715928741084440e+26 -1.370870242331436173e+26
-1.111523863022773098e+26 -1.316577106462717521e+26 -1.356433923875760175e+26
-1.277453116381654303e+26 -1.191393478247904630e+26 -1.358039503772601846e+26
-1.123729429442262267e+26 -1.367578643985656903e+26 -1.317157418756215209e+26
-1.357224375633892662e+26 -1.122086749093880713e+26 -1.335905552774661418e+26
-1.254210234936270391e+26 -1.057415723167775530e+26 -1.385201030011172011e+26
-1.139951549144314752e+26 -1.299104790889807372e+26 -1.395225041214402178e+26
-1.191655494662417025e+26 -1.385558188151097369e+26 -1.374721232237426832e+26
-1.066489387109728079e+26 -1.362716291110031099e+26 -1.262831847112612100e+26
-1.324272744162639246e+26 -1.217226631336846303e+26 -1.379820736309948889e+26
-1.388181054273008941e+26 -1.125200887831827673e+26 -1.383565997562888552e+26
-1.076154745799067762e+26 -1.241047991950211854e+26 -1.373893322442722297e+26
-1.205613645591705783e+26 -1.241308486619432823e+26 -1.236621661789794279e+26
-1.190761845471124323e+26 -1.298578554041241052e+26 -1.319182949126412087e+26
-1.073500641209458388e+26 -1.300536828961454985e+26 -1.299639571777365729e+26
-1.247943376446091280e+26 -1.116105833072894332e+26 -1.391428388413177023e+26
-1.285814704976921341e+26 -1.064578030827836171e+26 -1.322802195806891875e+26
-1.388223786545312199e+26 -1.074912074675277002e+26 -1.374318659219990937e+26
-1.263112425715008599e+26 -1.083154180599455794e+26 -1.379796233151743472e+26
-1.136012089587563251e+26 -1.362782472465647790e+26 -1.366022293302330957e+26
-1.121624786397055035e+26 -1.250110050449856316e+26 -1.384971517674302981e+26
-1.075392796380465570e+26 -1.392249552305982430e+26 -1.245250210713979203e+26
-1.121383816846344318e+26 -1.347288734891755012e+26 -1.332003877486252009e+26
-1.288347440385241290e+26 -1.061014585090735960e+26 -1.398053340590188642e+26
-1.331731877532970312e+26 -1.083546209215417931e+26 -1.358818461582635739e+26
-1.368801843944377228e+26 -1.187063781424621525e+26 -1.343875806739218020e+26
-1.182396483148424971e+26 -1.394641440595064279e+26 -1.333467792151775785e+26
-1.090511528705299463e+26 -1.260086898849142151e+26 -1.315638391512848131e+26
-1.306464533450224592e+26 -1.173780614430549441e+26 -1.348439535934889211e+26
-1.117043609864280576e+26 -1.250463758296002328e+26 -1.234167553705115180e+26
-1.120329417398840665e+26 -1.384160507072711743e+26 -1.297966081479785975e+26
-1.199583556606534583e+26 -1.401433517168026488e+26 -1.275804734761804663e+26
-1.122031485012550042e+26 -1.328585625567510416e+26 -1.356107643250630883e+26
-1.239253859273921684e+26 -1.107519774491492754e+26 -1.338347773165925751e+26
-1.103487435738218701e+26 -1.332123187052372423e+26 -1.315737696693200304e+26
-1.093978471282288315e+26 -1.342760924911674501e+26 -1.287310455041817973e+26
-1.110926495128583676e+26 -1.388286803015106492e+26 -1.370385172208585259e+26
-1.124409307069267612e+26 -1.327224851680658455e+26 -1.383012343434429429e+26
-1.108086562838717627e+26 -1.387619710057453456e+26 -1.268933027216425943e+26
-1.169303296260573088e+26 -1.226305524457668322e+26 -1.343329364578542382e+26
-1.069180411349456614e+26 -1.354505001731389099e+26 -1.331747346098968670e+26
-1.219678549715429680e+26 -1.281938362693930964e+26 -1.399796420570189440e+26
-1.073093074628972912e+26 -1.326348535318902742e+26 -1.243900033917459337e+26
-1.366348840757269354e+26 -1.056637453407592833e+26 -1.392355598365971964e+26
-1.323572912085496200e+26 -1.123113635874392804e+26 -1.383704652163564366e+26
-1.091362048722122295e+26 -1.276523435476108937e+26 -1.345609406095385464e+26
-1.164557741102757947e+26 -1.371642095650086625e+26 -1.371439658325976188e+26
