-1.125160485888947404e+26 -1.327484048597459303e+26 -1.357723665931979625e+26
-1.293414994034248567e+26 -1.075764033928806400e+26 -1.365680397815674739e+26
-1.073093074628972912e+26 -1.326348535318902742e+26 -1.243900033917459337e+26
-1.323383134878648257e+26 -1.220101022368604451e+26 -1.382586294930933006e+26
-1.118775687475156594e+26 -1.353520643462848999e+26 -1.333498031189397940e+26
-1.094064472491429701e+26 -1.265257020943255915e+26 -1.320873345983089156e+26
-1.214610565357260128e+26 -1.239069662804261290e+26 -1.236392074118999935e+26
-1.398291550078067787e+26 -1.055746986321305438e+26 -1.352441997253382722e+26
-1.129287542345254846e+26 -1.372782880294510751e+26 -1.313348812721059999e+26
-1.259439723176890490e+26 -1.076286919673261699e+26 -1.371882537432840721e+26
-1.167336960275533040e+26 -1.389712763731590051e+26 -1.333905813727135825e+26
-1.140537880618445396e+26 -1.330700355204920396e+26 -1.379355102339829346e+26
-1.104665904420990819e+26 -1.238046166050388362e+26 -1.389957046540082878e+26
-1.283793957808755960e+26 -1.183244773281058624e+26 -1.362413647611821842e+26
-1.293256825435784926e+26 -1.057913778348220214e+26 -1.399250362612533113e+26
-1.119406644255513880e+26 -1.286296601030385673e+26 -1.377166310295591357e+26
-1.353151542384630116e+26 -1.135769293368530162e+26 -1.341499895269017151e+26
-1.175472150336177276e+26 -1.361200198876394337e+26 -1.368923191831277039e+26
-1.209028321491310146e+26 -1.290926724525569178e+26 -1.303518217604383572e+26
-1.075960062847003145e+26 -1.267665215511585629e+26 -1.271049014546333459e+26
-1.093570060961839418e+26 -1.358852974564954106e+26 -1.280545870329334730e+26
-1.076212803144178294e+26 -1.299196355509333370e+26 -1.302870707449503603e+26
-1.264046495164130725e+26 -1.105642874942588307e+26 -1.335131104955623216e+26
-1.266842046731914325e+26 -1.101031173103275394e+26 -1.400009464910984293e+26
-1.072713592535845384e+26 -1.394730485294788346e+26 -1.243550524682084565e+26
-1.219678549715429680e+26 -1.281938362693930964e+26 -1.399796420570189440e+26
-1.279485297230778096e+26 -1.065165920709768579e+26 -1.323414883608133665e+26
-1.166199176934693330e+26 -1.249999972518184137e+26 -1.233989886175648671e+26
-1.124861322674594445e+26 -1.338979523463629639e+26 -1.330011672548724101e+26
-1.146596587632422055e+26 -1.297979695776124528e+26 -1.396266801053618638e+26
-1.133463392226256715e+26 -1.387125073530539547e+26 -1.295226694581922543e+26
-1.116790126272375645e+26 -1.317075841155168517e+26 -1.381126070336310882e+26
-1.119804206490717113e+26 -1.389916587199926244e+26 -1.337074298358806168e+26
-1.323572912085496200e+26 -1.123113635874392804e+26 -1.383704652163564366e+26
-1.132653160792693160e+26 -1.245161184094397225e+26 -1.314298803652870765e+26
-1.366348840757269354e+26 -1.056637453407592833e+26 -1.392355598365971964e+26
-1.385748511780016923e+26 -1.193215007361701552e+26 -1.335509220993571543e+26
-1.389967693734860922e+26 -1.075472903463290147e+26 -1.380016214788264746e+26
-1.063114523682974929e+26 -1.239852794113757757e+26 -1.361165605537889060e+26
-1.103487435738218701e+26 -1.332123187052372423e+26 -1.315737696693200304e+26
-1.232329466194533635e+26 -1.201053351623028807e+26 -1.380628697681229639e+26
-1.148366491736621748e+26 -1.256041934129985144e+26 -1.394981919803924648e+26
-1.063339561184680299e+26 -1.368752937160061809e+26 -1.325011528901432804e+26
-1.096374712867801140e+26 -1.304314105458567066e+26 -1.362062199783435271e+26
-1.114723820494353353e+26 -1.322491324504768079e+26 -1.361910808727119501e+26
-1.189104125457892614e+26 -1.300929683663369647e+26 -1.332632730656427947e+26
-1.370280227028357674e+26 -1.140862750637979970e+26 -1.388407618542267332e+26
-1.264256007850506831e+26 -1.057637566511047418e+26 -1.396824744311729976e+26
-1.197456006021317244e+26 -1.399570117458538852e+26 -1.333029770576415745e+26
-1.110874223428937418e+26 -1.397411248049436456e+26 -1.268961079561309161e+26
-1.104828726144908215e+26 -1.256875549213966871e+26 -1.286194247337189052e+26
-1.093835698427028687e+26 -1.250032637308201152e+26 -1.233972890842097463e+26
-1.114196966828347258e+26 -1.375814031180329086e+26 -1.294269320925430762e+26
-1.243661472469481152e+26 -1.117206596318381071e+26 -1.389979723056055445e+26
-1.109566988978752615e+26 -1.391249455273765296e+26 -1.399581387413766141e+26
-1.065997462604125672e+26 -1.358265520615336307e+26 -1.259378473682251287e+26
-1.282370538356686375e+26 -1.082166563796218827e+26 -1.398054971419003961e+26
-1.267851297481776841e+26 -1.088533447085103480e+26 -1.379215071639451139e+26
-1.094136166281474861e+26 -1.329268389872363026e+26 -1.290092193381055501e+26
-1.092900412677439596e+26 -1.278073491256635324e+26 -1.342266041289485601e+26
-1.306464533450224592e+26 -1.173780614430549441e+26 -1.348439535934889211e+26
-1.228160547034660892e+26 -1.095338580103521894e+26 -1.347509915296484027e+26
-1.397131467895334402e+26 -1.117369956428751525e+26 -1.381145187073199248e+26
-1.297903630373164562e+26 -1.059191876147223461e+26 -1.373465164589316890e+26
-1.331731877532970312e+26 -1.083546209215417931e+26 -1.358818461582635739e+26
-1.138092890091127156e+26 -1.314458632108822128e+26 -1.398557431481681779e+26
-1.066151565681753116e+26 -1.384299267858348832e+26 -1.270918576365778890e+26
-1.356448496470273309e+26 -1.172892686599771553e+26 -1.335990875978474971e+26
-1.126362597227347719e+26 -1.353359624730877561e+26 -1.365776102034396765e+26
-1.199583556606534583e+26 -1.401433517168026488e+26 -1.275804734761804663e+26
-1.169303296260573088e+26 -1.226305524457668322e+26 -1.343329364578542382e+26
-1.317461743707637566e+26 -1.061638581418174818e+26 -1.319738756800682927e+26
-1.244616851283630571e+26 -1.086561334064190441e+26 -1.388854077517262793e+26
-1.118432646912835697e+26 -1.262130663042622494e+26 -1.350384356550859166e+26
-1.119830528164222731e+26 -1.318583947992721745e+26 -1.345348343910593837e+26
-1.389858369142441547e+26 -1.091163453428203081e+26 -1.327760192634099351e+26
-1.111937496495377380e+26 -1.338450478417440450e+26 -1.350869667742271157e+26
-1.236647847862234399e+26 -1.133759062816338751e+26 -1.323240157115111560e+26
-1.105631544720220663e+26 -1.382978513479700662e+26 -1.365987037025282806e+26
-1.071791023152849865e+26 -1.268096246098676187e+26 -1.333118423539728278e+26
-1.135914426686783042e+26 -1.376238718650908075e+26 -1.352430245161033453e+26
-1.105441763495563444e+26 -1.343957950851383052e+26 -1.395402222840050252e+26
-1.187923371646052388e+26 -1.395365520151635990e+26 -1.376664144393955253e+26
-1.284039877874558984e+26 -1.199038460411991418e+26 -1.344677580684099255e+26
-1.119972934394379321e+26 -1.359300699149894957e+26 -1.312629564580231966e+26
-1.157544333457216094e+26 -1.309179953828327440e+26 -1.323612849110437227e+26
-1.337571200930193433e+26 -1.221081086603401439e+26 -1.345810321674204475e+26
-1.051803345731698970e+26 -1.311260616578427897e+26 -1.273790486400263248e+26
-1.243604965998779819e+26 -1.052484042991811732e+26 -1.372213837956240524e+26
-1.141453187811040266e+26 -1.351798042859777677e+26 -1.380587173621595063e+26
-1.376561871056945714e+26 -1.209254745137241272e+26 -1.368012254006350423e+26
-1.163258364339716766e+26 -1.376794812163615625e+26 -1.372791317694146344e+26
-1.276319106194274006e+26 -1.066567055956249861e+26 -1.393583102259465624e+26
-1.093923989787499435e+26 -1.240780606737955386e+26 -1.312681173341335351e+26
-1.342289033203492240e+26 -1.114081037961808683e+26 -1.332144305662769557e+26
-1.131118247131155204e+26 -1.295807202743626084e+26 -1.393368794461123158e+26
-1.075021261514232930e+26 -1.340257066302716217e+26 -1.338483163296504536e+26
-1.381614909164332515e+26 -1.135979545331826603e+26 -1.338551626767832035e+26
-1.126727575028720849e+26 -1.249814771596185984e+26 -1.238055085587145935e+26
-1.117847151645275909e+26 -1.256051576872425601e+26 -1.380392992895699498e+26
-1.083355544072703490e+26 -1.276829396680389171e+26 -1.303815575674392796e+26
-1.094977158063423688e+26 -1.388977143017659711e+26 -1.230407667626140580e+26
-1.064845998622448601e+26 -1.289499960247215653e+26 -1.340979548780071359e+26
-1.369436487064813339e+26 -1.091273019089183360e+26 -1.367707543345230276e+26
-1.319870380234995805e+26 -1.184628265752710374e+26 -1.386175564735850933e+26
-1.082674856857114092e+26 -1.241645590868438989e+26 -1.380257180895138916e+26
-1.117558733201071157e+26 -1.399082937985778953e+26 -1.304538017973654311e+26
