-1.089982492986167769e+26 -1.361948174354076292e+26 -1.279988651830009056e+26
-1.253034992219589045e+26 -1.060115764710955586e+26 -1.385851381092080185e+26
-1.077641351329883367e+26 -1.294722963743544428e+26 -1.303059681094481408e+26
-1.127027817311870669e+26 -1.333766777434571841e+26 -1.382239578073056647e+26
-1.324272744162639246e+26 -1.217226631336846303e+26 -1.379820736309948889e+26
-1.388428109369953281e+26 -1.076943497019392741e+26 -1.368498850896754532e+26
-1.128583883304705537e+26 -1.251582701459163876e+26 -1.377556305656518629e+26
-1.190297547422613888e+26 -1.389233037295174714e+26 -1.363097107115862754e+26
-1.205613645591705783e+26 -1.241308486619432823e+26 -1.236621661789794279e+26
-1.352562376561242846e+26 -1.126504362760406114e+26 -1.337069175651884594e+26
-1.121768003529310237e+26 -1.328047187846607622e+26 -1.353684770588477228e+26
-1.139969536831118668e+26 -1.299776092069013996e+26 -1.395194925792903006e+26
-1.285814704976921341e+26 -1.064578030827836171e+26 -1.322802195806891875e+26
-1.190761845471124323e+26 -1.298578554041241052e+26 -1.319182949126412087e+26
-1.184216078691472205e+26 -1.396836219175234162e+26 -1.306118021500624787e+26
-1.079082044205308595e+26 -1.241240703305830934e+26 -1.377036414519299123e+26
-1.118484898523435055e+26 -1.385805283426135337e+26 -1.291975479907557153e+26
-1.293301511009151922e+26 -1.183249795542746387e+26 -1.352157084347835903e+26
-1.106031718531501760e+26 -1.248094699199648313e+26 -1.302409929001983914e+26
-1.324825665040891950e+26 -1.082666389323908579e+26 -1.360183010083201290e+26
-1.294039147324106058e+26 -1.062820848604870134e+26 -1.372944583728158989e+26
-1.247608701536810175e+26 -1.112577367072764429e+26 -1.390746327967748878e+26
-1.117043609864280576e+26 -1.250463758296002328e+26 -1.234167553705115180e+26
-1.097616758361278664e+26 -1.328512185921131653e+26 -1.292797938874243162e+26
-1.125349973670028950e+26 -1.377896863547478710e+26 -1.360831574913035837e+26
-1.164557741102757947e+26 -1.371642095650086625e+26 -1.371439658325976188e+26
-1.121400120542714643e+26 -1.356263720288120943e+26 -1.323894428669155379e+26
-1.232329466194533635e+26 -1.201053351623028807e+26 -1.380628697681229639e+26
-1.085617719395818465e+26 -1.273304612715542195e+26 -1.337188986726707848e+26
-1.111111477185703906e+26 -1.315719166926538431e+26 -1.362142856248822695e+26
-1.323572912085496200e+26 -1.123113635874392804e+26 -1.383704652163564366e+26
-1.288578892520464833e+26 -1.060933059118539368e+26 -1.398682824441638039e+26
-1.066884052504389985e+26 -1.340421038124560062e+26 -1.255375560360205715e+26
-1.368801843944377228e+26 -1.187063781424621525e+26 -1.343875806739218020e+26
-1.075960062847003145e+26 -1.267665215511585629e+26 -1.271049014546333459e+26
-1.239253859273921684e+26 -1.107519774491492754e+26 -1.338347773165925751e+26
-1.075392796380465570e+26 -1.392249552305982430e+26 -1.245250210713979203e+26
-1.219678549715429680e+26 -1.281938362693930964e+26 -1.399796420570189440e+26
-1.388181054273008941e+26 -1.125200887831827673e+26 -1.383565997562888552e+26
-1.264961983158146488e+26 -1.082813465252982363e+26 -1.378890448715191557e+26
-1.094582287760484885e+26 -1.337918259301864679e+26 -1.320341066600373031e+26
-1.366348840757269354e+26 -1.056637453407592833e+26 -1.392355598365971964e+26
