-1.169303296260573088e+26 -1.226305524457668322e+26 -1.343329364578542382e+26
-1.274856612111341805e+26 -1.087354497843634431e+26 -1.397046647922142219e+26
-1.120905528211703638e+26 -1.321974643597219505e+26 -1.344009455149443350e+26
-1.388181054273008941e+26 -1.125200887831827673e+26 -1.383565997562888552e+26
-1.070054767020249678e+26 -1.273447174635811011e+26 -1.335083704849814091e+26
-1.306464533450224592e+26 -1.173780614430549441e+26 -1.348439535934889211e+26
-1.120007033542334617e+26 -1.383484090501475148e+26 -1.296578359976806614e+26
-1.142917860120613088e+26 -1.300529973445475168e+26 -1.396949832006479198e+26
-1.170811068847294645e+26 -1.374853501611858243e+26 -1.372196944613233976e+26
-1.075960062847003145e+26 -1.267665215511585629e+26 -1.271049014546333459e+26
-1.209028321491310146e+26 -1.290926724525569178e+26 -1.303518217604383572e+26
-1.332422127134813256e+26 -1.089724033050396339e+26 -1.355081185725779437e+26
-1.324272744162639246e+26 -1.217226631336846303e+26 -1.379820736309948889e+26
-1.083604146026247925e+26 -1.362999835951494250e+26 -1.265421622556715240e+26
-1.285814704976921341e+26 -1.064578030827836171e+26 -1.322802195806891875e+26
-1.166199176934693330e+26 -1.249999972518184137e+26 -1.233989886175648671e+26
-1.120746864920463856e+26 -1.349247286371179147e+26 -1.330895540383153720e+26
-1.355573959998059524e+26 -1.129545505794585205e+26 -1.335935811901330129e+26
-1.102190441679615277e+26 -1.237743233269905849e+26 -1.387302138388603366e+26
-1.095089067446524888e+26 -1.339111762962042967e+26 -1.291409491104392798e+26
-1.247943376446091280e+26 -1.116105833072894332e+26 -1.391428388413177023e+26
-1.199583556606534583e+26 -1.401433517168026488e+26 -1.275804734761804663e+26
-1.270247381224779318e+26 -1.062835092347775600e+26 -1.396023609929045981e+26
-1.386545825956519629e+26 -1.078106256067605596e+26 -1.377964769547758915e+26
-1.121566688873851048e+26 -1.329816789961757521e+26 -1.357685746959404499e+26
-1.100325023020928931e+26 -1.331858538972735781e+26 -1.320049931112595009e+26
-1.261851731650745974e+26 -1.082407150220109465e+26 -1.374244486513323367e+26
-1.067253719089274889e+26 -1.327879642106081162e+26 -1.252191177256936835e+26
-1.356448496470273309e+26 -1.172892686599771553e+26 -1.335990875978474971e+26
-1.077641351329883367e+26 -1.294722963743544428e+26 -1.303059681094481408e+26
-1.106031718531501760e+26 -1.248094699199648313e+26 -1.302409929001983914e+26
-1.219678549715429680e+26 -1.281938362693930964e+26 -1.399796420570189440e+26
-1.251675399017222107e+26 -1.194931234714691043e+26 -1.375477846005212000e+26
-1.120523524943208865e+26 -1.387006859534933035e+26 -1.345168325962657441e+26
-1.124883486632888490e+26 -1.291004193629568970e+26 -1.385329414086696355e+26
-1.214610565357260128e+26 -1.239069662804261290e+26 -1.236392074118999935e+26
-1.111807841787646049e+26 -1.316995046452972334e+26 -1.365603933164012535e+26
-1.306074950584390633e+26 -1.057994106912785127e+26 -1.372620118837733710e+26
-1.063235459744416307e+26 -1.375799210486088469e+26 -1.270604564476013172e+26
-1.250347171513182476e+26 -1.119700968879463615e+26 -1.329185631035367302e+26
-1.323572912085496200e+26 -1.123113635874392804e+26 -1.383704652163564366e+26
-1.140120907341818600e+26 -1.333475189943241931e+26 -1.383185018835778094e+26
-1.109566988978752615e+26 -1.391249455273765296e+26 -1.399581387413766141e+26
-1.131800115582693634e+26 -1.257348381089537259e+26 -1.381980200354834906e+26
-1.104799657294259408e+26 -1.249960015404196210e+26 -1.235333622423780287e+26
-1.133291540475824915e+26 -1.368274687268582847e+26 -1.358739853142698903e+26
-1.182396483148424971e+26 -1.394641440595064279e+26 -1.333467792151775785e+26
-1.381155191418481319e+26 -1.201234876249471498e+26 -1.351760737499961069e+26
-1.072432884267783549e+26 -1.241890703354562598e+26 -1.372804504144433722e+26
-1.293110791507840515e+26 -1.058800764859444282e+26 -1.399213630233689398e+26
-1.245706649927400557e+26 -1.061005053239833468e+26 -1.377895341802187284e+26
-1.063339561184680299e+26 -1.368752937160061809e+26 -1.325011528901432804e+26
-1.286045688836464978e+26 -1.190214226092309102e+26 -1.352226723028398519e+26
-1.105441763495563444e+26 -1.343957950851383052e+26 -1.395402222840050252e+26
-1.178584194791000384e+26 -1.303679773718355578e+26 -1.329626103474431040e+26
-1.095993020979531161e+26 -1.273209571435363042e+26 -1.338592507977970467e+26
-1.110874223428937418e+26 -1.397411248049436456e+26 -1.268961079561309161e+26
-1.078279483917739960e+26 -1.393292149725506273e+26 -1.240264810418098569e+26
-1.394074959610254753e+26 -1.073455219874754346e+26 -1.340101094943741036e+26
-1.228160547034660892e+26 -1.095338580103521894e+26 -1.347509915296484027e+26
-1.290319214532634409e+26 -1.067347463764979552e+26 -1.371845364660732481e+26
-1.122301586382098160e+26 -1.362671244436048820e+26 -1.312809376615438974e+26
-1.366348840757269354e+26 -1.056637453407592833e+26 -1.392355598365971964e+26
