-1.122301586382098160e+26 -1.362671244436048820e+26 -1.312809376615438974e+26
-1.296407418260192506e+26 -1.064715928741084440e+26 -1.370870242331436173e+26
-1.117256910340421465e+26 -1.322153344708141029e+26 -1.377266725395776695e+26
-1.283579517279211815e+26 -1.185212334697950607e+26 -1.366402438334001185e+26
-1.087299938001563106e+26 -1.252189959860703798e+26 -1.319102365933179618e+26
-1.379647428103627443e+26 -1.091218236258693220e+26 -1.347733867989664899e+26
-1.166199176934693330e+26 -1.249999972518184137e+26 -1.233989886175648671e+26
-1.263521731954763334e+26 -1.082593302501964396e+26 -1.374302516235994605e+26
-1.191655494662417025e+26 -1.385558188151097369e+26 -1.374721232237426832e+26
-1.144116342516211114e+26 -1.302786052206494518e+26 -1.396934901595137090e+26
-1.051803345731698970e+26 -1.311260616578427897e+26 -1.273790486400263248e+26
-1.324272744162639246e+26 -1.217226631336846303e+26 -1.379820736309948889e+26
-1.093570060961839418e+26 -1.358852974564954106e+26 -1.280545870329334730e+26
-1.381614909164332515e+26 -1.135979545331826603e+26 -1.338551626767832035e+26
-1.148366491736621748e+26 -1.256041934129985144e+26 -1.394981919803924648e+26
-1.111523863022773098e+26 -1.316577106462717521e+26 -1.356433923875760175e+26
-1.279583015711254332e+26 -1.069539389222200088e+26 -1.395609260555866655e+26
-1.127811700525688373e+26 -1.379760971395864442e+26 -1.353549184976020604e+26
-1.209028321491310146e+26 -1.290926724525569178e+26 -1.303518217604383572e+26
-1.104799657294259408e+26 -1.249960015404196210e+26 -1.235333622423780287e+26
-1.121301266361462039e+26 -1.396825877333966826e+26 -1.307589455783334017e+26
-1.069362418113021113e+26 -1.242866211393556524e+26 -1.363091241114211569e+26
-1.306464533450224592e+26 -1.173780614430549441e+26 -1.348439535934889211e+26
-1.087507528166165208e+26 -1.263349348992538194e+26 -1.277107107662675696e+26
-1.066048830296668154e+26 -1.366943436363007092e+26 -1.263225174576760430e+26
-1.118466697847078640e+26 -1.263528348425804020e+26 -1.372684343520196857e+26
-1.279485297230778096e+26 -1.065165920709768579e+26 -1.323414883608133665e+26
-1.164557741102757947e+26 -1.371642095650086625e+26 -1.371439658325976188e+26
-1.103487435738218701e+26 -1.332123187052372423e+26 -1.315737696693200304e+26
-1.239566505108508373e+26 -1.074871638294030914e+26 -1.388188125617465333e+26
-1.197456006021317244e+26 -1.399570117458538852e+26 -1.333029770576415745e+26
-1.391355003125395399e+26 -1.072185250606292695e+26 -1.375420511865784352e+26
-1.122066981928446931e+26 -1.328816240948816766e+26 -1.355745483931774064e+26
-1.121383816846344318e+26 -1.347288734891755012e+26 -1.332003877486252009e+26
-1.169303296260573088e+26 -1.226305524457668322e+26 -1.343329364578542382e+26
-1.323572912085496200e+26 -1.123113635874392804e+26 -1.383704652163564366e+26
-1.119602421147487792e+26 -1.377939336814572114e+26 -1.294480875024212301e+26
-1.077641351329883367e+26 -1.294722963743544428e+26 -1.303059681094481408e+26
-1.219678549715429680e+26 -1.281938362693930964e+26 -1.399796420570189440e+26
-1.069180411349456614e+26 -1.354505001731389099e+26 -1.331747346098968670e+26
-1.342289033203492240e+26 -1.114081037961808683e+26 -1.332144305662769557e+26
-1.240122529744484113e+26 -1.098773345049877308e+26 -1.343383645182863814e+26
-1.381155191418481319e+26 -1.201234876249471498e+26 -1.351760737499961069e+26
-1.293256825435784926e+26 -1.057913778348220214e+26 -1.399250362612533113e+26
-1.199583556606534583e+26 -1.401433517168026488e+26 -1.275804734761804663e+26
-1.073093074628972912e+26 -1.326348535318902742e+26 -1.243900033917459337e+26
-1.110874223428937418e+26 -1.397411248049436456e+26 -1.268961079561309161e+26
-1.086853177690866387e+26 -1.275730937648564778e+26 -1.340105343777128924e+26
-1.178584194791000384e+26 -1.303679773718355578e+26 -1.329626103474431040e+26
-1.271636749742605961e+26 -1.096916705304621269e+26 -1.396413234251367320e+26
-1.370280227028357674e+26 -1.140862750637979970e+26 -1.388407618542267332e+26
-1.356448496470273309e+26 -1.172892686599771553e+26 -1.335990875978474971e+26
-1.129556671286769407e+26 -1.294589206852466562e+26 -1.390764907466129817e+26
-1.078279483917739960e+26 -1.393292149725506273e+26 -1.240264810418098569e+26
-1.214610565357260128e+26 -1.239069662804261290e+26 -1.236392074118999935e+26
-1.094136166281474861e+26 -1.329268389872363026e+26 -1.290092193381055501e+26
-1.252023964067399647e+26 -1.058920493214663373e+26 -1.363602627888306505e+26
-1.243661472469481152e+26 -1.117206596318381071e+26 -1.389979723056055445e+26
-1.366348840757269354e+26 -1.056637453407592833e+26 -1.392355598365971964e+26
-1.167336960275533040e+26 -1.389712763731590051e+26 -1.333905813727135825e+26
-1.236647847862234399e+26 -1.133759062816338751e+26 -1.323240157115111560e+26
-1.353151542384630116e+26 -1.135769293368530162e+26 -1.341499895269017151e+26
-1.109566988978752615e+26 -1.391249455273765296e+26 -1.399581387413766141e+26
-1.232329466194533635e+26 -1.201053351623028807e+26 -1.380628697681229639e+26
-1.284139228255266208e+26 -1.193614367566589147e+26 -1.346120004374395222e+26
-1.132653160792693160e+26 -1.245161184094397225e+26 -1.314298803652870765e+26
-1.105441763495563444e+26 -1.343957950851383052e+26 -1.395402222840050252e+26
-1.331731877532970312e+26 -1.083546209215417931e+26 -1.358818461582635739e+26
-1.317461743707637566e+26 -1.061638581418174818e+26 -1.319738756800682927e+26
-1.093806488953052614e+26 -1.238637969278627688e+26 -1.387326225155657866e+26
-1.263030735563120880e+26 -1.060979999328671190e+26 -1.393911575393028294e+26
-1.397131467895334402e+26 -1.117369956428751525e+26 -1.381145187073199248e+26
-1.138774356474744238e+26 -1.339965304467159263e+26 -1.377767265519557876e+26
