6.998493401820507434e+25 1.054167525407984341e+26 -5.799983989312669730e+25
-3.782544827539612633e+25 -9.531503758837506515e+25 5.287695169220267634e+25
3.416630396976721617e+25 3.453169361942561103e+25 -2.190101407308065569e+25
-1.129361428952031462e+26 3.232403014459442697e+25 6.412498728398169807e+25
8.910147744386139933e+25 2.713695565488096804e+25 -1.011788180218679025e+26
1.020189712139802713e+26 8.184359730843107881e+24 1.022940581787609724e+26
1.037768616066971649e+26 3.479692617081253689e+25 -5.703184753657570329e+24
-7.721034310402410222e+25 9.806307697772446665e+25 -1.433612289793360507e+25
-5.831143254645788716e+25 -8.506617912418675502e+24 4.216117088583970813e+25
-1.917630733107436826e+25 -1.498248799183719617e+25 1.062329672591748206e+26
-1.018736527375469752e+26 1.014882882954328765e+26 9.195704877474114368e+25
7.729327138012175367e+25 -9.420151613910664499e+25 7.076863951923276671e+25
-1.071219061733010588e+26 -1.057807314328932742e+26 1.007926894593632744e+26
6.057196534694802392e+24 8.426251534459213069e+25 4.614636376914367001e+25
1.082583848963433823e+26 9.356028189138951611e+25 8.201023833411829685e+25
