-1.164557741102757947e+26 -1.371642095650086625e+26 -1.371439658325976188e+26
-1.272289066201921112e+26 -1.090891965028147586e+26 -1.393483045892258254e+26
-1.099777275072214619e+26 -1.328406001916354543e+26 -1.319820264759700953e+26
-1.323572912085496200e+26 -1.123113635874392804e+26 -1.383704652163564366e+26
-1.306464533450224592e+26 -1.173780614430549441e+26 -1.348439535934889211e+26
-1.144329725313771981e+26 -1.300771508623309589e+26 -1.397408762248260128e+26
-1.093835698427028687e+26 -1.250032637308201152e+26 -1.233972890842097463e+26
-1.115493659551249424e+26 -1.374014258504163675e+26 -1.277150258935096933e+26
-1.111937496495377380e+26 -1.338450478417440450e+26 -1.350869667742271157e+26
-1.096378730677151316e+26 -1.274800081533784467e+26 -1.342136340376946729e+26
-1.386545825956519629e+26 -1.078106256067605596e+26 -1.377964769547758915e+26
-1.178584194791000384e+26 -1.303679773718355578e+26 -1.329626103474431040e+26
-1.279485297230778096e+26 -1.065165920709768579e+26 -1.323414883608133665e+26
-1.337571200930193433e+26 -1.221081086603401439e+26 -1.345810321674204475e+26
-1.296407418260192506e+26 -1.064715928741084440e+26 -1.370870242331436173e+26
-1.214610565357260128e+26 -1.239069662804261290e+26 -1.236392074118999935e+26
-1.065997462604125672e+26 -1.358265520615336307e+26 -1.259378473682251287e+26
-1.353151542384630116e+26 -1.135769293368530162e+26 -1.341499895269017151e+26
-1.118466697847078640e+26 -1.263528348425804020e+26 -1.372684343520196857e+26
-1.086925186878945618e+26 -1.272971938101344638e+26 -1.309501499110624802e+26
-1.122301586382098160e+26 -1.362671244436048820e+26 -1.312809376615438974e+26
-1.197456006021317244e+26 -1.399570117458538852e+26 -1.333029770576415745e+26
-1.228160547034660892e+26 -1.095338580103521894e+26 -1.347509915296484027e+26
-1.323383134878648257e+26 -1.220101022368604451e+26 -1.382586294930933006e+26
-1.078279483917739960e+26 -1.393292149725506273e+26 -1.240264810418098569e+26
-1.232329466194533635e+26 -1.201053351623028807e+26 -1.380628697681229639e+26
-1.115079985900551687e+26 -1.387603895959850935e+26 -1.346711877914298266e+26
-1.093923989787499435e+26 -1.240780606737955386e+26 -1.312681173341335351e+26
-1.243661472469481152e+26 -1.117206596318381071e+26 -1.389979723056055445e+26
-1.114186497421632978e+26 -1.320357129802155181e+26 -1.360346755903269191e+26
-1.141453187811040266e+26 -1.351798042859777677e+26 -1.380587173621595063e+26
-1.219678549715429680e+26 -1.281938362693930964e+26 -1.399796420570189440e+26
-1.278053994836763427e+26 -1.062124666037886683e+26 -1.394576502751441612e+26
-1.121119717628163344e+26 -1.398732163140458791e+26 -1.302346443596441273e+26
-1.105441763495563444e+26 -1.343957950851383052e+26 -1.395402222840050252e+26
-1.093806488953052614e+26 -1.238637969278627688e+26 -1.387326225155657866e+26
-1.070763809925328192e+26 -1.300505719398473713e+26 -1.297346651507468054e+26
-1.261452798338101772e+26 -1.062448129824148944e+26 -1.392740504501722152e+26
-1.284039877874558984e+26 -1.199038460411991418e+26 -1.344677580684099255e+26
-1.119830528164222731e+26 -1.318583947992721745e+26 -1.345348343910593837e+26
-1.166199176934693330e+26 -1.249999972518184137e+26 -1.233989886175648671e+26
-1.141312006008283292e+26 -1.326322532056787981e+26 -1.386571688595306952e+26
-1.397131467895334402e+26 -1.117369956428751525e+26 -1.381145187073199248e+26
-1.104828726144908215e+26 -1.256875549213966871e+26 -1.286194247337189052e+26
-1.148366491736621748e+26 -1.256041934129985144e+26 -1.394981919803924648e+26
-1.125331038069378745e+26 -1.326517731966988997e+26 -1.357136211504051247e+26
-1.366348840757269354e+26 -1.056637453407592833e+26 -1.392355598365971964e+26
-1.259905612277903578e+26 -1.081364619094440064e+26 -1.374333770774929859e+26
-1.342289033203492240e+26 -1.114081037961808683e+26 -1.332144305662769557e+26
-1.331731877532970312e+26 -1.083546209215417931e+26 -1.358818461582635739e+26
-1.376561871056945714e+26 -1.209254745137241272e+26 -1.368012254006350423e+26
-1.095166899109987452e+26 -1.331452700050270948e+26 -1.292407709141103952e+26
-1.121383816846344318e+26 -1.347288734891755012e+26 -1.332003877486252009e+26
-1.063339561184680299e+26 -1.368752937160061809e+26 -1.325011528901432804e+26
-1.114011725010789782e+26 -1.376071141562638528e+26 -1.296714901209764338e+26
-1.073093074628972912e+26 -1.326348535318902742e+26 -1.243900033917459337e+26
-1.075960062847003145e+26 -1.267665215511585629e+26 -1.271049014546333459e+26
-1.209028321491310146e+26 -1.290926724525569178e+26 -1.303518217604383572e+26
-1.169303296260573088e+26 -1.226305524457668322e+26 -1.343329364578542382e+26
-1.069362418113021113e+26 -1.242866211393556524e+26 -1.363091241114211569e+26
-1.243604965998779819e+26 -1.052484042991811732e+26 -1.372213837956240524e+26
-1.187923371646052388e+26 -1.395365520151635990e+26 -1.376664144393955253e+26
-1.135914426686783042e+26 -1.376238718650908075e+26 -1.352430245161033453e+26
-1.109566988978752615e+26 -1.391249455273765296e+26 -1.399581387413766141e+26
-1.093570060961839418e+26 -1.358852974564954106e+26 -1.280545870329334730e+26
-1.071791023152849865e+26 -1.268096246098676187e+26 -1.333118423539728278e+26
-1.366215168240187847e+26 -1.179666793520414886e+26 -1.335830324316840381e+26
-1.116790126272375645e+26 -1.317075841155168517e+26 -1.381126070336310882e+26
-1.389858369142441547e+26 -1.091163453428203081e+26 -1.327760192634099351e+26
-1.264046495164130725e+26 -1.105642874942588307e+26 -1.335131104955623216e+26
-1.134016965998528928e+26 -1.383606818505886800e+26 -1.295045019287629394e+26
-1.319870380234995805e+26 -1.184628265752710374e+26 -1.386175564735850933e+26
-1.293708361917346908e+26 -1.059246322486180482e+26 -1.399660194233039627e+26
-1.236647847862234399e+26 -1.133759062816338751e+26 -1.323240157115111560e+26
-1.128762876711257447e+26 -1.294845401126413064e+26 -1.389644420794542745e+26
-1.317461743707637566e+26 -1.061638581418174818e+26 -1.319738756800682927e+26
-1.066151565681753116e+26 -1.384299267858348832e+26 -1.270918576365778890e+26
-1.199119740695146129e+26 -1.365943524150020128e+26 -1.370835407924369820e+26
-1.199583556606534583e+26 -1.401433517168026488e+26 -1.275804734761804663e+26
-1.167336960275533040e+26 -1.389712763731590051e+26 -1.333905813727135825e+26
-1.110874223428937418e+26 -1.397411248049436456e+26 -1.268961079561309161e+26
-1.132653160792693160e+26 -1.245161184094397225e+26 -1.314298803652870765e+26
-1.381614909164332515e+26 -1.135979545331826603e+26 -1.338551626767832035e+26
-1.122813284536417718e+26 -1.335660642183457577e+26 -1.366270232317332518e+26
-1.064845998622448601e+26 -1.289499960247215653e+26 -1.340979548780071359e+26
-1.370280227028357674e+26 -1.140862750637979970e+26 -1.388407618542267332e+26
-1.283793957808755960e+26 -1.183244773281058624e+26 -1.362413647611821842e+26
-1.398291550078067787e+26 -1.055746986321305438e+26 -1.352441997253382722e+26
-1.126727575028720849e+26 -1.249814771596185984e+26 -1.238055085587145935e+26
-1.096374712867801140e+26 -1.304314105458567066e+26 -1.362062199783435271e+26
