-1.118214537350698960e+26 -1.324818588751439565e+26 -1.360334670950868239e+26
-1.298158287165399627e+26 -1.063701742590745739e+26 -1.373441961740319611e+26
-1.083265987102287352e+26 -1.264248570885399548e+26 -1.341730124354375732e+26
-1.124957455750792759e+26 -1.385640224830534271e+26 -1.296038882077234040e+26
-1.328629606399391563e+26 -1.104033862832109036e+26 -1.367348385627687239e+26
-1.288611353715719680e+26 -1.184619299856614226e+26 -1.354347208450404758e+26
-1.072652113871542073e+26 -1.369443793296585515e+26 -1.252179923063884587e+26
-1.142158663552952600e+26 -1.301402961515777837e+26 -1.394777503437235585e+26
-1.255295022190072248e+26 -1.089038781485214281e+26 -1.375480327593339974e+26
-1.113281061640248639e+26 -1.346257508011237433e+26 -1.324456643106590168e+26
-1.195246009988233443e+26 -1.243441786689830429e+26 -1.235431198941659498e+26
-1.174313913834614273e+26 -1.378914451610475857e+26 -1.365634978992101323e+26
-1.115595538833880552e+26 -1.248025430930201548e+26 -1.380614456092394410e+26
-1.075292441730048438e+26 -1.296226386728533896e+26 -1.300398845213188926e+26
-1.282719002961630276e+26 -1.061963461482232927e+26 -1.397583391091046150e+26
-1.285814704976921341e+26 -1.064578030827836171e+26 -1.322802195806891875e+26
-1.383835220922922837e+26 -1.074756196586876086e+26 -1.376521391627742352e+26
-1.093052868453233480e+26 -1.341078296489376237e+26 -1.285957738989788945e+26
-1.190761845471124323e+26 -1.298578554041241052e+26 -1.319182949126412087e+26
-1.328294984692970552e+26 -1.216613409321492109e+26 -1.378912391517364260e+26
-1.128570616498231076e+26 -1.372677099409938469e+26 -1.364782694654747682e+26
-1.363371015789482572e+26 -1.143660186923604287e+26 -1.343691339980564853e+26
-1.097097838194652255e+26 -1.255551395768608494e+26 -1.270813940556871461e+26
