-1.114186497421632978e+26 -1.320357129802155181e+26 -1.360346755903269191e+26
-1.263884277937892807e+26 -1.086017998400653364e+26 -1.374651797186747191e+26
-1.306464533450224592e+26 -1.173780614430549441e+26 -1.348439535934889211e+26
-1.092316484355526629e+26 -1.371850547634794238e+26 -1.260631638463105470e+26
-1.369436487064813339e+26 -1.091273019089183360e+26 -1.367707543345230276e+26
-1.094064472491429701e+26 -1.265257020943255915e+26 -1.320873345983089156e+26
-1.121383816846344318e+26 -1.347288734891755012e+26 -1.332003877486252009e+26
-1.191016944222387912e+26 -1.245820566875907173e+26 -1.239993517886248927e+26
-1.119406644255513880e+26 -1.286296601030385673e+26 -1.377166310295591357e+26
-1.187923371646052388e+26 -1.395365520151635990e+26 -1.376664144393955253e+26
-1.293110791507840515e+26 -1.058800764859444282e+26 -1.399213630233689398e+26
-1.323383134878648257e+26 -1.220101022368604451e+26 -1.382586294930933006e+26
-1.083355544072703490e+26 -1.276829396680389171e+26 -1.303815575674392796e+26
-1.117558733201071157e+26 -1.399082937985778953e+26 -1.304538017973654311e+26
-1.093835698427028687e+26 -1.250032637308201152e+26 -1.233972890842097463e+26
-1.155238120934718024e+26 -1.297513470951688899e+26 -1.395916361813549974e+26
-1.279485297230778096e+26 -1.065165920709768579e+26 -1.323414883608133665e+26
-1.237958698340834309e+26 -1.117947817858545515e+26 -1.396215467630626568e+26
-1.189104125457892614e+26 -1.300929683663369647e+26 -1.332632730656427947e+26
-1.082674856857114092e+26 -1.241645590868438989e+26 -1.380257180895138916e+26
-1.353151542384630116e+26 -1.135769293368530162e+26 -1.341499895269017151e+26
-1.103939846093314197e+26 -1.330658749354167172e+26 -1.317416612229179510e+26
-1.284039877874558984e+26 -1.199038460411991418e+26 -1.344677580684099255e+26
-1.169303296260573088e+26 -1.226305524457668322e+26 -1.343329364578542382e+26
-1.065997462604125672e+26 -1.358265520615336307e+26 -1.259378473682251287e+26
-1.109566988978752615e+26 -1.391249455273765296e+26 -1.399581387413766141e+26
-1.138521643441275363e+26 -1.347487616454590353e+26 -1.375009751126865566e+26
-1.164003765549550837e+26 -1.374003115779565719e+26 -1.372876736320931768e+26
-1.202954538829455374e+26 -1.399095152126203474e+26 -1.345781996118285451e+26
-1.259077059633703070e+26 -1.069353378041983175e+26 -1.372373811053328429e+26
-1.376561871056945714e+26 -1.209254745137241272e+26 -1.368012254006350423e+26
-1.389967693734860922e+26 -1.075472903463290147e+26 -1.380016214788264746e+26
-1.114196966828347258e+26 -1.375814031180329086e+26 -1.294269320925430762e+26
-1.236647847862234399e+26 -1.133759062816338751e+26 -1.323240157115111560e+26
-1.140435607281435686e+26 -1.324654476229002852e+26 -1.389942471936664933e+26
-1.331731877532970312e+26 -1.083546209215417931e+26 -1.358818461582635739e+26
-1.125487518350871599e+26 -1.388349641553343711e+26 -1.338228755608449100e+26
-1.073472447667275175e+26 -1.298969305515623140e+26 -1.300711817951354480e+26
-1.323572912085496200e+26 -1.123113635874392804e+26 -1.383704652163564366e+26
-1.095166899109987452e+26 -1.331452700050270948e+26 -1.292407709141103952e+26
-1.199583556606534583e+26 -1.401433517168026488e+26 -1.275804734761804663e+26
-1.104665904420990819e+26 -1.238046166050388362e+26 -1.389957046540082878e+26
-1.349266160030601799e+26 -1.173546102934396334e+26 -1.322783814329114567e+26
-1.302841272978203906e+26 -1.064647792051583963e+26 -1.368392129844794123e+26
-1.232329466194533635e+26 -1.201053351623028807e+26 -1.380628697681229639e+26
-1.063339561184680299e+26 -1.368752937160061809e+26 -1.325011528901432804e+26
-1.228160547034660892e+26 -1.095338580103521894e+26 -1.347509915296484027e+26
-1.078279483917739960e+26 -1.393292149725506273e+26 -1.240264810418098569e+26
-1.271636749742605961e+26 -1.096916705304621269e+26 -1.396413234251367320e+26
-1.266009898148345266e+26 -1.058316114243157741e+26 -1.396215648432047289e+26
-1.399551253843639563e+26 -1.111614022664591926e+26 -1.393199097260955394e+26
-1.110874223428937418e+26 -1.397411248049436456e+26 -1.268961079561309161e+26
-1.098967083816744520e+26 -1.275580962870044684e+26 -1.343375920944388085e+26
-1.121636849869629099e+26 -1.332433286600283543e+26 -1.367958997943413306e+26
-1.219678549715429680e+26 -1.281938362693930964e+26 -1.399796420570189440e+26
-1.209028321491310146e+26 -1.290926724525569178e+26 -1.303518217604383572e+26
-1.122301586382098160e+26 -1.362671244436048820e+26 -1.312809376615438974e+26
-1.153775467574343740e+26 -1.251974986971420681e+26 -1.230669347549119857e+26
-1.067836333587530456e+26 -1.331161308427146891e+26 -1.230743717200192340e+26
-1.075960062847003145e+26 -1.267665215511585629e+26 -1.271049014546333459e+26
-1.389858369142441547e+26 -1.091163453428203081e+26 -1.327760192634099351e+26
-1.073248877239955374e+26 -1.273093050946397460e+26 -1.335502567501287671e+26
-1.366348840757269354e+26 -1.056637453407592833e+26 -1.392355598365971964e+26
-1.111937496495377380e+26 -1.338450478417440450e+26 -1.350869667742271157e+26
-1.148366491736621748e+26 -1.256041934129985144e+26 -1.394981919803924648e+26
-1.086388608440224785e+26 -1.243725982416408279e+26 -1.302304196331123814e+26
-1.093820776283101941e+26 -1.356253459950985977e+26 -1.284528716702580445e+26
-1.283793957808755960e+26 -1.183244773281058624e+26 -1.362413647611821842e+26
-1.097844548062388990e+26 -1.305855015700560108e+26 -1.355157574326050286e+26
-1.075721445149694226e+26 -1.323942148764780581e+26 -1.250478192276093007e+26
-1.107848812988228305e+26 -1.306402844005461331e+26 -1.378881874710038147e+26
-1.105441763495563444e+26 -1.343957950851383052e+26 -1.395402222840050252e+26
-1.063114523682974929e+26 -1.239852794113757757e+26 -1.361165605537889060e+26
-1.125383224478686204e+26 -1.327086577291625451e+26 -1.357109661890352848e+26
-1.317461743707637566e+26 -1.061638581418174818e+26 -1.319738756800682927e+26
-1.133463392226256715e+26 -1.387125073530539547e+26 -1.295226694581922543e+26
-1.101459371134774084e+26 -1.237835231059502322e+26 -1.323058150351547061e+26
-1.264046495164130725e+26 -1.105642874942588307e+26 -1.335131104955623216e+26
-1.287250597718118613e+26 -1.064435121367058554e+26 -1.375763451982871611e+26
-1.130320736368980777e+26 -1.296310594794580164e+26 -1.392300152596938951e+26
-1.370280227028357674e+26 -1.140862750637979970e+26 -1.388407618542267332e+26
-1.250674542619037740e+26 -1.052979941110861583e+26 -1.364892646025425580e+26
-1.337571200930193433e+26 -1.221081086603401439e+26 -1.345810321674204475e+26
-1.276250108928275626e+26 -1.071571002173104622e+26 -1.396745405204464089e+26
-1.385748511780016923e+26 -1.193215007361701552e+26 -1.335509220993571543e+26
-1.104828726144908215e+26 -1.256875549213966871e+26 -1.286194247337189052e+26
-1.120755864813408339e+26 -1.258219345729238670e+26 -1.373312387388775192e+26
-1.398291550078067787e+26 -1.055746986321305438e+26 -1.352441997253382722e+26
-1.244616851283630571e+26 -1.086561334064190441e+26 -1.388854077517262793e+26
-1.051803345731698970e+26 -1.311260616578427897e+26 -1.273790486400263248e+26
-1.126727575028720849e+26 -1.249814771596185984e+26 -1.238055085587145935e+26
-1.066151565681753116e+26 -1.384299267858348832e+26 -1.270918576365778890e+26
-1.132653160792693160e+26 -1.245161184094397225e+26 -1.314298803652870765e+26
-1.381614909164332515e+26 -1.135979545331826603e+26 -1.338551626767832035e+26
-1.342289033203492240e+26 -1.114081037961808683e+26 -1.332144305662769557e+26
-1.319870380234995805e+26 -1.184628265752710374e+26 -1.386175564735850933e+26
-1.199119740695146129e+26 -1.365943524150020128e+26 -1.370835407924369820e+26
-1.363630832909944819e+26 -1.172239270265146600e+26 -1.349197937627835204e+26
-1.157544333457216094e+26 -1.309179953828327440e+26 -1.323612849110437227e+26
-1.394711681947029413e+26 -1.123125890192910952e+26 -1.369091276885443102e+26
-1.252215633662451503e+26 -1.116094764008134491e+26 -1.380626106194198675e+26
-1.075021261514232930e+26 -1.340257066302716217e+26 -1.338483163296504536e+26
-1.128108777349043066e+26 -1.375679409455788580e+26 -1.358792586890420414e+26
-1.119830528164222731e+26 -1.318583947992721745e+26 -1.345348343910593837e+26
-1.220210346961023654e+26 -1.236796406362958473e+26 -1.233249805693339803e+26
-1.143420737748476976e+26 -1.297706028769593530e+26 -1.396694247011980683e+26
-1.095395291482500125e+26 -1.300785705465304812e+26 -1.317982933936547124e+26
-1.169543521081622284e+26 -1.350392914484774953e+26 -1.358505956371376316e+26
-1.191957473213178943e+26 -1.400045082790874057e+26 -1.320277545034546211e+26
-1.229465812758263977e+26 -1.051492246753712031e+26 -1.386856221817870240e+26
-1.138148173999840544e+26 -1.311961282351011345e+26 -1.400603325257610973e+26
-1.117946411625273030e+26 -1.322467652911346410e+26 -1.381618726083215070e+26
-1.167336960275533040e+26 -1.389712763731590051e+26 -1.333905813727135825e+26
