-1.521467734744933477e+04 1.082433764080796027e+04 1.843101373081751444e+04
-8.054606228218378419e+03 -7.951709350388064195e+02 -2.574898949137460295e+04
1.686847116534782981e+04 -3.860733131782919372e+04 2.193680519073007599e+04
3.337168173285390367e+04 1.138152850527457849e+04 -1.432943439932648653e+04
3.995336069256101473e+04 4.969841079481392626e+03 2.767067498223648363e+04
-3.648370509980934730e+04 2.230962050971054487e+04 -1.850269507497190716e+04
-2.127048343594959442e+04 -3.698256042956257443e+04 4.783152516863888195e+03
3.458402642625408771e+04 -3.781185358615202858e+04 -1.319137618534259491e+04
-2.745766519123334729e+04 2.607688769240032707e+04 2.477639524639609226e+04
2.183524189236495295e+04 3.064435015834673322e+04 -1.970063189075328773e+04
-1.517439345914022124e+04 -1.894117313085051137e+04 3.655560467600420816e+04
7.503662188617662650e+03 3.690673296965286863e+04 8.822969196868141807e+03
-3.928304094804001943e+04 -2.558893061077150924e+04 -3.832533078740870405e+04
-3.802094835940404300e+04 4.128147543097032212e+03 2.733539779252936933e+04
-3.881768053246656928e+04 -2.898120906037732857e+04 -1.254817963284445068e+04
1.381838245301809002e+04 8.231429250843892078e+03 3.203656924247296502e+03
-1.542533313472963710e+04 3.993882693450646912e+04 -1.632081054438450701e+04
1.852508971487354938e+04 7.006530212124954232e+03 3.832282606953538198e+04
-3.887802317542749370e+04 3.928434865904843173e+04 3.135238802460419538e+04
-3.709685430624303262e+04 -4.224028142053075135e+04 3.450998488152558275e+04
3.550992923664438422e+04 3.795294137094557664e+04 3.849386561093549244e+04
-9.019390351779402408e+03 -9.625246309749243665e+03 1.910174725214901991e+04
1.369798252559618049e+04 -3.728247327659921575e+04 -2.381998204960451767e+04
-3.883005610921345942e+04 1.773237232906479767e+04 2.285531754417039338e+04
-4.266751550639044581e+04 2.841743558124393076e+03 -2.737175774708123936e+04
-2.295654145186174355e+04 -2.918949282595980912e+04 -6.350322520284285929e+03
1.934477470197173534e+04 7.849678673366988733e+02 -2.167818522429377117e+04
4.192477379280891910e+04 2.487743868013398605e+04 -3.439800825519829687e+03
3.622342504552460014e+04 1.843130909891978808e+04 -3.001628335451403836e+04
-2.629675536685042607e+04 -1.678631775299826586e+03 5.438248941057725460e+03
-3.496593473627089679e+03 -7.351782721778951782e+03 3.282073467403577524e+04
3.149942587335597273e+04 5.019682769344811277e+03 4.035722212367857719e+04
-1.917804069463428095e+04 2.880570261639983073e+04 1.110109956228446754e+04
3.215858580457373682e+04 -1.678551302285293059e+04 -1.369175650554301137e+04
-6.966846841789563769e+03 8.473310659139753625e+03 -3.809486958669577871e+04
-1.533471332308625642e+04 -1.993598392686046282e+04 -4.093453078719593032e+04
-3.332182651952307060e+04 3.088276090281959841e+04 -7.022781040708101500e+03
4.903086449598313266e+03 1.914120913421169098e+04 -8.801476341325755129e+03
-2.303940361212340576e+03 -2.890068690815577065e+04 -2.940083165173327143e+04
-4.837508826406234220e+03 -3.231009952132840408e+04 1.834046859788611255e+04
8.943911051259168744e+03 3.962658255894335889e+04 -1.853201980332965468e+04
-2.488046103710817260e+04 -2.762253386397171198e+03 3.942652205038208922e+04
-3.538051253540867765e+04 1.150843156428429393e+04 1.711342145317005588e+03
-3.597201403012534138e+04 1.511261812827587346e+04 -3.696512982612427004e+04
-1.463467225391967077e+04 3.825691149179135391e+04 2.410039858730583001e+04
3.816237809660682979e+04 -1.063466755489462594e+04 3.895947884726618213e+04
-5.127083864931526477e+03 2.931846233279594890e+04 -6.189890275337344065e+03
3.421785349636340106e+04 -3.831187300991651864e+04 3.519330779537552007e+04
3.581737613990999671e+04 -3.560797250583361165e+04 5.040173472589831363e+03
-3.167191903014926720e+04 -4.171604869546531518e+03 -3.950992329146149859e+04
3.992010405509305565e+04 8.745695517363392355e+02 -2.342351300740562874e+04
3.336654300321088522e+04 3.432158798160963488e+04 -1.303631642931809438e+04
3.663098025450572459e+04 -3.426649118425465713e+04 -3.472968619346180640e+04
1.908796340719412183e+04 -1.931167998272558543e+04 2.933176077346998136e+04
1.964874905980518452e+04 -2.525173651466136107e+03 2.431169156165940876e+04
-2.643541174471204431e+04 4.743326322338245518e+03 1.624586516705756185e+04
3.298204320398959680e+04 3.841789308751646604e+04 1.936956911230696642e+04
-1.625712073868653533e+04 1.611541050512740185e+04 -3.327398239461980847e+04
-1.748072193652543501e+04 2.085058499891708561e+04 3.875252050001471071e+04
-5.229766354795896405e+03 -2.251712651695050226e+03 4.040098650764966806e+03
7.878777556969766920e+03 6.602749615956918205e+02 -1.292953400607578624e+04
-3.715938433349213301e+04 -4.156849379673998556e+03 -1.080632676232742233e+04
-1.404332210240873974e+04 1.287358486244500818e+04 -1.254577138260982792e+04
2.824178878349180741e+04 5.408318156855620146e+03 1.320277797944795566e+04
-3.963547501573081536e+04 -3.537955187693427433e+04 1.875181612770389256e+04
-3.929283614258042508e+04 1.742426339379392448e+04 3.723555305908589071e+04
2.019802658287775193e+04 6.394505026712276958e+03 -3.930231155006996414e+04
-4.326016250420171673e+03 4.303734977144931690e+03 2.486767099511739070e+04
-3.587752388067582797e+04 3.785065511478456756e+04 -3.382821467684326490e+04
5.060469263515503371e+03 -9.132340700650718645e+03 -3.520582298812219233e+04
-3.914641391930638201e+04 -2.665479946042443771e+04 4.146865229279766208e+04
1.810779184283793802e+04 -1.801523141446120644e+04 8.816183224866408636e+03
-4.128430379020099645e+04 2.280170489505242585e+04 3.272861341721441931e+03
2.286958145058445734e+04 3.296561783644238312e+04 5.791122376640251787e+03
-2.778011234625110228e+04 3.944498310702617891e+04 2.198633227486228861e+03
-5.883293973039757475e+03 1.930925149558778867e+04 1.172145422275641795e+04
1.407210003734283600e+04 3.154422612884949194e+04 -3.557461097589790734e+04
-2.320282096998006455e+04 -3.298352371159609902e+04 -3.188649156600297283e+04
3.736631435076185880e+04 -1.286301391074577623e+03 -3.828599830096821097e+04
1.664289456576918747e+04 1.938275774302888021e+04 -9.329183960534235666e+03
-2.161481611239895210e+04 -3.524829321794668067e+04 2.846736828873605555e+04
3.726915683591477136e+04 3.414811681823399704e+04 -3.626566838739757804e+04
3.801747383054687089e+04 8.192000085912692157e+03 -3.373936173081172001e+03
-1.746369028686513775e+04 3.432381656339875917e+04 -4.810500287000468234e+03
5.011889963501908824e+03 2.792357307740591295e+03 3.897307236782979453e+04
4.027409519252370228e+04 -1.103170129661112151e+04 1.732421447712344525e+04
-2.151697620274962173e+04 -1.745045129422134778e+04 7.004921927719901760e+03
-6.905967113240349136e+02 -3.573025349567463854e+04 3.792601990081190888e+04
-3.928349596450823447e+04 -6.889341806958983398e+03 1.634563387656698251e+04
7.323624721217204751e+03 3.396703220947943919e+04 3.503201599402323336e+04
-4.096248884115007968e+04 2.065216756912348137e+04 -2.791911605760199745e+04
-2.369539413298376166e+04 -3.862668650940943735e+03 -2.212825119604582869e+04
-1.326682415909405972e+04 -4.030492558789243776e+04 -1.414186164120928333e+04
2.188875396835331412e+04 -2.334082607255272160e+04 -3.710770616511498520e+04
3.774581943646727450e+04 2.195690081009743153e+04 3.616086127813556959e+04
-3.863515646189859126e+03 -1.724181827423260256e+04 -9.063209181735230231e+03
3.983037784510432539e+04 1.922439473819931300e+04 1.476881603774962605e+04
6.138253369504686816e+03 1.374828386843339467e+04 1.626964331289904294e+04
2.670931078012544822e+04 7.497283578729906367e+03 6.266722420012797556e+02
-2.488000225505503840e+04 -5.113357986309597436e+03 2.576298033469017537e+04
