-1.167313561558329737e+26 -1.372942942285630796e+26 -1.371579654372748867e+26
-1.247943376446091280e+26 -1.116105833072894332e+26 -1.391428388413177023e+26
-1.097035337152400302e+26 -1.338498551506315811e+26 -1.295591746712768840e+26
-1.369097520561173352e+26 -1.177823575267293214e+26 -1.352782169099827745e+26
-1.261497377876943705e+26 -1.076346878090228640e+26 -1.380969879682709364e+26
-1.096580529169575056e+26 -1.250014312079754921e+26 -1.373059643073790767e+26
-1.205613645591705783e+26 -1.241308486619432823e+26 -1.236621661789794279e+26
-1.288611353715719680e+26 -1.184619299856614226e+26 -1.354347208450404758e+26
-1.140511624505815273e+26 -1.298810337553434865e+26 -1.395023676787911916e+26
-1.112182865859268371e+26 -1.320878790988195463e+26 -1.370520373240093453e+26
-1.104037177524823055e+26 -1.250955086156916304e+26 -1.305487165165501483e+26
-1.325564284045049747e+26 -1.101032996184268079e+26 -1.366964419372338556e+26
-1.087036022167680564e+26 -1.390585142640182671e+26 -1.257041127155098501e+26
-1.121259590964342126e+26 -1.380799715736221380e+26 -1.298718080506545913e+26
-1.383287661993875651e+26 -1.073264627783118978e+26 -1.380954227899891560e+26
-1.066884052504389985e+26 -1.340421038124560062e+26 -1.255375560360205715e+26
-1.324272744162639246e+26 -1.217226631336846303e+26 -1.379820736309948889e+26
-1.290249446170100357e+26 -1.060929549813185153e+26 -1.392248379356765290e+26
-1.124808081678442459e+26 -1.382377002219618929e+26 -1.356179750225099408e+26
-1.078124573260433273e+26 -1.284116977627084887e+26 -1.310141708905915649e+26
-1.191827296190232005e+26 -1.285876665336829148e+26 -1.334148647254398894e+26
-1.122141468381842567e+26 -1.327902242283676095e+26 -1.354867998578065193e+26
-1.285814704976921341e+26 -1.064578030827836171e+26 -1.322802195806891875e+26
-1.113423768182761467e+26 -1.350287742846202313e+26 -1.326072548342082597e+26
-1.117043609864280576e+26 -1.250463758296002328e+26 -1.234167553705115180e+26
-1.188900693725967954e+26 -1.397400952412976490e+26 -1.316034015155040082e+26
-1.364751726384728556e+26 -1.123945297298578115e+26 -1.339058292615940468e+26
-1.239253859273921684e+26 -1.107519774491492754e+26 -1.338347773165925751e+26
