-1.278209694993607440e+26 -1.069866962557792559e+26 -1.395195964579247811e+26
-1.111937496495377380e+26 -1.338450478417440450e+26 -1.350869667742271157e+26
-1.283793957808755960e+26 -1.183244773281058624e+26 -1.362413647611821842e+26
-1.075960062847003145e+26 -1.267665215511585629e+26 -1.271049014546333459e+26
-1.110802826956784240e+26 -1.328648369569057212e+26 -1.295476250765187573e+26
-1.139311052577881619e+26 -1.316543965562292270e+26 -1.397715938621509704e+26
-1.397131467895334402e+26 -1.117369956428751525e+26 -1.381145187073199248e+26
-1.073248877239955374e+26 -1.273093050946397460e+26 -1.335502567501287671e+26
-1.134016965998528928e+26 -1.383606818505886800e+26 -1.295045019287629394e+26
-1.189104125457892614e+26 -1.300929683663369647e+26 -1.332632730656427947e+26
-1.164557741102757947e+26 -1.371642095650086625e+26 -1.371439658325976188e+26
-1.279485297230778096e+26 -1.065165920709768579e+26 -1.323414883608133665e+26
-1.214610565357260128e+26 -1.239069662804261290e+26 -1.236392074118999935e+26
-1.093570060961839418e+26 -1.358852974564954106e+26 -1.280545870329334730e+26
-1.323383134878648257e+26 -1.220101022368604451e+26 -1.382586294930933006e+26
-1.334959162804480799e+26 -1.078544418266292901e+26 -1.361382386441379557e+26
-1.259722515348735374e+26 -1.079304527528212638e+26 -1.369855772255903595e+26
-1.102190441679615277e+26 -1.237743233269905849e+26 -1.387302138388603366e+26
-1.386545825956519629e+26 -1.078106256067605596e+26 -1.377964769547758915e+26
-1.114723820494353353e+26 -1.322491324504768079e+26 -1.361910808727119501e+26
-1.346187111835067228e+26 -1.116992804665047158e+26 -1.326281779416548985e+26
-1.086925186878945618e+26 -1.272971938101344638e+26 -1.309501499110624802e+26
-1.093835698427028687e+26 -1.250032637308201152e+26 -1.233972890842097463e+26
-1.296407418260192506e+26 -1.064715928741084440e+26 -1.370870242331436173e+26
-1.132653160792693160e+26 -1.245161184094397225e+26 -1.314298803652870765e+26
-1.243661472469481152e+26 -1.117206596318381071e+26 -1.389979723056055445e+26
-1.323572912085496200e+26 -1.123113635874392804e+26 -1.383704652163564366e+26
-1.356448496470273309e+26 -1.172892686599771553e+26 -1.335990875978474971e+26
-1.121383816846344318e+26 -1.347288734891755012e+26 -1.332003877486252009e+26
-1.142973871876702323e+26 -1.297724171424790068e+26 -1.395542608592493869e+26
-1.199583556606534583e+26 -1.401433517168026488e+26 -1.275804734761804663e+26
-1.137117485367230858e+26 -1.344508647872160321e+26 -1.374297272994792494e+26
-1.228160547034660892e+26 -1.095338580103521894e+26 -1.347509915296484027e+26
-1.073093074628972912e+26 -1.326348535318902742e+26 -1.243900033917459337e+26
-1.078279483917739960e+26 -1.393292149725506273e+26 -1.240264810418098569e+26
-1.125160485888947404e+26 -1.327484048597459303e+26 -1.357723665931979625e+26
-1.197456006021317244e+26 -1.399570117458538852e+26 -1.333029770576415745e+26
-1.219678549715429680e+26 -1.281938362693930964e+26 -1.399796420570189440e+26
-1.105441763495563444e+26 -1.343957950851383052e+26 -1.395402222840050252e+26
-1.066151565681753116e+26 -1.384299267858348832e+26 -1.270918576365778890e+26
-1.120755864813408339e+26 -1.258219345729238670e+26 -1.373312387388775192e+26
-1.153041976299369112e+26 -1.249938238877517972e+26 -1.235344952646147759e+26
-1.135914426686783042e+26 -1.376238718650908075e+26 -1.352430245161033453e+26
-1.169303296260573088e+26 -1.226305524457668322e+26 -1.343329364578542382e+26
-1.366348840757269354e+26 -1.056637453407592833e+26 -1.392355598365971964e+26
-1.076212803144178294e+26 -1.299196355509333370e+26 -1.302870707449503603e+26
-1.293256825435784926e+26 -1.057913778348220214e+26 -1.399250362612533113e+26
-1.254350717640200658e+26 -1.072666704700728503e+26 -1.383502596531342271e+26
-1.078645124657655962e+26 -1.243249309515099159e+26 -1.380563769882130163e+26
-1.389858369142441547e+26 -1.091163453428203081e+26 -1.327760192634099351e+26
-1.119830528164222731e+26 -1.318583947992721745e+26 -1.345348343910593837e+26
-1.114196966828347258e+26 -1.375814031180329086e+26 -1.294269320925430762e+26
-1.232329466194533635e+26 -1.201053351623028807e+26 -1.380628697681229639e+26
-1.110874223428937418e+26 -1.397411248049436456e+26 -1.268961079561309161e+26
-1.098967083816744520e+26 -1.275580962870044684e+26 -1.343375920944388085e+26
-1.109566988978752615e+26 -1.391249455273765296e+26 -1.399581387413766141e+26
-1.265433603664197582e+26 -1.089140733228660254e+26 -1.381689898705990253e+26
-1.148366491736621748e+26 -1.256041934129985144e+26 -1.394981919803924648e+26
-1.063339561184680299e+26 -1.368752937160061809e+26 -1.325011528901432804e+26
-1.360267384079555672e+26 -1.135821856359354315e+26 -1.340762828143720872e+26
-1.098487628582460522e+26 -1.334063924569590081e+26 -1.319757258812740602e+26
-1.236647847862234399e+26 -1.133759062816338751e+26 -1.323240157115111560e+26
-1.306464533450224592e+26 -1.173780614430549441e+26 -1.348439535934889211e+26
-1.209028321491310146e+26 -1.290926724525569178e+26 -1.303518217604383572e+26
-1.122301586382098160e+26 -1.362671244436048820e+26 -1.312809376615438974e+26
-1.376561871056945714e+26 -1.209254745137241272e+26 -1.368012254006350423e+26
-1.199119740695146129e+26 -1.365943524150020128e+26 -1.370835407924369820e+26
-1.065997462604125672e+26 -1.358265520615336307e+26 -1.259378473682251287e+26
-1.119804206490717113e+26 -1.389916587199926244e+26 -1.337074298358806168e+26
-1.122181769280560819e+26 -1.288669262092822154e+26 -1.383500981371983441e+26
-1.264256007850506831e+26 -1.057637566511047418e+26 -1.396824744311729976e+26
-1.385748511780016923e+26 -1.193215007361701552e+26 -1.335509220993571543e+26
-1.317461743707637566e+26 -1.061638581418174818e+26 -1.319738756800682927e+26
-1.093923989787499435e+26 -1.240780606737955386e+26 -1.312681173341335351e+26
-1.284039877874558984e+26 -1.199038460411991418e+26 -1.344677580684099255e+26
-1.084430689765773259e+26 -1.328376002273206265e+26 -1.290119626983298750e+26
-1.370280227028357674e+26 -1.140862750637979970e+26 -1.388407618542267332e+26
-1.104828726144908215e+26 -1.256875549213966871e+26 -1.286194247337189052e+26
-1.120324251643961819e+26 -1.318575299658095512e+26 -1.381114892790698678e+26
-1.105631544720220663e+26 -1.382978513479700662e+26 -1.365987037025282806e+26
-1.319870380234995805e+26 -1.184628265752710374e+26 -1.386175564735850933e+26
-1.337571200930193433e+26 -1.221081086603401439e+26 -1.345810321674204475e+26
-1.121119717628163344e+26 -1.398732163140458791e+26 -1.302346443596441273e+26
-1.051803345731698970e+26 -1.311260616578427897e+26 -1.273790486400263248e+26
-1.398291550078067787e+26 -1.055746986321305438e+26 -1.352441997253382722e+26
-1.187923371646052388e+26 -1.395365520151635990e+26 -1.376664144393955253e+26
-1.157544333457216094e+26 -1.309179953828327440e+26 -1.323612849110437227e+26
-1.096374712867801140e+26 -1.304314105458567066e+26 -1.362062199783435271e+26
-1.329885091465145714e+26 -1.100903647834499776e+26 -1.348779985010179488e+26
-1.264046495164130725e+26 -1.105642874942588307e+26 -1.335131104955623216e+26
-1.271767680104805874e+26 -1.099342789169082776e+26 -1.398453628507255228e+26
-1.229465812758263977e+26 -1.051492246753712031e+26 -1.386856221817870240e+26
-1.167336960275533040e+26 -1.389712763731590051e+26 -1.333905813727135825e+26
-1.063114523682974929e+26 -1.239852794113757757e+26 -1.361165605537889060e+26
-1.250674542619037740e+26 -1.052979941110861583e+26 -1.364892646025425580e+26
