-1.191655494662417025e+26 -1.385558188151097369e+26 -1.374721232237426832e+26
-1.277690482622664570e+26 -1.068258258357611842e+26 -1.395717967866667491e+26
-1.119602421147487792e+26 -1.377939336814572114e+26 -1.294480875024212301e+26
-1.119621881954958547e+26 -1.319259523459051500e+26 -1.347924427208314479e+26
-1.293301511009151922e+26 -1.183249795542746387e+26 -1.352157084347835903e+26
-1.106031718531501760e+26 -1.248094699199648313e+26 -1.302409929001983914e+26
-1.391355003125395399e+26 -1.072185250606292695e+26 -1.375420511865784352e+26
-1.127046508734940691e+26 -1.293306396665321696e+26 -1.387759999906534828e+26
-1.077641351329883367e+26 -1.294722963743544428e+26 -1.303059681094481408e+26
-1.214610565357260128e+26 -1.239069662804261290e+26 -1.236392074118999935e+26
-1.329430050449378118e+26 -1.084106942723952000e+26 -1.348012699940760101e+26
-1.324272744162639246e+26 -1.217226631336846303e+26 -1.379820736309948889e+26
-1.076154745799067762e+26 -1.241047991950211854e+26 -1.373893322442722297e+26
-1.271405354057603891e+26 -1.088671152717475583e+26 -1.383867266300665347e+26
-1.138521643441275363e+26 -1.347487616454590353e+26 -1.375009751126865566e+26
-1.190761845471124323e+26 -1.298578554041241052e+26 -1.319182949126412087e+26
-1.070793903317361142e+26 -1.364238667197491564e+26 -1.262465145671027777e+26
-1.354672845716994086e+26 -1.135831305385986697e+26 -1.334056955105299408e+26
-1.167336960275533040e+26 -1.389712763731590051e+26 -1.333905813727135825e+26
-1.111937496495377380e+26 -1.338450478417440450e+26 -1.350869667742271157e+26
-1.085617719395818465e+26 -1.273304612715542195e+26 -1.337188986726707848e+26
-1.104528824801580380e+26 -1.331819943896117606e+26 -1.310600365950098351e+26
-1.258111748794839937e+26 -1.076684132359051665e+26 -1.371413430066538146e+26
-1.232329466194533635e+26 -1.201053351623028807e+26 -1.380628697681229639e+26
-1.297925411922104397e+26 -1.063050987050363150e+26 -1.370611410030833897e+26
-1.153041976299369112e+26 -1.249938238877517972e+26 -1.235344952646147759e+26
-1.323572912085496200e+26 -1.123113635874392804e+26 -1.383704652163564366e+26
-1.247608701536810175e+26 -1.112577367072764429e+26 -1.390746327967748878e+26
-1.121383816846344318e+26 -1.347288734891755012e+26 -1.332003877486252009e+26
-1.075960062847003145e+26 -1.267665215511585629e+26 -1.271049014546333459e+26
-1.146046822900975063e+26 -1.297663238143392406e+26 -1.396521383634551579e+26
-1.293256825435784926e+26 -1.057913778348220214e+26 -1.399250362612533113e+26
-1.164557741102757947e+26 -1.371642095650086625e+26 -1.371439658325976188e+26
-1.239253859273921684e+26 -1.107519774491492754e+26 -1.338347773165925751e+26
-1.121624786397055035e+26 -1.250110050449856316e+26 -1.384971517674302981e+26
-1.375313738582302486e+26 -1.191569674254696532e+26 -1.350906470875919057e+26
-1.075392796380465570e+26 -1.392249552305982430e+26 -1.245250210713979203e+26
-1.111004608038700770e+26 -1.316408414719339492e+26 -1.366981143503758940e+26
-1.127811700525688373e+26 -1.379760971395864442e+26 -1.353549184976020604e+26
-1.219678549715429680e+26 -1.281938362693930964e+26 -1.399796420570189440e+26
-1.110874223428937418e+26 -1.397411248049436456e+26 -1.268961079561309161e+26
-1.279485297230778096e+26 -1.065165920709768579e+26 -1.323414883608133665e+26
-1.069180411349456614e+26 -1.354505001731389099e+26 -1.331747346098968670e+26
-1.093835698427028687e+26 -1.250032637308201152e+26 -1.233972890842097463e+26
-1.090299493839103793e+26 -1.345799413321818628e+26 -1.286625308057849874e+26
-1.169303296260573088e+26 -1.226305524457668322e+26 -1.343329364578542382e+26
-1.379647428103627443e+26 -1.091218236258693220e+26 -1.347733867989664899e+26
-1.106816838656626501e+26 -1.359721785658843800e+26 -1.396795277697955548e+26
-1.388181054273008941e+26 -1.125200887831827673e+26 -1.383565997562888552e+26
-1.198165189549723024e+26 -1.400191250695034616e+26 -1.313954758638212108e+26
-1.123803524989452381e+26 -1.327940315491502030e+26 -1.359993086003100483e+26
-1.122301586382098160e+26 -1.362671244436048820e+26 -1.312809376615438974e+26
-1.139164811013882944e+26 -1.317602701852340846e+26 -1.395865168226079419e+26
-1.067770642404654469e+26 -1.322576555633783988e+26 -1.251372647038160315e+26
-1.366348840757269354e+26 -1.056637453407592833e+26 -1.392355598365971964e+26
-1.254687197693825497e+26 -1.057857145531764136e+26 -1.388867973397886865e+26
-1.121301266361462039e+26 -1.396825877333966826e+26 -1.307589455783334017e+26
