-1.114801511534488479e+26 -1.248234285932093357e+26 -1.326324830243736412e+26
-1.293414994034248567e+26 -1.075764033928806400e+26 -1.365680397815674739e+26
-1.114196966828347258e+26 -1.375814031180329086e+26 -1.294269320925430762e+26
-1.114311954857863170e+26 -1.320904055439222557e+26 -1.367974191959106099e+26
-1.324672959065152364e+26 -1.220190119117222296e+26 -1.379243024634866792e+26
-1.164557741102757947e+26 -1.371642095650086625e+26 -1.371439658325976188e+26
-1.214610565357260128e+26 -1.239069662804261290e+26 -1.236392074118999935e+26
-1.388428109369953281e+26 -1.076943497019392741e+26 -1.368498850896754532e+26
-1.095166899109987452e+26 -1.331452700050270948e+26 -1.292407709141103952e+26
-1.272328767180562831e+26 -1.065276064935295200e+26 -1.395532675369923913e+26
-1.073093074628972912e+26 -1.326348535318902742e+26 -1.243900033917459337e+26
-1.093835698427028687e+26 -1.250032637308201152e+26 -1.233972890842097463e+26
-1.259915381226826046e+26 -1.080698872811944556e+26 -1.375372743657736213e+26
-1.128762876711257447e+26 -1.294845401126413064e+26 -1.389644420794542745e+26
-1.284039877874558984e+26 -1.199038460411991418e+26 -1.344677580684099255e+26
-1.360267384079555672e+26 -1.135821856359354315e+26 -1.340762828143720872e+26
-1.178584194791000384e+26 -1.303679773718355578e+26 -1.329626103474431040e+26
-1.080489555284749076e+26 -1.272668056113403125e+26 -1.336553575200233630e+26
-1.075392796380465570e+26 -1.392249552305982430e+26 -1.245250210713979203e+26
-1.077641351329883367e+26 -1.294722963743544428e+26 -1.303059681094481408e+26
-1.102190441679615277e+26 -1.237743233269905849e+26 -1.387302138388603366e+26
-1.243661472469481152e+26 -1.117206596318381071e+26 -1.389979723056055445e+26
-1.069362418113021113e+26 -1.242866211393556524e+26 -1.363091241114211569e+26
-1.279485297230778096e+26 -1.065165920709768579e+26 -1.323414883608133665e+26
-1.119559843326037375e+26 -1.318629412853693812e+26 -1.346485273466946419e+26
-1.118775687475156594e+26 -1.353520643462848999e+26 -1.333498031189397940e+26
-1.075960062847003145e+26 -1.267665215511585629e+26 -1.271049014546333459e+26
-1.236647847862234399e+26 -1.133759062816338751e+26 -1.323240157115111560e+26
-1.126647109786891549e+26 -1.392249872582784958e+26 -1.299217261749807611e+26
-1.219678549715429680e+26 -1.281938362693930964e+26 -1.399796420570189440e+26
-1.323572912085496200e+26 -1.123113635874392804e+26 -1.383704652163564366e+26
-1.293110791507840515e+26 -1.058800764859444282e+26 -1.399213630233689398e+26
-1.182396483148424971e+26 -1.394641440595064279e+26 -1.333467792151775785e+26
-1.138521643441275363e+26 -1.347487616454590353e+26 -1.375009751126865566e+26
-1.153041976299369112e+26 -1.249938238877517972e+26 -1.235344952646147759e+26
-1.130544353288094399e+26 -1.380798008167247465e+26 -1.347311596226957577e+26
-1.139164811013882944e+26 -1.317602701852340846e+26 -1.395865168226079419e+26
-1.232329466194533635e+26 -1.201053351623028807e+26 -1.380628697681229639e+26
-1.199583556606534583e+26 -1.401433517168026488e+26 -1.275804734761804663e+26
-1.105441763495563444e+26 -1.343957950851383052e+26 -1.395402222840050252e+26
-1.376561871056945714e+26 -1.209254745137241272e+26 -1.368012254006350423e+26
-1.306464533450224592e+26 -1.173780614430549441e+26 -1.348439535934889211e+26
-1.093570060961839418e+26 -1.358852974564954106e+26 -1.280545870329334730e+26
-1.111937496495377380e+26 -1.338450478417440450e+26 -1.350869667742271157e+26
-1.122301586382098160e+26 -1.362671244436048820e+26 -1.312809376615438974e+26
-1.098682020243347072e+26 -1.252492360281447340e+26 -1.291564230335167249e+26
-1.328164344076637168e+26 -1.078069302266107066e+26 -1.349048535387147536e+26
-1.110874223428937418e+26 -1.397411248049436456e+26 -1.268961079561309161e+26
-1.169303296260573088e+26 -1.226305524457668322e+26 -1.343329364578542382e+26
-1.397131467895334402e+26 -1.117369956428751525e+26 -1.381145187073199248e+26
-1.069180411349456614e+26 -1.354505001731389099e+26 -1.331747346098968670e+26
-1.118466697847078640e+26 -1.263528348425804020e+26 -1.372684343520196857e+26
-1.066489387109728079e+26 -1.362716291110031099e+26 -1.262831847112612100e+26
-1.209028321491310146e+26 -1.290926724525569178e+26 -1.303518217604383572e+26
-1.148366491736621748e+26 -1.256041934129985144e+26 -1.394981919803924648e+26
-1.366348840757269354e+26 -1.056637453407592833e+26 -1.392355598365971964e+26
-1.107599266849486639e+26 -1.387113984376732979e+26 -1.382784212219524559e+26
-1.243604965998779819e+26 -1.052484042991811732e+26 -1.372213837956240524e+26
-1.191655494662417025e+26 -1.385558188151097369e+26 -1.374721232237426832e+26
-1.342289033203492240e+26 -1.114081037961808683e+26 -1.332144305662769557e+26
-1.146046822900975063e+26 -1.297663238143392406e+26 -1.396521383634551579e+26
-1.297903630373164562e+26 -1.059191876147223461e+26 -1.373465164589316890e+26
-1.366215168240187847e+26 -1.179666793520414886e+26 -1.335830324316840381e+26
-1.228160547034660892e+26 -1.095338580103521894e+26 -1.347509915296484027e+26
-1.370280227028357674e+26 -1.140862750637979970e+26 -1.388407618542267332e+26
-1.124378496343734488e+26 -1.327104411973203075e+26 -1.358636657254849883e+26
-1.271066315233395546e+26 -1.096374704832182414e+26 -1.393012654835868199e+26
-1.097773221901899359e+26 -1.300734387995379321e+26 -1.356007582072181047e+26
-1.077038583499927289e+26 -1.240427441296071709e+26 -1.387374398689767037e+26
-1.264046495164130725e+26 -1.105642874942588307e+26 -1.335131104955623216e+26
-1.124861322674594445e+26 -1.338979523463629639e+26 -1.330011672548724101e+26
-1.291009242294003826e+26 -1.183521471775389009e+26 -1.367166031036627660e+26
-1.051803345731698970e+26 -1.311260616578427897e+26 -1.273790486400263248e+26
-1.103939846093314197e+26 -1.330658749354167172e+26 -1.317416612229179510e+26
