-1.146046822900975063e+26 -1.297663238143392406e+26 -1.396521383634551579e+26
-1.293110791507840515e+26 -1.058800764859444282e+26 -1.399213630233689398e+26
-1.111937496495377380e+26 -1.338450478417440450e+26 -1.350869667742271157e+26
-1.319870380234995805e+26 -1.184628265752710374e+26 -1.386175564735850933e+26
-1.093820776283101941e+26 -1.356253459950985977e+26 -1.284528716702580445e+26
-1.093835698427028687e+26 -1.250032637308201152e+26 -1.233972890842097463e+26
-1.069362418113021113e+26 -1.242866211393556524e+26 -1.363091241114211569e+26
-1.398291550078067787e+26 -1.055746986321305438e+26 -1.352441997253382722e+26
-1.167336960275533040e+26 -1.389712763731590051e+26 -1.333905813727135825e+26
-1.239566505108508373e+26 -1.074871638294030914e+26 -1.388188125617465333e+26
-1.332422127134813256e+26 -1.089724033050396339e+26 -1.355081185725779437e+26
-1.082876132364687346e+26 -1.274593298279226902e+26 -1.336696925615587624e+26
-1.214610565357260128e+26 -1.239069662804261290e+26 -1.236392074118999935e+26
-1.067673431507425977e+26 -1.353998034547579408e+26 -1.253367941384092167e+26
-1.163723764415934607e+26 -1.379507150307974073e+26 -1.370125533332755886e+26
-1.279485297230778096e+26 -1.065165920709768579e+26 -1.323414883608133665e+26
-1.355573959998059524e+26 -1.129545505794585205e+26 -1.335935811901330129e+26
-1.124770896135440349e+26 -1.326734641057730329e+26 -1.357353298526349482e+26
-1.148366491736621748e+26 -1.256041934129985144e+26 -1.394981919803924648e+26
-1.284139228255266208e+26 -1.193614367566589147e+26 -1.346120004374395222e+26
-1.119972934394379321e+26 -1.359300699149894957e+26 -1.312629564580231966e+26
-1.077641351329883367e+26 -1.294722963743544428e+26 -1.303059681094481408e+26
-1.366348840757269354e+26 -1.056637453407592833e+26 -1.392355598365971964e+26
-1.126867515328388781e+26 -1.378255498232340272e+26 -1.318419709991008501e+26
-1.178584194791000384e+26 -1.303679773718355578e+26 -1.329626103474431040e+26
-1.093806488953052614e+26 -1.238637969278627688e+26 -1.387326225155657866e+26
-1.228160547034660892e+26 -1.095338580103521894e+26 -1.347509915296484027e+26
-1.112897612306750582e+26 -1.314435248458403956e+26 -1.380250300396626608e+26
-1.078279483917739960e+26 -1.393292149725506273e+26 -1.240264810418098569e+26
-1.376561871056945714e+26 -1.209254745137241272e+26 -1.368012254006350423e+26
-1.263884277937892807e+26 -1.086017998400653364e+26 -1.374651797186747191e+26
-1.386545825956519629e+26 -1.078106256067605596e+26 -1.377964769547758915e+26
-1.098682020243347072e+26 -1.252492360281447340e+26 -1.291564230335167249e+26
-1.219678549715429680e+26 -1.281938362693930964e+26 -1.399796420570189440e+26
-1.153041976299369112e+26 -1.249938238877517972e+26 -1.235344952646147759e+26
-1.110874223428937418e+26 -1.397411248049436456e+26 -1.268961079561309161e+26
-1.138521643441275363e+26 -1.347487616454590353e+26 -1.375009751126865566e+26
-1.101839966735064464e+26 -1.333179190036286322e+26 -1.317082129600774399e+26
-1.323383134878648257e+26 -1.220101022368604451e+26 -1.382586294930933006e+26
-1.295045935348161173e+26 -1.064541456709321345e+26 -1.372077790913832953e+26
-1.264256007850506831e+26 -1.057637566511047418e+26 -1.396824744311729976e+26
-1.323572912085496200e+26 -1.123113635874392804e+26 -1.383704652163564366e+26
-1.135914426686783042e+26 -1.376238718650908075e+26 -1.352430245161033453e+26
-1.075960062847003145e+26 -1.267665215511585629e+26 -1.271049014546333459e+26
-1.111114102718382451e+26 -1.317232021440229871e+26 -1.358400649588307289e+26
-1.306464533450224592e+26 -1.173780614430549441e+26 -1.348439535934889211e+26
-1.370280227028357674e+26 -1.140862750637979970e+26 -1.388407618542267332e+26
-1.187923371646052388e+26 -1.395365520151635990e+26 -1.376664144393955253e+26
-1.243661472469481152e+26 -1.117206596318381071e+26 -1.389979723056055445e+26
-1.073093074628972912e+26 -1.326348535318902742e+26 -1.243900033917459337e+26
-1.133463392226256715e+26 -1.387125073530539547e+26 -1.295226694581922543e+26
-1.105441763495563444e+26 -1.343957950851383052e+26 -1.395402222840050252e+26
-1.232329466194533635e+26 -1.201053351623028807e+26 -1.380628697681229639e+26
-1.116831758812862585e+26 -1.263163967269119321e+26 -1.366470982161515767e+26
-1.366215168240187847e+26 -1.179666793520414886e+26 -1.335830324316840381e+26
-1.139164811013882944e+26 -1.317602701852340846e+26 -1.395865168226079419e+26
-1.120746864920463856e+26 -1.349247286371179147e+26 -1.330895540383153720e+26
-1.199583556606534583e+26 -1.401433517168026488e+26 -1.275804734761804663e+26
-1.209028321491310146e+26 -1.290926724525569178e+26 -1.303518217604383572e+26
-1.169303296260573088e+26 -1.226305524457668322e+26 -1.343329364578542382e+26
-1.114196966828347258e+26 -1.375814031180329086e+26 -1.294269320925430762e+26
-1.084430689765773259e+26 -1.328376002273206265e+26 -1.290119626983298750e+26
-1.256676340486655906e+26 -1.064675253204519936e+26 -1.370236335331070472e+26
-1.264046495164130725e+26 -1.105642874942588307e+26 -1.335131104955623216e+26
-1.236647847862234399e+26 -1.133759062816338751e+26 -1.323240157115111560e+26
-1.111606248203499206e+26 -1.386805476885777004e+26 -1.355787064605994732e+26
-1.117056265963733622e+26 -1.241498207576949688e+26 -1.318678477002208827e+26
-1.121525883715103972e+26 -1.330796433940871218e+26 -1.367973269776198083e+26
-1.397131467895334402e+26 -1.117369956428751525e+26 -1.381145187073199248e+26
-1.317461743707637566e+26 -1.061638581418174818e+26 -1.319738756800682927e+26
-1.337571200930193433e+26 -1.221081086603401439e+26 -1.345810321674204475e+26
-1.276066264016933310e+26 -1.070338233514430386e+26 -1.396298500683110417e+26
-1.171013054940508876e+26 -1.364138121518502669e+26 -1.372434054086725407e+26
-1.197456006021317244e+26 -1.399570117458538852e+26 -1.333029770576415745e+26
-1.051803345731698970e+26 -1.311260616578427897e+26 -1.273790486400263248e+26
-1.283579517279211815e+26 -1.185212334697950607e+26 -1.366402438334001185e+26
-1.069180411349456614e+26 -1.354505001731389099e+26 -1.331747346098968670e+26
-1.389858369142441547e+26 -1.091163453428203081e+26 -1.327760192634099351e+26
-1.109566988978752615e+26 -1.391249455273765296e+26 -1.399581387413766141e+26
-1.271636749742605961e+26 -1.096916705304621269e+26 -1.396413234251367320e+26
-1.117558733201071157e+26 -1.399082937985778953e+26 -1.304538017973654311e+26
-1.070652520624136547e+26 -1.373103019343535629e+26 -1.266649360631096709e+26
-1.121340295361490013e+26 -1.323397253460704865e+26 -1.343578522329046912e+26
-1.110802826956784240e+26 -1.328648369569057212e+26 -1.295476250765187573e+26
-1.128762876711257447e+26 -1.294845401126413064e+26 -1.389644420794542745e+26
