-1.183826270828314620e+26 -1.244503950840889717e+26 -1.235868513382573933e+26
-1.257785218256993630e+26 -1.085715319809090278e+26 -1.368106936855642944e+26
-1.118821934207651168e+26 -1.325561091851849161e+26 -1.360085456798741337e+26
-1.288611353715719680e+26 -1.184619299856614226e+26 -1.354347208450404758e+26
-1.123314285273342415e+26 -1.385486141524340208e+26 -1.294846477412311636e+26
-1.380419079295561319e+26 -1.077679756333212968e+26 -1.379351794601016302e+26
-1.081042868692402231e+26 -1.279948855579440704e+26 -1.287377516509146011e+26
-1.332398808056330995e+26 -1.214942094895792833e+26 -1.375812165051379127e+26
-1.093403308213253805e+26 -1.257223295434598917e+26 -1.356528610785154687e+26
-1.108070592716185441e+26 -1.345066631859829295e+26 -1.315406118606137979e+26
-1.158056669052442189e+26 -1.377887409719343131e+26 -1.363633934349700977e+26
-1.142594964642910403e+26 -1.298366338215026809e+26 -1.395149275308498208e+26
-1.286457851398865750e+26 -1.063216763211588818e+26 -1.391640568434984814e+26
-1.335249740821211525e+26 -1.127550914565289509e+26 -1.384880393758240022e+26
-1.187185420602699060e+26 -1.286533049110645597e+26 -1.323207351701767108e+26
-1.349905946719661722e+26 -1.119535118345420657e+26 -1.337187289974913151e+26
-1.075331893421882677e+26 -1.365231437754358761e+26 -1.255446652985527008e+26
