-6.163635694188734066e+24 -1.031623971745003240e+26 5.859871830488199875e+25
-5.312339030769755892e+25 1.060056909527383051e+26 -1.080102793837705405e+25
1.220234226525668355e+26 1.456704650639058368e+25 8.067022546118447826e+25
9.013798859958308342e+25 9.576109149045694403e+25 -4.262795529575404166e+25
-6.731383614786668324e+25 1.936022398223813061e+25 4.689882079756255043e+25
-1.182494817675293335e+26 4.789165799547482828e+25 8.065064555154898714e+25
6.913802453984448924e+25 1.981294147276789212e+25 1.617785118633444417e+25
9.149220576237039972e+25 1.736686281179731724e+25 1.227696446178604164e+26
-8.643109029443119763e+25 -6.778714846630351997e+24 1.049675774756563339e+26
5.131712956471491399e+25 2.736333740008559667e+25 -1.154890720915183801e+26
-1.099646478262468765e+26 -1.110646257751750759e+26 1.042556269946905737e+26
2.696037535027714275e+25 1.847834366977031576e+25 1.156219457927470535e+26
-6.147763959769356738e+25 8.887813376322438648e+25 7.861665584169030714e+25
1.181974094521153032e+26 -3.603628175141762085e+25 1.153507342691819744e+26
1.154954108477834963e+26 1.707810655142291905e+25 -9.210246845272448580e+25
-1.116002925154567655e+26 8.867307196295341306e+25 -3.434102502524288743e+25
3.559353760095166587e+25 6.051994582012241183e+25 -2.499908973341902626e+25
3.867944440356282503e+25 1.132218058447092973e+26 3.904989296356413438e+25
7.628660844779993862e+25 -1.201303762850597266e+26 9.357927992851966208e+25
-1.312324921335017705e+25 -5.186507471720297934e+24 9.003467099887859299e+25
-1.191911622660244380e+26 1.203837761239382437e+26 9.557533570506304323e+25
-3.297512452807007264e+25 -3.077936616654128412e+25 4.414082332137938663e+25
3.524807124216938978e+25 1.153893564505486003e+26 -6.412811512296957906e+25
-1.034787895868505515e+26 -2.286066925912074930e+25 3.679769016095248678e+25
1.086924833967539840e+26 9.643445703233420769e+25 -1.066270326478120053e+26
-7.036855775657619626e+25 -1.010231269155649649e+26 2.394602918301048022e+25
2.930785062917185082e+25 6.678663189887406609e+24 -4.303807629300235633e+25
5.685520822316000776e+25 -4.785967657648765346e+25 7.696466806668267051e+25
1.100704319508317104e+26 9.801066249536279675e+25 1.054850048610585979e+26
-1.178532554370172297e+26 6.047399246620157720e+25 1.602552089745256426e+25
1.269639214870579676e+24 4.496244060774095635e+25 3.958523251040041455e+25
1.057284398491910374e+26 -8.763850199427501140e+25 3.016751022423653352e+25
-4.612306423752980446e+25 -6.447594354536810140e+25 1.099325249201362070e+26
1.060886783943379447e+26 2.985295398165198581e+25 -2.878423853832273542e+25
1.241179589565727576e+26 6.957435478068940633e+25 2.416380087376581479e+25
