-1.112803529561087752e+26 -1.321890477379005667e+26 -1.371844985838708130e+26
-1.263072178907835354e+26 -1.087274090931787074e+26 -1.380366196618464466e+26
-1.075392796380465570e+26 -1.392249552305982430e+26 -1.245250210713979203e+26
-1.324272744162639246e+26 -1.217226631336846303e+26 -1.379820736309948889e+26
-1.153041976299369112e+26 -1.249938238877517972e+26 -1.235344952646147759e+26
-1.347720287794061178e+26 -1.124925165665169423e+26 -1.336822100465893354e+26
-1.122271128039049198e+26 -1.365618965510710005e+26 -1.314559613050490754e+26
-1.170811068847294645e+26 -1.374853501611858243e+26 -1.372196944613233976e+26
-1.092803603561146345e+26 -1.262732149191396075e+26 -1.300532864722896025e+26
-1.293110791507840515e+26 -1.058800764859444282e+26 -1.399213630233689398e+26
-1.381661302808899242e+26 -1.069429688294971752e+26 -1.379729740963785193e+26
-1.140062774949769204e+26 -1.301254246320489047e+26 -1.395026062901282568e+26
-1.107409345001502154e+26 -1.243846014470745709e+26 -1.384999089890968686e+26
-1.285814704976921341e+26 -1.064578030827836171e+26 -1.322802195806891875e+26
-1.190761845471124323e+26 -1.298578554041241052e+26 -1.319182949126412087e+26
-1.077375368333089935e+26 -1.304830498423112314e+26 -1.300133458313200888e+26
-1.293301511009151922e+26 -1.183249795542746387e+26 -1.352157084347835903e+26
-1.067770642404654469e+26 -1.322576555633783988e+26 -1.251372647038160315e+26
-1.128570616498231076e+26 -1.372677099409938469e+26 -1.364782694654747682e+26
-1.199583556606534583e+26 -1.401433517168026488e+26 -1.275804734761804663e+26
-1.356448496470273309e+26 -1.172892686599771553e+26 -1.335990875978474971e+26
-1.214610565357260128e+26 -1.239069662804261290e+26 -1.236392074118999935e+26
-1.104883939454971606e+26 -1.277577088041552948e+26 -1.351143929148244204e+26
-1.253275024520606786e+26 -1.063027377398168862e+26 -1.372313821141920357e+26
-1.331731877532970312e+26 -1.083546209215417931e+26 -1.358818461582635739e+26
-1.110874223428937418e+26 -1.397411248049436456e+26 -1.268961079561309161e+26
-1.219678549715429680e+26 -1.281938362693930964e+26 -1.399796420570189440e+26
-1.120383526385305560e+26 -1.346866772500367674e+26 -1.333084111447877532e+26
-1.120007033542334617e+26 -1.383484090501475148e+26 -1.296578359976806614e+26
-1.075960062847003145e+26 -1.267665215511585629e+26 -1.271049014546333459e+26
-1.103139005375968093e+26 -1.331690300511303563e+26 -1.308908510628627169e+26
-1.247943376446091280e+26 -1.116105833072894332e+26 -1.391428388413177023e+26
-1.072432884267783549e+26 -1.241890703354562598e+26 -1.372804504144433722e+26
-1.148366491736621748e+26 -1.256041934129985144e+26 -1.394981919803924648e+26
-1.134471942729346720e+26 -1.236433979870522680e+26 -1.326895439527653460e+26
-1.386539517995839748e+26 -1.127895552206827320e+26 -1.372312404864124509e+26
-1.182396483148424971e+26 -1.394641440595064279e+26 -1.333467792151775785e+26
-1.122012545878224770e+26 -1.326509674701951372e+26 -1.355611816171506964e+26
-1.389858369142441547e+26 -1.091163453428203081e+26 -1.327760192634099351e+26
-1.239253859273921684e+26 -1.107519774491492754e+26 -1.338347773165925751e+26
-1.295045935348161173e+26 -1.064541456709321345e+26 -1.372077790913832953e+26
-1.069180411349456614e+26 -1.354505001731389099e+26 -1.331747346098968670e+26
-1.093835698427028687e+26 -1.250032637308201152e+26 -1.233972890842097463e+26
-1.323572912085496200e+26 -1.123113635874392804e+26 -1.383704652163564366e+26
-1.093570060961839418e+26 -1.358852974564954106e+26 -1.280545870329334730e+26
-1.066489387109728079e+26 -1.362716291110031099e+26 -1.262831847112612100e+26
-1.381155191418481319e+26 -1.201234876249471498e+26 -1.351760737499961069e+26
-1.232329466194533635e+26 -1.201053351623028807e+26 -1.380628697681229639e+26
-1.073248877239955374e+26 -1.273093050946397460e+26 -1.335502567501287671e+26
-1.271523857799076932e+26 -1.065453361590052242e+26 -1.396500902078733311e+26
