-1.133463392226256715e+26 -1.387125073530539547e+26 -1.295226694581922543e+26
-1.293110791507840515e+26 -1.058800764859444282e+26 -1.399213630233689398e+26
-1.098967083816744520e+26 -1.275580962870044684e+26 -1.343375920944388085e+26
-1.306464533450224592e+26 -1.173780614430549441e+26 -1.348439535934889211e+26
-1.125578309362731127e+26 -1.327863215005566481e+26 -1.358650832836817292e+26
-1.073093074628972912e+26 -1.326348535318902742e+26 -1.243900033917459337e+26
-1.256676340486655906e+26 -1.064675253204519936e+26 -1.370236335331070472e+26
-1.164557741102757947e+26 -1.371642095650086625e+26 -1.371439658325976188e+26
-1.323572912085496200e+26 -1.123113635874392804e+26 -1.383704652163564366e+26
-1.214610565357260128e+26 -1.239069662804261290e+26 -1.236392074118999935e+26
-1.138899327564718701e+26 -1.310613849718277712e+26 -1.400598254782211029e+26
-1.078279483917739960e+26 -1.393292149725506273e+26 -1.240264810418098569e+26
-1.260920058452621759e+26 -1.086101588502736031e+26 -1.376836763391441978e+26
-1.366348840757269354e+26 -1.056637453407592833e+26 -1.392355598365971964e+26
-1.323383134878648257e+26 -1.220101022368604451e+26 -1.382586294930933006e+26
-1.098487628582460522e+26 -1.334063924569590081e+26 -1.319757258812740602e+26
-1.355573959998059524e+26 -1.129545505794585205e+26 -1.335935811901330129e+26
-1.093835698427028687e+26 -1.250032637308201152e+26 -1.233972890842097463e+26
-1.209028321491310146e+26 -1.290926724525569178e+26 -1.303518217604383572e+26
-1.104828726144908215e+26 -1.256875549213966871e+26 -1.286194247337189052e+26
-1.093806488953052614e+26 -1.238637969278627688e+26 -1.387326225155657866e+26
-1.114196966828347258e+26 -1.375814031180329086e+26 -1.294269320925430762e+26
-1.120746864920463856e+26 -1.349247286371179147e+26 -1.330895540383153720e+26
-1.148366491736621748e+26 -1.256041934129985144e+26 -1.394981919803924648e+26
-1.076718143115201152e+26 -1.271787045945873869e+26 -1.333064363914921195e+26
-1.243661472469481152e+26 -1.117206596318381071e+26 -1.389979723056055445e+26
-1.285814704976921341e+26 -1.064578030827836171e+26 -1.322802195806891875e+26
-1.386545825956519629e+26 -1.078106256067605596e+26 -1.377964769547758915e+26
-1.283793957808755960e+26 -1.183244773281058624e+26 -1.362413647611821842e+26
-1.081176208947223641e+26 -1.295326331231546066e+26 -1.304123932497498142e+26
-1.116681305732402109e+26 -1.325219603942572238e+26 -1.364856885695931762e+26
-1.228160547034660892e+26 -1.095338580103521894e+26 -1.347509915296484027e+26
-1.110802826956784240e+26 -1.328648369569057212e+26 -1.295476250765187573e+26
-1.332422127134813256e+26 -1.089724033050396339e+26 -1.355081185725779437e+26
-1.219678549715429680e+26 -1.281938362693930964e+26 -1.399796420570189440e+26
-1.295045935348161173e+26 -1.064541456709321345e+26 -1.372077790913832953e+26
-1.191655494662417025e+26 -1.385558188151097369e+26 -1.374721232237426832e+26
-1.093570060961839418e+26 -1.358852974564954106e+26 -1.280545870329334730e+26
-1.128762876711257447e+26 -1.294845401126413064e+26 -1.389644420794542745e+26
-1.385748511780016923e+26 -1.193215007361701552e+26 -1.335509220993571543e+26
-1.153041976299369112e+26 -1.249938238877517972e+26 -1.235344952646147759e+26
-1.199583556606534583e+26 -1.401433517168026488e+26 -1.275804734761804663e+26
-1.109421612583034020e+26 -1.314830938394450177e+26 -1.355917181361801315e+26
-1.105631544720220663e+26 -1.382978513479700662e+26 -1.365987037025282806e+26
-1.389858369142441547e+26 -1.091163453428203081e+26 -1.327760192634099351e+26
-1.388181054273008941e+26 -1.125200887831827673e+26 -1.383565997562888552e+26
-1.270247381224779318e+26 -1.062835092347775600e+26 -1.396023609929045981e+26
-1.169303296260573088e+26 -1.226305524457668322e+26 -1.343329364578542382e+26
-1.110874223428937418e+26 -1.397411248049436456e+26 -1.268961079561309161e+26
-1.069362418113021113e+26 -1.242866211393556524e+26 -1.363091241114211569e+26
-1.066151565681753116e+26 -1.384299267858348832e+26 -1.270918576365778890e+26
-1.157544333457216094e+26 -1.309179953828327440e+26 -1.323612849110437227e+26
-1.122301586382098160e+26 -1.362671244436048820e+26 -1.312809376615438974e+26
-1.182396483148424971e+26 -1.394641440595064279e+26 -1.333467792151775785e+26
-1.273939326147641853e+26 -1.091229084343938712e+26 -1.397317492468249249e+26
-1.138521643441275363e+26 -1.347487616454590353e+26 -1.375009751126865566e+26
-1.232329466194533635e+26 -1.201053351623028807e+26 -1.380628697681229639e+26
-1.106833713455897343e+26 -1.242240799190102609e+26 -1.313220383445180604e+26
-1.105441763495563444e+26 -1.343957950851383052e+26 -1.395402222840050252e+26
-1.118466697847078640e+26 -1.263528348425804020e+26 -1.372684343520196857e+26
-1.236647847862234399e+26 -1.133759062816338751e+26 -1.323240157115111560e+26
-1.135601188225317200e+26 -1.373246374781151219e+26 -1.356394436845466226e+26
-1.146246336284026040e+26 -1.297297741178026671e+26 -1.396283059000983450e+26
-1.084430689765773259e+26 -1.328376002273206265e+26 -1.290119626983298750e+26
-1.189104125457892614e+26 -1.300929683663369647e+26 -1.332632730656427947e+26
-1.117558733201071157e+26 -1.399082937985778953e+26 -1.304538017973654311e+26
-1.075960062847003145e+26 -1.267665215511585629e+26 -1.271049014546333459e+26
-1.111937496495377380e+26 -1.338450478417440450e+26 -1.350869667742271157e+26
-1.376561871056945714e+26 -1.209254745137241272e+26 -1.368012254006350423e+26
-1.398291550078067787e+26 -1.055746986321305438e+26 -1.352441997253382722e+26
-1.059602395817581171e+26 -1.298626534720501329e+26 -1.290465279121697511e+26
-1.065997462604125672e+26 -1.358265520615336307e+26 -1.259378473682251287e+26
-1.063339561184680299e+26 -1.368752937160061809e+26 -1.325011528901432804e+26
-1.125487518350871599e+26 -1.388349641553343711e+26 -1.338228755608449100e+26
-1.109566988978752615e+26 -1.391249455273765296e+26 -1.399581387413766141e+26
-1.140435607281435686e+26 -1.324654476229002852e+26 -1.389942471936664933e+26
-1.356448496470273309e+26 -1.172892686599771553e+26 -1.335990875978474971e+26
-1.264046495164130725e+26 -1.105642874942588307e+26 -1.335131104955623216e+26
-1.337571200930193433e+26 -1.221081086603401439e+26 -1.345810321674204475e+26
-1.319870380234995805e+26 -1.184628265752710374e+26 -1.386175564735850933e+26
-1.112897612306750582e+26 -1.314435248458403956e+26 -1.380250300396626608e+26
-1.121478921837500374e+26 -1.323520556011853411e+26 -1.344418355642633125e+26
-1.229465812758263977e+26 -1.051492246753712031e+26 -1.386856221817870240e+26
-1.284039877874558984e+26 -1.199038460411991418e+26 -1.344677580684099255e+26
