-3.785861350743303046e+04 -3.276130438119693281e+04 4.259955004128452128e+04
1.437377061861462425e+04 9.368027379296825529e+03 3.668705356931634924e+03
-3.899635317217504780e+04 2.926849697154385922e+03 -8.916944432608419447e+03
-1.780385025448139277e+04 1.784775010555857079e+04 1.992259873151909778e+04
4.077504205025168631e+04 -1.986556702005090119e+04 2.669222055998365977e+04
2.512836521526343131e+04 1.558971797920006065e+04 -3.426961199984169070e+04
-2.277562823966543147e+04 -3.043418630446031602e+04 -5.080149878868343876e+03
-8.490944912962015223e+03 -6.504848521955409524e+02 -2.620687892938301957e+04
3.176715708533930956e+04 4.817475496655120878e+03 4.045955515480169561e+04
-1.737991967383961673e+04 3.574456070134216861e+04 -5.760060317400633721e+03
-5.707826902354248887e+03 5.052832617923819271e+03 2.490545649357469665e+04
3.443993670739624213e+04 -3.813256398953396274e+04 -3.839277145237311925e+04
2.307568703849880330e+04 2.785338836294937209e+04 -1.929695410263024314e+04
-8.689522255009946093e+03 -2.581352076040660177e+04 2.183691720790272666e+04
-3.195596416585851330e+04 2.423580280047148335e+04 2.762719748925309614e+04
-2.627752261140411065e+04 1.571487448264878913e+04 -2.553672395049091938e+04
4.184474837115842092e+04 3.877125158808864944e+04 1.779137296928305295e+04
-4.149099790106500586e+04 -5.399190692740267878e+03 1.768665173705964480e+04
4.075698811984244094e+04 1.133764459764309868e+04 -2.918647017643317213e+03
2.065307197113534858e+04 -4.134634953305860836e+04 2.407718395924477954e+04
-7.765822472282800845e+03 -2.843576265613195210e+04 -4.053846172652187670e+04
-2.386716615308665860e+04 -2.939698962660483630e+03 3.933768966409676068e+04
2.561989469721374553e+04 -2.614787262123572509e+04 -8.901612266041784096e+03
-3.709703621674651004e+03 -6.235563928996612049e+03 3.246974909800972091e+04
-3.741757283960276254e+04 4.236224693418352399e+04 3.322472025382822903e+04
3.930419404878473870e+04 1.529826741160181336e+04 3.585564718924229237e+04
-2.497894938487295440e+04 2.963047688771838693e+03 2.476441253281037461e+03
1.607975859821736594e+04 2.634771030009869719e+02 -2.327757089922031446e+04
4.665256586946830794e+03 3.665650384114461485e+04 2.614933561498753079e+03
-4.303898129882131616e+04 2.331022016508994784e+04 -4.923098215229754715e+03
-3.875885535202133178e+04 -2.867661271935454715e+04 -4.055975522449277923e+04
4.096174304385075811e+04 1.421673084418198869e+03 -2.437492447374535186e+04
-4.228699036872720171e+04 4.097775882135347274e+02 -2.848416132947192091e+04
2.220345724477526164e+04 -1.250220449002672103e+04 8.082997775648500465e+03
2.262080851240639277e+03 3.936817030557168619e+04 -1.726719783840128002e+04
-7.191464246367311716e+03 -3.259618037069506499e+03 8.401715259640908698e+03
4.235669940743607731e+04 2.538953053653522147e+04 -3.331882875074432832e+03
-1.258210261365462429e+04 1.129765357472548021e+04 -3.691270229547352938e+04
4.494219020897040537e+03 4.735817312668491468e+02 4.071759855873148626e+04
8.146358719995428146e+03 3.469028778616313502e+04 3.655216013032047340e+04
-2.265387479543438894e+04 -3.341299554993436323e+04 -3.387062974704991211e+04
-3.807252838852822606e+04 -3.965483503824961372e+04 1.259713342922695119e+04
-3.921287699262897513e+04 -2.662443411250229474e+04 -1.112142913631283591e+04
-4.625979021821733113e+03 -1.542845032979276584e+04 -6.306632901608625616e+03
2.119901943698868854e+04 -3.050542917702047998e+04 3.027233831356616793e+04
-1.775724797211189798e+04 1.651882378320927455e+04 -1.507939870216859163e+04
4.002438015810861543e+04 2.071140171883640869e+04 1.404803745982236615e+04
-8.444058627827867895e+03 3.879655780056700314e+04 2.109594647507354966e+04
-4.119187834821122669e+04 2.099851550628816040e+04 -2.808632747049543104e+04
-3.759753631817373389e+04 3.766180110532319668e+04 -3.571913896091274364e+04
3.398188039500618470e+04 3.842520448462200875e+04 -3.484252991723853484e+04
-2.774411942288380305e+04 3.982761258507310413e+04 1.815868675187531153e+03
3.784539398218598944e+04 -6.634327631652004129e+02 -3.859644125539848756e+04
3.118477123583481080e+04 7.525341021287850708e+03 -4.896125598130276558e+03
4.777373567528769854e+03 -1.932765281820865130e+04 -2.357349792227622311e+04
2.714664180501800729e+03 1.212031555533256324e+04 1.190311857054141728e+04
-1.605178695222597526e+04 -2.495100622303955242e+04 3.056405795229084833e+04
3.573729446490872942e+04 3.877637604765575088e+04 3.870985065720730927e+04
-2.917636190744998385e+04 -7.492825611014576680e+03 9.615201716900872270e+03
3.177139274423475217e+04 -1.376103241576938672e+04 -2.322002190986086134e+04
2.051833058403791438e+04 5.833367481223816867e+03 3.961691767320910003e+04
5.569595322226057760e+03 1.974570362893765196e+04 -7.115432052308633502e+03
-1.457319438716746299e+04 -4.063536290151549474e+04 -1.387732393231911374e+04
-3.051136612859419984e+04 -2.449881667125828244e+03 -3.999178111525398708e+04
5.140236292145308653e+03 -3.741420039313896996e+04 2.034134030675304530e+04
3.641072442867474456e+04 -3.606093007121973642e+04 5.853842917891908655e+03
2.384849729663341714e+04 -1.374046688833683220e+03 2.684440322546927564e+04
-3.917489091949887370e+04 2.198020304443182249e+04 9.610109739228946637e+03
2.537596657248198608e+04 3.302935467244930624e+04 1.250867719515999852e+03
3.360236045274759090e+04 3.446997750176775298e+04 -1.336123227625959589e+04
1.456160161718879317e+04 1.328396177404782065e+03 -9.849150933488763258e+03
4.760993674444900535e+03 -3.740180422782860842e+04 9.147343353642390866e+02
2.662866740519642190e+04 5.360612767590228941e+03 1.325370490212599361e+04
-2.181799437264255539e+04 -2.225945244468537567e+04 -1.988783822824522576e+04
-2.518130736321639779e+04 3.048716494122443328e+04 2.243787859663509153e+04
-8.500016826058592414e+03 -9.335740787065333279e+03 2.003592717252339935e+04
-2.308122327235362172e+04 -3.780449973597749340e+04 2.933146890774279746e+04
-3.006686622074032130e+04 7.676284762421739288e+03 1.464501300903958509e+04
-4.880788844928096296e+03 -3.111428962732866057e+04 -2.506782708122243275e+04
2.062338913393908297e+04 4.447243682359931881e+03 -4.082133496699512034e+04
-1.498253057907480616e+04 -1.682321339395862742e+04 3.945645009196320461e+04
2.626140259348636755e+04 8.547822409510099533e+03 2.590399912750912335e+03
1.634619011198755834e+04 1.908464737604081165e+04 -9.098767520945708384e+03
3.638639210501297202e+04 2.487311424322600215e+04 3.647639618468311528e+04
-6.383759666986328739e+03 1.905720691922437982e+04 1.192466433585922823e+04
2.846243373237942797e+04 -1.249157840821689388e+04 3.575569399285932013e+04
1.196164939105830490e+04 3.525853975001294020e+04 1.269341735995654381e+04
-2.286572075601272900e+03 -3.792009981902119034e+04 3.898243207282791263e+04
2.867458366576356639e+04 3.733863039854792078e+03 -1.814646135053313265e+04
-9.627340313008968224e+03 9.900002992551517309e+03 -1.035030083658712101e+04
-3.856427410847419378e+04 5.157021571572518951e+03 2.597592718660466198e+04
3.973758709120681306e+04 2.178293916232180345e+04 -2.889003806216576777e+04
-3.611450336971304205e+04 -9.742915714907299844e+03 -1.274194810414988933e+04
-3.928116300588948070e+04 1.687130320627888432e+04 2.314994662162693930e+04
2.379922916971415907e+04 -2.065746272214851342e+04 -3.853174561103901942e+04
1.608467469703137613e+04 3.597304323191918229e+04 -3.584221625671354559e+04
-3.594167772406627046e+04 2.316391888703974473e+04 -1.995721876128522490e+04
-2.143377771651983130e+04 -8.776323267133055197e+03 2.518092802033323096e+04
3.344806704053036810e+03 -9.484241892294568970e+03 -3.694135866120737774e+04
-4.066156432149482862e+04 3.650412811343456269e+04 2.954934491947964852e+04
-1.714575679738313556e+04 -1.611602246382791054e+04 1.237714747699996042e+04
-3.486569923798898526e+04 1.184050175447494257e+04 3.148579906511750323e+03
-3.637705818139789335e+04 1.522390811898912943e+04 -3.751878167052644858e+04
4.025339584734909295e+04 4.456413400553698011e+03 2.825091114982178988e+04
-2.942023001246609783e+04 -8.807696513920864163e+02 2.734301254401647384e+04
-3.804749406925273070e+04 3.299651701087628226e+03 3.915290674640762882e+04
-1.864902116752745496e+04 4.642029651563001607e+03 1.764509734428995580e+04
-4.020668894502150215e+04 -1.732810097172506721e+04 -3.419176994653772999e+04
-1.760901853056715845e+04 1.908341252871309553e+04 3.897284667826379882e+04
-6.026084134312784954e+03 -3.428511247590334824e+04 1.783698575012547735e+04
3.610847857856996416e+04 -1.172044037509198461e+04 -5.375809994514538630e+03
-1.902336425645637428e+04 3.691616500756335154e+04 -2.956788397198132589e+04
1.153405153321609032e+04 -4.033449553586050024e+04 -2.087027818379916789e+04
5.402498844934228146e+03 4.265088429224201718e+02 -1.763711412751243188e+04
3.482338674913412251e+04 -4.027869412507686502e+04 3.703877676035771583e+04
3.600348763538085768e+04 -4.010728943734891072e+04 -1.193997457541388576e+04
1.539308177499783051e+04 3.838336193247262418e+04 -1.875440446352428262e+04
-2.376236641003550903e+04 -3.788370979489807360e+04 1.128982992562240725e+03
-4.288922781353665050e+04 9.349950160975697145e+03 -2.527291534442580814e+04
-1.877719165000481735e+04 3.012057855908247438e+04 1.014224881128752713e+04
1.082190263543266701e+04 -1.221858081560544633e+03 1.934921282139894174e+04
-3.043450575782100350e+04 2.873706235164570899e+04 -4.373130865375063877e+03
1.155136203023112830e+04 1.696414892845485883e+04 2.319902596777546205e+04
-2.013062206184531533e+01 5.743539733103100843e+03 -3.947717812923579913e+04
-3.922667067952367506e+04 -2.546190904131161733e+04 2.336027702818326725e+04
-1.715421514533621666e+04 -3.492932117479661247e+04 1.097628848045695850e+04
-3.841229942481188482e+04 3.752122728079902299e+04 -1.546668673275170840e+04
-3.659363393120165711e+04 -3.919545118259923765e+04 -1.899164898151376474e+04
-3.754121080493462796e+04 -4.242817462754698499e+04 3.171016790666920497e+04
1.408309062708713464e+04 -2.649200591263430761e+04 1.299570450897722549e+04
1.915979162587137398e+04 -1.715633933498520128e+04 2.716618570664553044e+04
5.434786573314518137e+03 -2.006673596866781008e+04 2.987276840679390443e+04
-7.318798714861490225e+03 2.874703350101615433e+04 -6.080206801561625980e+03
2.942125137513330628e+03 3.401323619796926323e+02 -3.070179375864388476e+03
4.043835944750013732e+04 2.832801423495067138e+04 -3.982466748096670199e+04
-2.328562758156122800e+04 -1.821735512197565185e+03 -2.169463185441807582e+04
3.995468127037355589e+04 -6.998577173970385957e+03 1.493236794537629976e+04
-3.971910604588842398e+04 1.839487769829238096e+04 3.702126628985787102e+04
-4.198779749091470876e+04 -1.880252768449328141e+04 4.106846454886433639e+04
8.026627133913862963e+03 8.588697521796502770e+03 3.520988758147916087e+04
3.718754803293308214e+04 1.051664569324443437e+04 2.020609410190322160e+04
3.151291238503329623e+03 2.142729634038012591e+04 -2.833693161957857592e+04
-1.502418883392002317e+04 3.677303965348657221e+04 3.649792677295014437e+04
1.544881197634811906e+04 -3.324331398663253640e+04 -3.338340795557250385e+04
2.514960409955971409e+04 3.770231719708301534e+04 1.961625976274689674e+04
-1.872313485734173082e+04 -1.568390440776382093e+04 -4.001450537339660514e+04
4.093600211147574009e+04 -9.286261258599570283e+03 4.088185724853946158e+04
-2.386091981956187374e+04 -1.859048622332126251e+04 2.900899012646975279e+03
3.825474536845314287e+04 1.527690388139705829e+04 -1.580788826560306734e+04
3.909229825810891634e+04 -2.861618294764939128e+04 -2.602811961288045131e+04
