2.694186064551491654e+04 5.865465733538406312e+03 1.279008768817226883e+04
-3.054663735851203455e+04 2.579538997371590813e+04 -7.581418792490207125e+03
-3.832889317849419513e+03 -7.148322938993874232e+03 3.261359526294059833e+04
-9.252158956182040129e+03 -2.317390184728597524e+04 -3.304836500581187920e+03
2.596811747343261231e+04 5.934162009407404184e+03 -4.122559297923983831e+04
-3.924827694575804344e+04 1.667355903579856385e+04 2.310658404843878088e+04
2.659478967868757172e+04 1.267666657348712761e+04 -1.196349054529615205e+04
2.091193571726981463e+04 5.752158820298138380e+03 4.013873767048177979e+04
2.593343172117870927e+04 -2.429576506619804422e+04 -1.066973587703036537e+04
-3.802696305229280551e+04 -3.971525260340100067e+04 1.330302581191130776e+04
-4.235954157296839549e+04 5.484698087725741971e+02 -2.843071908977373823e+04
-5.953223406460184378e+03 -3.438613593032098288e+04 1.755463105634011299e+04
-1.377710561049530588e+04 1.416303679113640101e+04 5.492743664205756431e+03
2.946873814594319992e+04 -1.154633439040618759e+04 3.674098864723946463e+04
-8.896138335465137061e+03 -6.269179341230601494e+02 -2.601161780215756153e+04
-3.972378876675879292e+04 -3.350950583574488701e+04 4.284112060167826712e+04
2.491942131482536934e+04 -1.811705494705693127e+04 -3.992111260386309732e+04
-2.034487314005804365e+04 3.692266521440380166e+04 2.111554733413262147e+04
-1.937574260089748350e+04 -1.478834096603251237e+04 -4.036022739207835548e+04
-3.970072595235338667e+04 4.273265440895266511e+04 3.443118777984179906e+04
2.438332236642537828e+04 3.857355621899623657e+04 1.903655865919212010e+04
1.700531885223893914e+04 8.728370482516736956e+03 1.648665418251584924e+03
4.009337936569646263e+04 5.159447914513276373e+03 2.861775417032411133e+04
-3.638237843000863359e+04 -3.823886887891445804e+04 -3.059101922087389539e+04
-2.964096616836485555e+04 -1.005579146160339405e+03 2.762398244351894755e+04
2.068396423971536933e+04 -4.141226768046054349e+04 2.405262707729556860e+04
-1.230762108142699071e+04 4.070235327848227462e+04 -8.604804430127051091e+03
2.672563482231751550e+03 4.055688950781879976e+04 -1.764816558586979954e+04
7.803537653712965948e+03 -2.680853513720606497e+04 -2.360410395065095145e+04
-3.056824325122709342e+04 7.974767256473720408e+03 1.465841586369047945e+04
3.045918654716833771e+04 3.844678828646174225e+04 3.605974117216066225e+04
3.564094448961565649e+04 3.949707311901849607e+04 -1.297158530141005212e+04
2.938618462220032598e+03 2.904798848806304159e+04 7.026479551881825500e+02
9.672151688917329011e+03 3.618839671512969289e+02 -1.771542197150168067e+04
-3.949333869278573547e+04 1.798336086637774497e+04 -2.721215321764149485e+04
3.772578687399917544e+04 9.907992762240999582e+03 -3.805464539224425152e+03
-1.323376027186893407e+04 2.692610039163395049e+04 -4.001091385307571909e+04
-7.309210592809230548e+03 -3.446056292358280916e+04 3.864490788508175319e+04
4.186392603076589148e+04 2.360382819343828487e+03 -2.541021459409225281e+04
3.973074118666791765e+04 -3.923854981898838741e+04 1.424214433847399232e+04
-7.078209407636795731e+03 4.454696612652554904e+03 2.404995489336903120e+04
-1.845361791412789535e+04 1.662754463609560480e+04 -1.451713626559717704e+04
-2.738692227597441888e+04 2.462794226836607777e+04 3.459086976959326421e+04
4.074726454652311804e+04 3.862377515055322874e+04 4.179648665837935550e+04
-3.075156366349650398e+03 -4.060807215917082794e+04 -2.139322892415520982e+04
-2.744693487543508309e+04 2.644841382713978419e+03 5.004518080286266013e+03
-3.863666970512863190e+04 3.778956182821863422e+03 -1.106456985760986936e+04
-8.425193601098879299e+03 -9.325363886938866926e+03 2.003645360852947124e+04
4.617559251946214317e+03 4.511455654108121962e+02 4.126392653908643115e+04
3.635652221427348559e+04 -4.050974328941480780e+04 -1.481525071186465539e+04
2.789952937311142523e+04 1.625319546389026436e+04 -3.070659202987993922e+04
-2.302156365348749023e+04 -3.834593397755744809e+04 2.800207528045356594e+04
-3.703370714413329551e+04 3.854900745229043969e+04 -3.632583404928611708e+04
3.033487216574923877e+04 8.923233034206003140e+03 3.640206909192030434e+04
-3.295614600575227814e+04 -9.727253217261943064e+03 1.357991643457434111e+04
1.087238691412584376e+04 1.612072908346842451e+04 2.396406911239022520e+04
3.421515554349399463e+04 -4.084257046317884669e+04 3.810012671061005676e+04
-2.338177653098520750e+04 -3.772608792363278917e+04 1.444866318116881303e+03
-3.892845923411281547e+04 -2.807277733567824544e+04 -4.121836681584315374e+04
-1.093231322177158290e+04 9.446002259885417516e+03 -3.747112181653381413e+04
-3.965676943093194859e+04 2.017439571453520693e+04 9.865209932079036662e+03
-1.721605769364543812e+04 3.273067512412496581e+04 -5.476739568566181333e+03
3.296727626388985300e+03 1.327002026626289990e+03 -3.462610709570012204e+03
4.326034179078207671e+04 2.423014615589001914e+04 -3.456802774012524878e+03
1.544488965233237104e+04 3.841534714815569896e+04 -1.874931310357374605e+04
8.419371783445418259e+03 3.518226600903391227e+04 3.627517525057477178e+04
1.345804594475073463e+04 4.939305881224481709e+02 3.195969698941695606e+04
-2.100032331393986169e+03 -8.600545664131950616e+03 -3.781583641064746917e+04
4.055929089796419430e+04 2.017118872270491192e+04 1.351227179347083256e+04
-2.131273161012306446e+04 -3.892498102837589249e+04 -2.426292635607115881e+04
3.955840552210190799e+04 -1.216005666268448476e+04 1.444260521018331565e+04
-1.662371632131475053e+04 -2.512187538119543751e+04 2.856068351293427986e+04
5.515383816317227684e+03 4.019011516237874457e+04 2.252666155508236443e+03
-2.404729269869791096e+04 -2.754903330538645605e+03 3.935037432998878649e+04
1.293355100322542421e+04 3.351839716816822602e+03 -2.727120861900210002e+04
-4.202370971441290749e+04 -5.212657059476469840e+03 1.861959926491681108e+04
-3.870367680645391374e+04 -2.049909781824431775e+04 -5.511632591682715429e+03
-4.084216472689126385e+04 3.669700489972714422e+04 3.041061309883766080e+04
2.716753509961624150e+04 7.838364229085992520e+03 1.075989895314463411e+03
2.153439223675922403e+04 5.537749467623780220e+01 -2.091683747802967264e+04
2.245298820871535645e+04 -2.760354838762842701e+04 -3.495474379729403881e+04
-3.737136798109403026e+04 -4.249917304796203825e+04 3.168241139507546177e+04
3.533830609934865060e+04 3.879496758111463714e+04 -3.996984318832650024e+04
-1.725275884103983481e+04 -1.604248721973244756e+04 1.291086940500778837e+04
3.926041481755449058e+04 1.558089722857492961e+04 -1.653535318098590142e+04
-1.359445910752404234e+04 -1.990146640568772273e+04 3.572554084360173147e+04
-4.348486029454908930e+03 -2.174143320125758692e+04 -2.810339658324735137e+04
-1.415243961220750498e+04 1.748556861997904343e+04 3.901684307632310083e+04
1.526003071806307344e+04 1.978388342686677788e+04 -8.744583838622664189e+03
3.578198308215319412e+04 1.769612287962383107e+03 -3.733004165153544454e+04
-5.563828684267498829e+03 2.025137649188858632e+04 1.342269959992308759e+04
-2.308674690401179760e+04 -3.054081981718487077e+04 -5.061397111856922493e+03
-1.865229730072549137e+04 2.962818442102844710e+04 1.013398571011766944e+04
-2.334793752036447040e+04 -1.768788298984813082e+03 -2.195827141585595018e+04
-3.285812046756667405e+04 -4.229637560392523483e+03 -3.921399432388203422e+04
1.289876585746722412e+04 2.124114581668718529e+04 -3.584027563297875895e+04
-3.971467957910600671e+04 -2.615753293470664721e+04 2.392077247132632692e+04
4.181247011765536445e+04 3.957519330937427731e+04 1.647485485840991896e+04
4.104250718471413711e+04 1.590773091584122085e+04 3.569352197486275691e+04
2.192450187558117977e+04 -1.631608543187524992e+04 2.982850540657800229e+04
-2.451315784640890342e+04 2.372759775555227316e+04 2.085006167804781217e+04
2.272123763508061893e+04 2.795799690504964747e+04 -1.923779420052124260e+04
3.027293633553983091e+04 2.829091014370640187e+04 -2.888604145702493042e+02
-3.857382715805138287e+04 3.802091155517738662e+04 1.147063091901057487e+04
-4.262715457043603237e+04 2.309765825111834056e+04 -1.101077373134382105e+04
-2.689843885208740903e+04 1.601656238174011378e+04 -2.443740853611322018e+04
-4.277217569401961373e+04 2.561387444145016707e+04 -3.012277090063485230e+04
2.330539213002674296e+04 -1.447008217654984037e+04 8.591084865700320734e+03
-3.678889215439668624e+04 1.665667283356429471e+04 4.118043941634478688e+04
-2.236306397821963037e+04 4.026325181651757157e+04 -1.135464172945712562e+02
-3.702237146304142516e+04 1.509361011666039121e+04 -3.878331938419397920e+04
1.442585564021838582e+04 -3.190123198413991486e+04 1.144921160556745599e+04
3.954255578025394789e+04 -2.892863807071264455e+04 -2.616137772580929959e+04
-4.027583413268480945e+04 -1.778288032857797953e+04 -3.490319625549843477e+04
3.968774423706122616e+04 -5.220345431182945504e+03 4.178039508405060769e+04
1.270063386651589826e+04 -7.195852915147788735e+02 1.753829531647198019e+04
3.521897755651830084e+04 -1.415221214413895723e+04 -7.197694841841086600e+03
-9.125454538023510395e+03 -2.868296223407528305e+04 -4.069208370285322599e+04
-4.200993190156613855e+04 -1.236543374817871518e+04 -1.860913153216052524e+04
-2.258093456162641087e+04 -2.181529497796583746e+04 -1.991899787859684511e+04
7.258242251097035478e+02 1.152032485674959389e+04 1.302654656593700020e+04
4.138536205498650816e+04 2.340520164940800532e+04 -3.628918347990162147e+04
-4.051948891444176843e+04 -1.864163659772697429e+03 6.532519085517301392e+02
-9.128875452382475487e+03 -4.586101628713856371e+03 -9.582080198516900964e+02
1.073023663378997662e+04 3.588967962713224551e+04 1.267976921610344107e+04
3.151276748064266940e+04 3.041464058860769728e+04 -1.281497003304176360e+04
-2.119130178989848719e+04 -8.538361044585097261e+03 2.582236702070809770e+04
5.094215602856606893e+03 1.784917004824236210e+04 -7.770477046907170006e+03
-1.464920787948950237e+04 1.032212330377512990e+04 1.836741863156335967e+04
1.103321468257761808e+04 -3.866545166403472831e+04 3.843863045460753347e+04
4.192809209764393745e+04 -3.458522586915960346e+03 2.416393450719985776e+04
3.472685444196146273e+04 -3.538128619718176196e+04 1.167565316940012963e+02
-3.834732586096131126e+04 -2.840754934774867070e+04 -1.392496742946010454e+04
3.794152073403138638e+04 -1.598389121079276265e+03 1.297790458060057972e+03
-7.583715113459835266e+03 2.761031341497644462e+04 -6.308934172931436478e+03
-9.822342917181813391e+03 1.045535972958775346e+04 -1.099227973220098647e+04
3.336833536060471670e+04 -1.342125664709580087e+04 -2.391716072617142345e+04
-1.559544026210777884e+04 -1.513187675417194987e+04 4.102901697285664704e+04
-2.604912614480547927e+04 -2.972484012429305585e+04 3.959145882846892346e+04
4.268124269236266991e+04 -6.497352751909370454e+03 -3.932145408186238637e+04
5.628731781677747676e+02 4.253749245475806674e+03 3.036638124914179571e+04
3.961089470579715999e+04 -2.634389713807152657e+04 2.651319387629366975e+04
4.211013040260219714e+04 -1.581233648526975958e+04 3.853690032684314792e+04
-4.273903347920931265e+04 2.334838060874164148e+04 -5.369094566048192974e+02
1.065145870868810380e+04 -2.046429204050395856e+04 2.523253873125552127e+04
-5.531750833177062304e+03 3.874174675302782271e+04 2.093891597036970779e+04
-2.263412866829429549e+04 1.957424253337547725e+03 1.803205147044342812e+04
2.102428880675544860e+04 2.525980295754164763e+04 1.312278319237221149e+04
-4.316818237365534878e+04 8.994642263772344450e+03 -2.553530310561390070e+04
-2.991715557004546281e+04 3.969440759083243029e+04 2.897451792662739172e+04
-1.200928430686737784e+03 5.778255047741564340e+03 -3.997022474751270784e+04
3.634293926241921872e+04 3.265892770423713955e+04 -2.684244858908548849e+04
5.052707276197025749e+03 -1.462716375673882794e+04 5.885487871018871374e+03
-3.835587894236844295e+04 2.570020553591539283e+03 3.888201158828580083e+04
1.959544995635083069e+03 2.622242920096243688e+04 -2.144602088835172617e+04
-2.228843906183955187e+04 -3.085345972048361728e+04 -3.548049593161725352e+04
-2.260637865430482634e+04 3.767485968345507717e+04 -2.391246209847966384e+04
2.585977164495887337e+04 -2.427292215211019538e+03 2.551498440796129580e+04
4.636406527206249848e+03 -3.756200793163426715e+04 2.010060658015238732e+04
3.212114547308081455e+04 2.058450707993758442e+03 -1.691289882195589234e+04
1.710507389181028338e+04 -9.184014129249753751e+03 -3.920095988828284317e+04
-3.468666593060031300e+04 1.201484999603819961e+04 2.938636787060535880e+03
1.011155508323553659e+04 1.141410485655335651e+04 6.911230898365067333e+03
1.603546905209628676e+04 -3.845798994598354329e+04 -2.734892509383138167e+04
-3.024496998609431103e+04 3.505262283024552744e+04 -8.809713141206871114e+02
-4.209793069208091765e+04 1.867014536526111624e+04 3.365014448166234070e+04
-3.596093519894186466e+04 2.306964579458347725e+04 -2.042766573929896185e+04
8.931018772101084323e+03 -3.349987256254038948e+04 -3.839262695854418416e+04
-7.232035819179188366e+03 -2.095558418087024620e+03 1.022746452988637247e+04
-1.129982619769459416e+04 3.583229173629162688e+04 3.700025403607598128e+04
3.475597065446746274e+04 -3.840391313348073891e+04 -3.873261951988804503e+04
-1.016310540529550599e+04 1.398939824933808632e+04 -2.783494875697039970e+04
2.322941347620220768e+04 3.700218044384544919e+04 2.212506273051189964e+03
1.135297167088252536e+04 -3.847470659073127172e+04 -7.230946400737424483e+03
-2.048821878895106784e+04 4.065272627177196227e+03 -1.398607947921005234e+03
1.454628335030880407e+04 1.393715455182403275e+03 -9.471533877353807839e+03
-3.853150896570933401e+04 5.155098210441652554e+03 2.598520105558123032e+04
3.226972103923798932e+04 3.293560029309282072e+03 4.209931318904979707e+04
-3.509469334609102953e+04 2.459715640327848087e+04 2.517350259202390953e+04
-2.368414354441249088e+04 -1.886561030739961279e+04 3.568874731629714461e+03
8.910345969514772150e+03 1.100120719001117686e+04 3.783238176857138751e+04
-1.675028838535781324e+04 -3.484595205038138374e+04 1.071130570333368632e+04
9.534371067074771418e+03 -1.081726646244842050e+04 -2.981026082120469800e+04
-3.751769241224521102e+04 -3.834264834123278706e+04 -9.258886305543284834e+03
-9.364082283615039159e+02 -1.294581993890069498e+04 -1.168258173537101538e+04
-2.207377851857044152e+04 9.736798856169047212e+03 -3.989108777970661322e+04
-4.218002040937435959e+04 -1.886575490168062242e+04 4.115241049901695806e+04
-1.518592578765129656e+04 -4.137865933302775375e+04 -1.162271022030524546e+04
1.759705507594872688e+04 3.707841308996652515e+04 -3.460944544882264745e+04
-3.939658481810218655e+04 3.771757213954416511e+04 -1.470247621155364141e+04
3.661230610441652971e+04 2.761373771588900127e+04 2.737301405532331410e+04
2.143568872441015628e+04 -3.004222985625532601e+04 2.812915667664289867e+04
3.690847742411588843e+04 2.376565868751007656e+04 3.941331832047930220e+04
-7.985399391275233938e+03 -2.579106688280939852e+04 2.197281863276262447e+04
-3.164157794623120935e+04 -8.440548235168640531e+03 -9.898140858491138715e+03
-9.359463439586857930e+03 -3.049081882523656532e+04 -1.964094469521801875e+04
1.409695524340318661e+04 4.705427968156618590e+03 -4.077742314191404148e+04
-2.672316503366984398e+04 -6.802146775056285151e+03 8.229645857835806964e+03
3.732605583600688988e+04 1.043178967193523386e+04 2.004691283659137480e+04
7.152226588439921215e+02 9.312924515140111907e+02 -1.756605135569371487e+04
