-1.256676340486655906e+26 -1.064675253204519936e+26 -1.370236335331070472e+26
-1.122301586382098160e+26 -1.362671244436048820e+26 -1.312809376615438974e+26
-1.112475906209307132e+26 -1.317384728646303555e+26 -1.355410896148263012e+26
-1.283793957808755960e+26 -1.183244773281058624e+26 -1.362413647611821842e+26
-1.388223786545312199e+26 -1.074912074675277002e+26 -1.374318659219990937e+26
-1.153041976299369112e+26 -1.249938238877517972e+26 -1.235344952646147759e+26
-1.146046822900975063e+26 -1.297663238143392406e+26 -1.396521383634551579e+26
-1.360267384079555672e+26 -1.135821856359354315e+26 -1.340762828143720872e+26
-1.098129691991973521e+26 -1.245897487835916993e+26 -1.305235469498757549e+26
-1.078279483917739960e+26 -1.393292149725506273e+26 -1.240264810418098569e+26
-1.167699741065702437e+26 -1.371124043695535172e+26 -1.371384726471284700e+26
-1.069362418113021113e+26 -1.242866211393556524e+26 -1.363091241114211569e+26
-1.293110791507840515e+26 -1.058800764859444282e+26 -1.399213630233689398e+26
-1.178584194791000384e+26 -1.303679773718355578e+26 -1.329626103474431040e+26
-1.264046495164130725e+26 -1.105642874942588307e+26 -1.335131104955623216e+26
-1.093820776283101941e+26 -1.356253459950985977e+26 -1.284528716702580445e+26
-1.077641351329883367e+26 -1.294722963743544428e+26 -1.303059681094481408e+26
-1.323383134878648257e+26 -1.220101022368604451e+26 -1.382586294930933006e+26
-1.118466697847078640e+26 -1.263528348425804020e+26 -1.372684343520196857e+26
-1.110874223428937418e+26 -1.397411248049436456e+26 -1.268961079561309161e+26
-1.123941642874162294e+26 -1.327247529233485090e+26 -1.358655928233744355e+26
-1.243661472469481152e+26 -1.117206596318381071e+26 -1.389979723056055445e+26
-1.065997462604125672e+26 -1.358265520615336307e+26 -1.259378473682251287e+26
-1.214610565357260128e+26 -1.239069662804261290e+26 -1.236392074118999935e+26
-1.323572912085496200e+26 -1.123113635874392804e+26 -1.383704652163564366e+26
-1.100324527491109190e+26 -1.333026951413521810e+26 -1.318264970760234050e+26
-1.286967293945216537e+26 -1.067195251927610734e+26 -1.366383594808148625e+26
-1.114196966828347258e+26 -1.375814031180329086e+26 -1.294269320925430762e+26
-1.272328767180562831e+26 -1.065276064935295200e+26 -1.395532675369923913e+26
-1.138521643441275363e+26 -1.347487616454590353e+26 -1.375009751126865566e+26
-1.076718143115201152e+26 -1.271787045945873869e+26 -1.333064363914921195e+26
-1.182396483148424971e+26 -1.394641440595064279e+26 -1.333467792151775785e+26
-1.093835698427028687e+26 -1.250032637308201152e+26 -1.233972890842097463e+26
-1.285814704976921341e+26 -1.064578030827836171e+26 -1.322802195806891875e+26
-1.082749136107476129e+26 -1.265153873732712520e+26 -1.273797869124944263e+26
-1.169303296260573088e+26 -1.226305524457668322e+26 -1.343329364578542382e+26
-1.219678549715429680e+26 -1.281938362693930964e+26 -1.399796420570189440e+26
-1.109566988978752615e+26 -1.391249455273765296e+26 -1.399581387413766141e+26
-1.366215168240187847e+26 -1.179666793520414886e+26 -1.335830324316840381e+26
-1.105441763495563444e+26 -1.343957950851383052e+26 -1.395402222840050252e+26
-1.228160547034660892e+26 -1.095338580103521894e+26 -1.347509915296484027e+26
-1.388181054273008941e+26 -1.125200887831827673e+26 -1.383565997562888552e+26
-1.135914426686783042e+26 -1.376238718650908075e+26 -1.352430245161033453e+26
-1.366348840757269354e+26 -1.056637453407592833e+26 -1.392355598365971964e+26
-1.331731877532970312e+26 -1.083546209215417931e+26 -1.358818461582635739e+26
-1.232329466194533635e+26 -1.201053351623028807e+26 -1.380628697681229639e+26
-1.112897612306750582e+26 -1.314435248458403956e+26 -1.380250300396626608e+26
-1.098967083816744520e+26 -1.275580962870044684e+26 -1.343375920944388085e+26
-1.094136166281474861e+26 -1.329268389872363026e+26 -1.290092193381055501e+26
-1.271636749742605961e+26 -1.096916705304621269e+26 -1.396413234251367320e+26
-1.063339561184680299e+26 -1.368752937160061809e+26 -1.325011528901432804e+26
-1.133463392226256715e+26 -1.387125073530539547e+26 -1.295226694581922543e+26
-1.260920058452621759e+26 -1.086101588502736031e+26 -1.376836763391441978e+26
-1.301127480417680663e+26 -1.063476267147821294e+26 -1.373113566093080034e+26
-1.139164811013882944e+26 -1.317602701852340846e+26 -1.395865168226079419e+26
-1.093806488953052614e+26 -1.238637969278627688e+26 -1.387326225155657866e+26
-1.306464533450224592e+26 -1.173780614430549441e+26 -1.348439535934889211e+26
-1.123459127300417400e+26 -1.345659141552879345e+26 -1.331156416744262858e+26
-1.389858369142441547e+26 -1.091163453428203081e+26 -1.327760192634099351e+26
-1.148366491736621748e+26 -1.256041934129985144e+26 -1.394981919803924648e+26
-1.187923371646052388e+26 -1.395365520151635990e+26 -1.376664144393955253e+26
-1.111186110902009191e+26 -1.343104432544332591e+26 -1.347424411291249925e+26
-1.209028321491310146e+26 -1.290926724525569178e+26 -1.303518217604383572e+26
-1.236647847862234399e+26 -1.133759062816338751e+26 -1.323240157115111560e+26
-1.342289033203492240e+26 -1.114081037961808683e+26 -1.332144305662769557e+26
-1.284039877874558984e+26 -1.199038460411991418e+26 -1.344677580684099255e+26
-1.132653160792693160e+26 -1.245161184094397225e+26 -1.314298803652870765e+26
-1.067770642404654469e+26 -1.322576555633783988e+26 -1.251372647038160315e+26
-1.376561871056945714e+26 -1.209254745137241272e+26 -1.368012254006350423e+26
-1.337571200930193433e+26 -1.221081086603401439e+26 -1.345810321674204475e+26
-1.074873205239677563e+26 -1.380149694450497358e+26 -1.267489597064887750e+26
-1.229465812758263977e+26 -1.051492246753712031e+26 -1.386856221817870240e+26
-1.319870380234995805e+26 -1.184628265752710374e+26 -1.386175564735850933e+26
-1.128762876711257447e+26 -1.294845401126413064e+26 -1.389644420794542745e+26
-1.118675915224467573e+26 -1.396612387016334000e+26 -1.310543889612967109e+26
-1.199583556606534583e+26 -1.401433517168026488e+26 -1.275804734761804663e+26
-1.111606248203499206e+26 -1.386805476885777004e+26 -1.355787064605994732e+26
