-1.117043609864280576e+26 -1.250463758296002328e+26 -1.234167553705115180e+26
-1.394074959610254753e+26 -1.073455219874754346e+26 -1.340101094943741036e+26
-1.111319766766328419e+26 -1.316027506303892752e+26 -1.365976233347403792e+26
-1.254210234936270391e+26 -1.057415723167775530e+26 -1.385201030011172011e+26
-1.324272744162639246e+26 -1.217226631336846303e+26 -1.379820736309948889e+26
-1.110874223428937418e+26 -1.397411248049436456e+26 -1.268961079561309161e+26
-1.121580541453294477e+26 -1.349262338384884568e+26 -1.329379521060939500e+26
-1.080718217854940597e+26 -1.270794558644566014e+26 -1.317089196353448613e+26
-1.332422127134813256e+26 -1.089724033050396339e+26 -1.355081185725779437e+26
-1.170811068847294645e+26 -1.374853501611858243e+26 -1.372196944613233976e+26
-1.140005333381772672e+26 -1.301943644816384723e+26 -1.394638089072431373e+26
-1.076212803144178294e+26 -1.299196355509333370e+26 -1.302870707449503603e+26
-1.134471942729346720e+26 -1.236433979870522680e+26 -1.326895439527653460e+26
-1.295326981842719333e+26 -1.182744402609691184e+26 -1.350505274349530605e+26
-1.379813497556769537e+26 -1.070949988514268066e+26 -1.382761712487163265e+26
-1.205613645591705783e+26 -1.241308486619432823e+26 -1.236621661789794279e+26
-1.285814704976921341e+26 -1.064578030827836171e+26 -1.322802195806891875e+26
-1.190761845471124323e+26 -1.298578554041241052e+26 -1.319182949126412087e+26
-1.288578892520464833e+26 -1.060933059118539368e+26 -1.398682824441638039e+26
-1.067770642404654469e+26 -1.322576555633783988e+26 -1.251372647038160315e+26
-1.247943376446091280e+26 -1.116105833072894332e+26 -1.391428388413177023e+26
-1.117268665909721308e+26 -1.371728056990196623e+26 -1.300402462084501157e+26
-1.076154745799067762e+26 -1.241047991950211854e+26 -1.373893322442722297e+26
-1.388181054273008941e+26 -1.125200887831827673e+26 -1.383565997562888552e+26
-1.354672845716994086e+26 -1.135831305385986697e+26 -1.334056955105299408e+26
-1.106816838656626501e+26 -1.359721785658843800e+26 -1.396795277697955548e+26
-1.069801352305076384e+26 -1.367644452258976708e+26 -1.262854669417666840e+26
-1.087321041545175109e+26 -1.260078787896516485e+26 -1.281306622440750440e+26
-1.239253859273921684e+26 -1.107519774491492754e+26 -1.338347773165925751e+26
-1.199583556606534583e+26 -1.401433517168026488e+26 -1.275804734761804663e+26
-1.295045935348161173e+26 -1.064541456709321345e+26 -1.372077790913832953e+26
-1.263112425715008599e+26 -1.083154180599455794e+26 -1.379796233151743472e+26
-1.375313738582302486e+26 -1.191569674254696532e+26 -1.350906470875919057e+26
-1.121931033870251568e+26 -1.328003329899740368e+26 -1.356808205802339179e+26
-1.101950173332298228e+26 -1.330166097051099531e+26 -1.321671925769537081e+26
-1.251675399017222107e+26 -1.194931234714691043e+26 -1.375477846005212000e+26
-1.120510832013836762e+26 -1.253370640012705736e+26 -1.383396928145431630e+26
-1.091953736438342850e+26 -1.344894703101384810e+26 -1.291841780605079952e+26
-1.182396483148424971e+26 -1.394641440595064279e+26 -1.333467792151775785e+26
-1.323572912085496200e+26 -1.123113635874392804e+26 -1.383704652163564366e+26
-1.219678549715429680e+26 -1.281938362693930964e+26 -1.399796420570189440e+26
-1.088471027546984067e+26 -1.276104589613338677e+26 -1.342010719549803025e+26
-1.130682130667062131e+26 -1.370613504313957749e+26 -1.360916173237078965e+26
-1.126069653725362144e+26 -1.391868730273436688e+26 -1.302885292097444740e+26
-1.078279483917739960e+26 -1.393292149725506273e+26 -1.240264810418098569e+26
