-1.261566396875217358e+26 -1.085775104019232708e+26 -1.372440713605723538e+26
-1.116790126272375645e+26 -1.317075841155168517e+26 -1.381126070336310882e+26
-1.133463392226256715e+26 -1.387125073530539547e+26 -1.295226694581922543e+26
-1.342289033203492240e+26 -1.114081037961808683e+26 -1.332144305662769557e+26
-1.099922117099289776e+26 -1.334139610053224774e+26 -1.316138518376238970e+26
-1.271021331839910580e+26 -1.188809117806353278e+26 -1.370326994329194189e+26
-1.094064472491429701e+26 -1.265257020943255915e+26 -1.320873345983089156e+26
-1.132653160792693160e+26 -1.245161184094397225e+26 -1.314298803652870765e+26
-1.092151834528355124e+26 -1.358988816699084780e+26 -1.277202209209995204e+26
-1.187923371646052388e+26 -1.395365520151635990e+26 -1.376664144393955253e+26
-1.389967693734860922e+26 -1.075472903463290147e+26 -1.380016214788264746e+26
-1.293110791507840515e+26 -1.058800764859444282e+26 -1.399213630233689398e+26
-1.191016944222387912e+26 -1.245820566875907173e+26 -1.239993517886248927e+26
-1.125160485888947404e+26 -1.327484048597459303e+26 -1.357723665931979625e+26
-1.323383134878648257e+26 -1.220101022368604451e+26 -1.382586294930933006e+26
-1.148366491736621748e+26 -1.256041934129985144e+26 -1.394981919803924648e+26
-1.138092890091127156e+26 -1.314458632108822128e+26 -1.398557431481681779e+26
-1.209028321491310146e+26 -1.290926724525569178e+26 -1.303518217604383572e+26
-1.082674856857114092e+26 -1.241645590868438989e+26 -1.380257180895138916e+26
-1.084430689765773259e+26 -1.328376002273206265e+26 -1.290119626983298750e+26
-1.135601188225317200e+26 -1.373246374781151219e+26 -1.356394436845466226e+26
-1.279485297230778096e+26 -1.065165920709768579e+26 -1.323414883608133665e+26
-1.093835698427028687e+26 -1.250032637308201152e+26 -1.233972890842097463e+26
-1.076212803144178294e+26 -1.299196355509333370e+26 -1.302870707449503603e+26
-1.306464533450224592e+26 -1.173780614430549441e+26 -1.348439535934889211e+26
-1.075960062847003145e+26 -1.267665215511585629e+26 -1.271049014546333459e+26
-1.092316484355526629e+26 -1.371850547634794238e+26 -1.260631638463105470e+26
-1.381614909164332515e+26 -1.135979545331826603e+26 -1.338551626767832035e+26
-1.118775687475156594e+26 -1.353520643462848999e+26 -1.333498031189397940e+26
-1.073093074628972912e+26 -1.326348535318902742e+26 -1.243900033917459337e+26
-1.096374712867801140e+26 -1.304314105458567066e+26 -1.362062199783435271e+26
-1.264046495164130725e+26 -1.105642874942588307e+26 -1.335131104955623216e+26
-1.264256007850506831e+26 -1.057637566511047418e+26 -1.396824744311729976e+26
-1.266842046731914325e+26 -1.101031173103275394e+26 -1.400009464910984293e+26
-1.243661472469481152e+26 -1.117206596318381071e+26 -1.389979723056055445e+26
-1.191957473213178943e+26 -1.400045082790874057e+26 -1.320277545034546211e+26
-1.114196966828347258e+26 -1.375814031180329086e+26 -1.294269320925430762e+26
-1.385748511780016923e+26 -1.193215007361701552e+26 -1.335509220993571543e+26
-1.219678549715429680e+26 -1.281938362693930964e+26 -1.399796420570189440e+26
-1.163909688543615644e+26 -1.378001713304734081e+26 -1.370393489073940142e+26
-1.297990756568923901e+26 -1.074628319759782218e+26 -1.362050146355384743e+26
-1.146046822900975063e+26 -1.297663238143392406e+26 -1.396521383634551579e+26
-1.092900412677439596e+26 -1.278073491256635324e+26 -1.342266041289485601e+26
-1.366348840757269354e+26 -1.056637453407592833e+26 -1.392355598365971964e+26
-1.288051499798370972e+26 -1.181389991772626958e+26 -1.359775865372697611e+26
-1.066151565681753116e+26 -1.384299267858348832e+26 -1.270918576365778890e+26
-1.157544333457216094e+26 -1.309179953828327440e+26 -1.323612849110437227e+26
-1.116154830257920197e+26 -1.267905560866915191e+26 -1.357189641672060119e+26
-1.153775467574343740e+26 -1.251974986971420681e+26 -1.230669347549119857e+26
-1.128762876711257447e+26 -1.294845401126413064e+26 -1.389644420794542745e+26
-1.370280227028357674e+26 -1.140862750637979970e+26 -1.388407618542267332e+26
-1.114723820494353353e+26 -1.322491324504768079e+26 -1.361910808727119501e+26
-1.399551253843639563e+26 -1.111614022664591926e+26 -1.393199097260955394e+26
-1.389858369142441547e+26 -1.091163453428203081e+26 -1.327760192634099351e+26
-1.228160547034660892e+26 -1.095338580103521894e+26 -1.347509915296484027e+26
-1.322985287378981044e+26 -1.126919164267585621e+26 -1.390067857721961648e+26
-1.287250597718118613e+26 -1.064435121367058554e+26 -1.375763451982871611e+26
-1.353151542384630116e+26 -1.135769293368530162e+26 -1.341499895269017151e+26
-1.123216428656754131e+26 -1.337327687245204925e+26 -1.328973404605761507e+26
-1.110874223428937418e+26 -1.397411248049436456e+26 -1.268961079561309161e+26
-1.140537880618445396e+26 -1.330700355204920396e+26 -1.379355102339829346e+26
-1.189104125457892614e+26 -1.300929683663369647e+26 -1.332632730656427947e+26
-1.105631544720220663e+26 -1.382978513479700662e+26 -1.365987037025282806e+26
-1.065997462604125672e+26 -1.358265520615336307e+26 -1.259378473682251287e+26
-1.111937496495377380e+26 -1.338450478417440450e+26 -1.350869667742271157e+26
-1.072713592535845384e+26 -1.394730485294788346e+26 -1.243550524682084565e+26
-1.169303296260573088e+26 -1.226305524457668322e+26 -1.343329364578542382e+26
-1.250674542619037740e+26 -1.052979941110861583e+26 -1.364892646025425580e+26
-1.104665904420990819e+26 -1.238046166050388362e+26 -1.389957046540082878e+26
-1.104828726144908215e+26 -1.256875549213966871e+26 -1.286194247337189052e+26
-1.063339561184680299e+26 -1.368752937160061809e+26 -1.325011528901432804e+26
-1.232329466194533635e+26 -1.201053351623028807e+26 -1.380628697681229639e+26
-1.349266160030601799e+26 -1.173546102934396334e+26 -1.322783814329114567e+26
-1.337571200930193433e+26 -1.221081086603401439e+26 -1.345810321674204475e+26
-1.125487518350871599e+26 -1.388349641553343711e+26 -1.338228755608449100e+26
-1.119972934394379321e+26 -1.359300699149894957e+26 -1.312629564580231966e+26
-1.199583556606534583e+26 -1.401433517168026488e+26 -1.275804734761804663e+26
-1.119830528164222731e+26 -1.318583947992721745e+26 -1.345348343910593837e+26
-1.317461743707637566e+26 -1.061638581418174818e+26 -1.319738756800682927e+26
-1.331731877532970312e+26 -1.083546209215417931e+26 -1.358818461582635739e+26
-1.284039877874558984e+26 -1.199038460411991418e+26 -1.344677580684099255e+26
-1.173566714296362992e+26 -1.390395469896377815e+26 -1.345539842748748163e+26
-1.161107206254702917e+26 -1.389030057566802114e+26 -1.322271784705523657e+26
-1.105441763495563444e+26 -1.343957950851383052e+26 -1.395402222840050252e+26
-1.236647847862234399e+26 -1.133759062816338751e+26 -1.323240157115111560e+26
-1.398291550078067787e+26 -1.055746986321305438e+26 -1.352441997253382722e+26
-1.070054767020249678e+26 -1.273447174635811011e+26 -1.335083704849814091e+26
-1.051803345731698970e+26 -1.311260616578427897e+26 -1.273790486400263248e+26
-1.136422990949809474e+26 -1.352318570150144190e+26 -1.375650149759195687e+26
-1.276066264016933310e+26 -1.070338233514430386e+26 -1.396298500683110417e+26
-1.199119740695146129e+26 -1.365943524150020128e+26 -1.370835407924369820e+26
-1.083355544072703490e+26 -1.276829396680389171e+26 -1.303815575674392796e+26
-1.376561871056945714e+26 -1.209254745137241272e+26 -1.368012254006350423e+26
-1.093923989787499435e+26 -1.240780606737955386e+26 -1.312681173341335351e+26
-1.319870380234995805e+26 -1.184628265752710374e+26 -1.386175564735850933e+26
-1.165529819941471575e+26 -1.362102669168115441e+26 -1.373008912204030344e+26
-1.117847151645275909e+26 -1.256051576872425601e+26 -1.380392992895699498e+26
-1.259077059633703070e+26 -1.069353378041983175e+26 -1.372373811053328429e+26
-1.094933404119599933e+26 -1.354429888785586832e+26 -1.289413055030970662e+26
-1.063114523682974929e+26 -1.239852794113757757e+26 -1.361165605537889060e+26
-1.110802826956784240e+26 -1.328648369569057212e+26 -1.295476250765187573e+26
-1.272611757564335646e+26 -1.089120325053052305e+26 -1.385455613478386572e+26
-1.129287542345254846e+26 -1.372782880294510751e+26 -1.313348812721059999e+26
-1.363630832909944819e+26 -1.172239270265146600e+26 -1.349197937627835204e+26
-1.109566988978752615e+26 -1.391249455273765296e+26 -1.399581387413766141e+26
-1.075021261514232930e+26 -1.340257066302716217e+26 -1.338483163296504536e+26
-1.126727575028720849e+26 -1.249814771596185984e+26 -1.238055085587145935e+26
-1.202954538829455374e+26 -1.399095152126203474e+26 -1.345781996118285451e+26
-1.244616851283630571e+26 -1.086561334064190441e+26 -1.388854077517262793e+26
-1.220210346961023654e+26 -1.236796406362958473e+26 -1.233249805693339803e+26
-1.369436487064813339e+26 -1.091273019089183360e+26 -1.367707543345230276e+26
-1.094977158063423688e+26 -1.388977143017659711e+26 -1.230407667626140580e+26
-1.229465812758263977e+26 -1.051492246753712031e+26 -1.386856221817870240e+26
-1.306074950584390633e+26 -1.057994106912785127e+26 -1.372620118837733710e+26
-1.324748161498526512e+26 -1.115502579088006825e+26 -1.370978241046769975e+26
-1.394711681947029413e+26 -1.123125890192910952e+26 -1.369091276885443102e+26
-1.117558733201071157e+26 -1.399082937985778953e+26 -1.304538017973654311e+26
