-1.381661302808899242e+26 -1.069429688294971752e+26 -1.379729740963785193e+26
-1.123001570382657492e+26 -1.324780298951066495e+26 -1.354826334823130163e+26
-1.271717353024885158e+26 -1.069221336755497777e+26 -1.396746726489767656e+26
-1.368801843944377228e+26 -1.187063781424621525e+26 -1.343875806739218020e+26
-1.078279483917739960e+26 -1.393292149725506273e+26 -1.240264810418098569e+26
-1.143819721714217587e+26 -1.302365948453712687e+26 -1.397091477031748069e+26
-1.122301586382098160e+26 -1.362671244436048820e+26 -1.312809376615438974e+26
-1.283899352122671444e+26 -1.190013496337172581e+26 -1.354812476071369304e+26
-1.104799657294259408e+26 -1.249960015404196210e+26 -1.235333622423780287e+26
-1.170811068847294645e+26 -1.374853501611858243e+26 -1.372196944613233976e+26
-1.085617719395818465e+26 -1.273304612715542195e+26 -1.337188986726707848e+26
-1.355573959998059524e+26 -1.129545505794585205e+26 -1.335935811901330129e+26
-1.295045935348161173e+26 -1.064541456709321345e+26 -1.372077790913832953e+26
-1.209028321491310146e+26 -1.290926724525569178e+26 -1.303518217604383572e+26
-1.093570060961839418e+26 -1.358852974564954106e+26 -1.280545870329334730e+26
-1.082749136107476129e+26 -1.265153873732712520e+26 -1.273797869124944263e+26
-1.324272744162639246e+26 -1.217226631336846303e+26 -1.379820736309948889e+26
-1.214610565357260128e+26 -1.239069662804261290e+26 -1.236392074118999935e+26
-1.093806488953052614e+26 -1.238637969278627688e+26 -1.387326225155657866e+26
-1.239253859273921684e+26 -1.107519774491492754e+26 -1.338347773165925751e+26
-1.116851988173878663e+26 -1.324265477336304843e+26 -1.370867321693100908e+26
-1.150978228526633124e+26 -1.235733354276032688e+26 -1.328814084115706488e+26
-1.112029082459515419e+26 -1.391562000663118175e+26 -1.271008374404756104e+26
-1.285814704976921341e+26 -1.064578030827836171e+26 -1.322802195806891875e+26
-1.182396483148424971e+26 -1.394641440595064279e+26 -1.333467792151775785e+26
-1.126985380635541033e+26 -1.381109508926169301e+26 -1.349979516341004112e+26
-1.293110791507840515e+26 -1.058800764859444282e+26 -1.399213630233689398e+26
-1.096626030860466181e+26 -1.336599549988175862e+26 -1.318939626574353943e+26
-1.066221391190450368e+26 -1.370513726036554641e+26 -1.264777149865704036e+26
-1.178584194791000384e+26 -1.303679773718355578e+26 -1.329626103474431040e+26
-1.123459127300417400e+26 -1.345659141552879345e+26 -1.331156416744262858e+26
-1.067253719089274889e+26 -1.327879642106081162e+26 -1.252191177256936835e+26
-1.247943376446091280e+26 -1.116105833072894332e+26 -1.391428388413177023e+26
-1.077641351329883367e+26 -1.294722963743544428e+26 -1.303059681094481408e+26
-1.388600382990367049e+26 -1.116691529230921568e+26 -1.369614546330691381e+26
-1.323572912085496200e+26 -1.123113635874392804e+26 -1.383704652163564366e+26
-1.306464533450224592e+26 -1.173780614430549441e+26 -1.348439535934889211e+26
-1.232329466194533635e+26 -1.201053351623028807e+26 -1.380628697681229639e+26
-1.069362418113021113e+26 -1.242866211393556524e+26 -1.363091241114211569e+26
-1.128433295810259733e+26 -1.261032876993864337e+26 -1.380116868948106178e+26
-1.261361373086337725e+26 -1.082770497460521365e+26 -1.376069890302012229e+26
-1.246225049787716341e+26 -1.055827292285692653e+26 -1.374605629817897840e+26
-1.219678549715429680e+26 -1.281938362693930964e+26 -1.399796420570189440e+26
-1.332422127134813256e+26 -1.089724033050396339e+26 -1.355081185725779437e+26
-1.094136166281474861e+26 -1.329268389872363026e+26 -1.290092193381055501e+26
-1.127567650750137896e+26 -1.296320103227393721e+26 -1.388963896300232150e+26
-1.106816838656626501e+26 -1.359721785658843800e+26 -1.396795277697955548e+26
-1.199583556606534583e+26 -1.401433517168026488e+26 -1.275804734761804663e+26
-1.120329417398840665e+26 -1.384160507072711743e+26 -1.297966081479785975e+26
-1.140842983015976905e+26 -1.337732917756539604e+26 -1.379765792767084585e+26
-1.166199176934693330e+26 -1.249999972518184137e+26 -1.233989886175648671e+26
-1.105909028026644045e+26 -1.312332085975942376e+26 -1.358070907974935410e+26
-1.098129691991973521e+26 -1.245897487835916993e+26 -1.305235469498757549e+26
-1.112872387160380196e+26 -1.344243898342837549e+26 -1.349463488040488424e+26
