-1.119558825481002027e+26 -1.325392600261369859e+26 -1.358455503846519222e+26
-1.271687765876830192e+26 -1.070497406565231614e+26 -1.396343309301888577e+26
-1.324272744162639246e+26 -1.217226631336846303e+26 -1.379820736309948889e+26
-1.093570060961839418e+26 -1.358852974564954106e+26 -1.280545870329334730e+26
-1.389858369142441547e+26 -1.091163453428203081e+26 -1.327760192634099351e+26
-1.153041976299369112e+26 -1.249938238877517972e+26 -1.235344952646147759e+26
-1.078377493354576823e+26 -1.273047633629502695e+26 -1.325752166854789138e+26
-1.141834976126734778e+26 -1.301628878917730807e+26 -1.396246067266637674e+26
-1.332422127134813256e+26 -1.089724033050396339e+26 -1.355081185725779437e+26
-1.092520838174697155e+26 -1.352820378466748301e+26 -1.337175872596988827e+26
-1.093806488953052614e+26 -1.238637969278627688e+26 -1.387326225155657866e+26
-1.170811068847294645e+26 -1.374853501611858243e+26 -1.372196944613233976e+26
-1.295045935348161173e+26 -1.064541456709321345e+26 -1.372077790913832953e+26
-1.368801843944377228e+26 -1.187063781424621525e+26 -1.343875806739218020e+26
-1.121301266361462039e+26 -1.396825877333966826e+26 -1.307589455783334017e+26
-1.258007664573758855e+26 -1.077311412843853316e+26 -1.375113737772576656e+26
-1.190761845471124323e+26 -1.298578554041241052e+26 -1.319182949126412087e+26
-1.388181054273008941e+26 -1.125200887831827673e+26 -1.383565997562888552e+26
-1.214610565357260128e+26 -1.239069662804261290e+26 -1.236392074118999935e+26
-1.104761206858777775e+26 -1.330401339788554420e+26 -1.317838828507852784e+26
-1.293301511009151922e+26 -1.183249795542746387e+26 -1.352157084347835903e+26
-1.247943376446091280e+26 -1.116105833072894332e+26 -1.391428388413177023e+26
-1.093835698427028687e+26 -1.250032637308201152e+26 -1.233972890842097463e+26
-1.285814704976921341e+26 -1.064578030827836171e+26 -1.322802195806891875e+26
-1.116806910670936212e+26 -1.295319355310061717e+26 -1.381768816373753934e+26
-1.068655966694973563e+26 -1.379595010758392323e+26 -1.256817165421846584e+26
-1.071116312428668997e+26 -1.332034398487994564e+26 -1.246791349971105146e+26
-1.293110791507840515e+26 -1.058800764859444282e+26 -1.399213630233689398e+26
-1.082749136107476129e+26 -1.265153873732712520e+26 -1.273797869124944263e+26
-1.155345426577938861e+26 -1.246129797572546203e+26 -1.377764401395463836e+26
-1.120408972176372683e+26 -1.373955324774388660e+26 -1.299397941560087648e+26
-1.381661302808899242e+26 -1.069429688294971752e+26 -1.379729740963785193e+26
-1.355573959998059524e+26 -1.129545505794585205e+26 -1.335935811901330129e+26
-1.199583556606534583e+26 -1.401433517168026488e+26 -1.275804734761804663e+26
-1.140842983015976905e+26 -1.337732917756539604e+26 -1.379765792767084585e+26
-1.070763809925328192e+26 -1.300505719398473713e+26 -1.297346651507468054e+26
-1.106760559192153431e+26 -1.245713411900537137e+26 -1.307501303037285724e+26
-1.323572912085496200e+26 -1.123113635874392804e+26 -1.383704652163564366e+26
-1.219678549715429680e+26 -1.281938362693930964e+26 -1.399796420570189440e+26
-1.106899957087559028e+26 -1.395302721791492227e+26 -1.259322726577517016e+26
-1.069362418113021113e+26 -1.242866211393556524e+26 -1.363091241114211569e+26
-1.127604685768782688e+26 -1.375989350443723484e+26 -1.355295887412931386e+26
-1.105441763495563444e+26 -1.343957950851383052e+26 -1.395402222840050252e+26
-1.239253859273921684e+26 -1.107519774491492754e+26 -1.338347773165925751e+26
-1.109566988978752615e+26 -1.391249455273765296e+26 -1.399581387413766141e+26
-1.096110120033042913e+26 -1.292185524284037178e+26 -1.343364038273234743e+26
-1.118139899279055803e+26 -1.259091119957524133e+26 -1.365388674723279160e+26
-1.182396483148424971e+26 -1.394641440595064279e+26 -1.333467792151775785e+26
-1.232329466194533635e+26 -1.201053351623028807e+26 -1.380628697681229639e+26
-1.123267019764146469e+26 -1.348221810846201309e+26 -1.328351638277306683e+26
-1.094136166281474861e+26 -1.329268389872363026e+26 -1.290092193381055501e+26
