-1.164557741102757947e+26 -1.371642095650086625e+26 -1.371439658325976188e+26
-1.287250597718118613e+26 -1.064435121367058554e+26 -1.375763451982871611e+26
-1.104213954439883376e+26 -1.325780390291387153e+26 -1.319394122507319686e+26
-1.306464533450224592e+26 -1.173780614430549441e+26 -1.348439535934889211e+26
-1.104799657294259408e+26 -1.249960015404196210e+26 -1.235333622423780287e+26
-1.140285507504402581e+26 -1.296723959137732683e+26 -1.394229062687882025e+26
-1.115083415648715194e+26 -1.371536270934866797e+26 -1.298048580150581367e+26
-1.106833713455897343e+26 -1.242240799190102609e+26 -1.313220383445180604e+26
-1.352562376561242846e+26 -1.126504362760406114e+26 -1.337069175651884594e+26
-1.119039501563926087e+26 -1.325233118177348816e+26 -1.356299344751815725e+26
-1.391355003125395399e+26 -1.072185250606292695e+26 -1.375420511865784352e+26
-1.214610565357260128e+26 -1.239069662804261290e+26 -1.236392074118999935e+26
-1.263072178907835354e+26 -1.087274090931787074e+26 -1.380366196618464466e+26
-1.324272744162639246e+26 -1.217226631336846303e+26 -1.379820736309948889e+26
-1.209028321491310146e+26 -1.290926724525569178e+26 -1.303518217604383572e+26
-1.077697294733302909e+26 -1.364902521226835486e+26 -1.267675713473444780e+26
-1.118466697847078640e+26 -1.263528348425804020e+26 -1.372684343520196857e+26
-1.285814704976921341e+26 -1.064578030827836171e+26 -1.322802195806891875e+26
-1.121580541453294477e+26 -1.349262338384884568e+26 -1.329379521060939500e+26
-1.283899352122671444e+26 -1.190013496337172581e+26 -1.354812476071369304e+26
-1.074600579656082802e+26 -1.290547609775010901e+26 -1.301877763265875231e+26
-1.379647428103627443e+26 -1.091218236258693220e+26 -1.347733867989664899e+26
-1.076718143115201152e+26 -1.271787045945873869e+26 -1.333064363914921195e+26
-1.356448496470273309e+26 -1.172892686599771553e+26 -1.335990875978474971e+26
-1.199583556606534583e+26 -1.401433517168026488e+26 -1.275804734761804663e+26
-1.253275024520606786e+26 -1.063027377398168862e+26 -1.372313821141920357e+26
-1.075392796380465570e+26 -1.392249552305982430e+26 -1.245250210713979203e+26
-1.247943376446091280e+26 -1.116105833072894332e+26 -1.391428388413177023e+26
-1.069362418113021113e+26 -1.242866211393556524e+26 -1.363091241114211569e+26
-1.138092890091127156e+26 -1.314458632108822128e+26 -1.398557431481681779e+26
-1.219678549715429680e+26 -1.281938362693930964e+26 -1.399796420570189440e+26
-1.323572912085496200e+26 -1.123113635874392804e+26 -1.383704652163564366e+26
-1.071116312428668997e+26 -1.332034398487994564e+26 -1.246791349971105146e+26
-1.130544353288094399e+26 -1.380798008167247465e+26 -1.347311596226957577e+26
-1.293110791507840515e+26 -1.058800764859444282e+26 -1.399213630233689398e+26
-1.239253859273921684e+26 -1.107519774491492754e+26 -1.338347773165925751e+26
-1.099203017617407734e+26 -1.280205875266501151e+26 -1.345611223149664062e+26
-1.166199176934693330e+26 -1.249999972518184137e+26 -1.233989886175648671e+26
-1.112151376540517273e+26 -1.324539962635807805e+26 -1.381675079877161308e+26
-1.169303296260573088e+26 -1.226305524457668322e+26 -1.343329364578542382e+26
-1.107599266849486639e+26 -1.387113984376732979e+26 -1.382784212219524559e+26
-1.388181054273008941e+26 -1.125200887831827673e+26 -1.383565997562888552e+26
-1.098821478405892852e+26 -1.342467389500275813e+26 -1.292045213771936349e+26
-1.191655494662417025e+26 -1.385558188151097369e+26 -1.374721232237426832e+26
-1.271523857799076932e+26 -1.065453361590052242e+26 -1.396500902078733311e+26
-1.232329466194533635e+26 -1.201053351623028807e+26 -1.380628697681229639e+26
-1.381155191418481319e+26 -1.201234876249471498e+26 -1.351760737499961069e+26
-1.331731877532970312e+26 -1.083546209215417931e+26 -1.358818461582635739e+26
-1.178584194791000384e+26 -1.303679773718355578e+26 -1.329626103474431040e+26
-1.110874223428937418e+26 -1.397411248049436456e+26 -1.268961079561309161e+26
-1.148366491736621748e+26 -1.256041934129985144e+26 -1.394981919803924648e+26
-1.127233872577638872e+26 -1.387923874296501820e+26 -1.302357606410085958e+26
-1.069180411349456614e+26 -1.354505001731389099e+26 -1.331747346098968670e+26
-1.138774356474744238e+26 -1.339965304467159263e+26 -1.377767265519557876e+26
-1.074933753626585249e+26 -1.315721084055989413e+26 -1.290325788816676829e+26
-1.087507528166165208e+26 -1.263349348992538194e+26 -1.277107107662675696e+26
-1.302841272978203906e+26 -1.064647792051583963e+26 -1.368392129844794123e+26
-1.366348840757269354e+26 -1.056637453407592833e+26 -1.392355598365971964e+26
-1.182396483148424971e+26 -1.394641440595064279e+26 -1.333467792151775785e+26
-1.093806488953052614e+26 -1.238637969278627688e+26 -1.387326225155657866e+26
