-1.363371015789482572e+26 -1.143660186923604287e+26 -1.343691339980564853e+26
-1.124409307069267612e+26 -1.327224851680658455e+26 -1.383012343434429429e+26
-1.110219674802586673e+26 -1.346583961822249508e+26 -1.317704890571850511e+26
-1.286522206454872189e+26 -1.061455392115587967e+26 -1.393144452882003653e+26
-1.288611353715719680e+26 -1.184619299856614226e+26 -1.354347208450404758e+26
-1.086329667177057204e+26 -1.264266440092484613e+26 -1.286933860749160900e+26
-1.075331893421882677e+26 -1.365231437754358761e+26 -1.255446652985527008e+26
-1.205613645591705783e+26 -1.241308486619432823e+26 -1.236621661789794279e+26
-1.383835220922922837e+26 -1.074756196586876086e+26 -1.376521391627742352e+26
-1.091510953758902851e+26 -1.242957236690662461e+26 -1.379456096369816383e+26
-1.190574201721041369e+26 -1.391035044877791242e+26 -1.355960513435643444e+26
-1.118531954472153762e+26 -1.325050664479140290e+26 -1.355779337724223300e+26
-1.124957455750792759e+26 -1.385640224830534271e+26 -1.296038882077234040e+26
-1.286680387919245545e+26 -1.065242556405314420e+26 -1.328090973138174636e+26
-1.239253859273921684e+26 -1.107519774491492754e+26 -1.338347773165925751e+26
-1.076233153348537149e+26 -1.307496622289392848e+26 -1.297259585578849070e+26
-1.328294984692970552e+26 -1.216613409321492109e+26 -1.378912391517364260e+26
-1.191827296190232005e+26 -1.285876665336829148e+26 -1.334148647254398894e+26
-1.257705326641985543e+26 -1.086130793390626942e+26 -1.380787624074178538e+26
-1.325564284045049747e+26 -1.101032996184268079e+26 -1.366964419372338556e+26
-1.094890158141672523e+26 -1.268432341590549039e+26 -1.338514157825777616e+26
-1.110926495128583676e+26 -1.388286803015106492e+26 -1.370385172208585259e+26
-1.140446545767391624e+26 -1.296571681668641338e+26 -1.395210739954962334e+26
-1.154508843337299597e+26 -1.370310744801503391e+26 -1.367830744446692864e+26
-1.117043609864280576e+26 -1.250463758296002328e+26 -1.234167553705115180e+26
