-1.117697863011611376e+26 -1.329594048283073947e+26 -1.351250829002616644e+26
-1.286457851398865750e+26 -1.063216763211588818e+26 -1.391640568434984814e+26
-1.361511689590792810e+26 -1.097436130567280547e+26 -1.363662425805824690e+26
-1.103543935527128430e+26 -1.372742462005884491e+26 -1.286756914460144895e+26
-1.190126783494063544e+26 -1.256109644262059496e+26 -1.252780939438026257e+26
-1.257785218256993630e+26 -1.085715319809090278e+26 -1.368106936855642944e+26
-1.080495431933595153e+26 -1.291328074751428105e+26 -1.282489271855041932e+26
-1.096322538522766132e+26 -1.256034150397024743e+26 -1.356020947469515713e+26
-1.143370306565914702e+26 -1.299623931597960248e+26 -1.391227234919310016e+26
-1.158253014759452995e+26 -1.379132389427819500e+26 -1.359244590442319072e+26
-1.314428548414949543e+26 -1.198449158616435438e+26 -1.363443647328673006e+26
