-1.824503428058217469e+04 -1.464617961876887784e+04 -4.090015638887516252e+04
-2.960341420120467956e+04 -1.841202853760545622e+03 2.816579721372600761e+04
2.066364761297085715e+04 2.542838336683071248e+04 1.347151167275684929e+04
4.018087712388227374e+04 5.174987558844319210e+03 2.864563307136097865e+04
-3.598782530078437412e+04 2.289448495750365691e+04 -2.039809204523526569e+04
-2.349454622197219942e+04 -1.905468091697684577e+04 2.541871885334471699e+03
2.173240457664258065e+04 4.594819804283056328e+02 -2.099935080379249121e+04
-1.252549100889600959e+04 3.638226949577527557e+04 3.729157776448332152e+04
2.307419028191849793e+04 2.733153000976339536e+04 -1.936709689889377478e+04
1.447869664607756931e+04 -2.726592386346649437e+04 1.594141084840075746e+04
-3.936459150767242681e+04 1.670703894929591115e+04 2.326949949057983031e+04
4.042235138924273633e+04 1.175074555655043696e+04 -3.452942335983421344e+03
-1.685206573428199044e+04 3.297155040384392487e+04 -5.202230546355111073e+03
1.834316164549806854e+04 -3.309447033748693502e+04 -3.060557746558975487e+04
-3.291224267259628505e+03 -3.159963617919393437e+04 -5.039319818702693738e+03
-3.630765052561617631e+04 -4.346921416078498441e+04 3.190446050917179309e+04
-1.648229825938330032e+04 1.641707327196759798e+04 -1.482761282085443054e+04
1.641388425470149741e+02 1.131122164975243504e+04 1.282430501396879117e+04
-4.329628510274724249e+04 9.076077850759258581e+03 -2.542803899786353577e+04
2.999535529449577371e+04 3.983165529586480989e+04 3.581986456849605747e+04
-4.063936325757071609e+04 1.954980159193223881e+04 9.880489638098440992e+03
4.268321021901768836e+04 -6.491249924792650745e+03 -3.943652877373972296e+04
-4.043555688390421710e+04 -2.995131621702812845e+04 -4.032710329643431032e+04
-5.469405242805526541e+03 -2.729650380829052301e+04 -2.682137997097658445e+04
-6.558740038786300829e+03 -1.047982376612951339e+04 2.376383651873484996e+04
1.856581954033061629e+04 1.357288585358834462e+04 -4.039323594462812707e+03
-4.067528299676199822e+04 -2.177975269713206217e+03 9.883872490042972458e+02
1.609365681061657233e+04 4.057399626002017612e+03 3.926127621547048329e+04
3.230697174624757099e+04 3.283305859738374238e+03 4.211615114275985979e+04
-2.341631980556349299e+04 -2.278290089805169919e+04 -2.638622755689262340e+04
-9.996687514024211850e+03 -2.593647466481745141e+04 2.128295518308374085e+04
3.537779222471282992e+04 -3.603303839778079418e+04 -1.117476988274529958e+03
-1.453160741516196140e+04 2.287905348214268815e+04 -4.011877649553735682e+04
1.416563350323319173e+04 4.338489120109901705e+03 -4.068727395407138829e+04
4.223372309384518303e+04 -1.513577702118387242e+04 3.959652256005319214e+04
-1.391615119034294185e+04 -2.037607028594659641e+04 3.596621467455049424e+04
-1.089111450178509403e+04 9.330938649142837676e+03 -3.762740468666350353e+04
-2.543668494460934744e+04 2.615592385397944236e+04 2.207211846780555425e+04
4.023924745741783408e+04 2.834454249150412579e+04 -3.968517124141166278e+04
2.074633230614160129e+04 -3.053586156154165656e+04 2.790331978973992591e+04
-4.061791149786020833e+04 3.659719843417091761e+04 3.083675014620467846e+04
2.653892256584047573e+04 5.552626787064462405e+03 1.280470753077101290e+04
-4.030997293465284019e+04 -2.571387077679363210e+04 -2.118207122172003437e+04
4.107172771590716729e+04 1.598586855462431049e+04 3.570492512495167466e+04
1.921860713482467690e+04 3.573413105521746184e+04 -1.716937713017422357e+04
2.042654243804579892e+03 1.318470210428285554e+03 -4.090087440970768967e+03
1.921047998251298850e+04 1.291004734244236897e+04 2.812545808626580401e+04
-2.279214297483162954e+04 3.784464181288870168e+04 -2.556878226726036519e+04
-4.248511092171245400e+04 -2.312803541670791310e+04 4.279303414329414227e+04
-2.231141595499678442e+04 4.024188961155258585e+04 -4.528225973692406114e+01
-2.259107769932986412e+04 -3.049847497919576563e+04 -4.648522642672967777e+03
-8.873204076046202317e+03 -4.248208696255269388e+02 -2.600534866331546436e+04
4.350834675435395911e+04 2.301187487433645219e+04 -1.975368147915188729e+03
-3.147476830579079251e+04 -8.522268645410782483e+03 -9.570145443135512323e+03
1.989495470233489868e+03 4.074083223250279116e+04 1.698287412134424812e+04
-2.343576933990006364e+04 2.034372149557768353e+03 1.722994620277652575e+04
2.689931722310887562e+04 1.551143013303910993e+04 -3.053846556725566916e+04
1.503713246779167093e+04 2.000394953638441075e+04 -8.933762086216456737e+03
2.044260560556038035e+04 3.651183695174159220e+04 -3.264335230857229180e+04
4.082755688583574374e+04 -4.042114131853396975e+04 3.900943598178529646e+04
3.060531033628102523e+04 -1.416791745317724053e+04 -2.474506197335371326e+04
1.117095045922333520e+04 3.481954977341822814e+04 1.141787285795500975e+04
3.918230794709023758e+04 2.216218239682244166e+04 1.482093864951476826e+04
-2.360742199902957509e+04 -3.784650492666503851e+04 3.021755815390488351e+04
2.387502413578502092e+04 -9.141588670462857408e+03 5.642612128860089797e+03
-2.147293902052435442e+04 -3.525444867003135005e+04 -3.236944712089058157e+04
3.157185135996195822e+04 6.787721462444530516e+03 -3.518117132449949622e+03
-4.084637363046714017e+04 4.616769921652004996e+03 2.691351246960418575e+04
2.351317042833977393e+04 -2.526093809179520758e+04 -3.755963983865534829e+04
-2.346696626181419924e+04 1.950614016712399098e+04 3.992653340462358028e+04
-3.711396866858506110e+04 1.548309121771812352e+04 -3.981213754870581761e+04
3.685822987067293434e+04 -4.045827030129845662e+04 -1.550948865345837658e+04
4.532936440534343092e+03 4.944231695745020261e+02 4.129527003602694458e+04
-4.134223164609662490e+04 -3.723654923762056569e+03 -3.677655042959109414e+04
-1.545531042956412057e+04 -4.303291080830336432e+04 -1.055634221024967883e+04
3.128579628070117542e+04 3.047820349230035208e+04 -1.306196600647306514e+04
5.642994700288176318e+03 -4.007395771233849518e+04 9.248584651393526656e+03
2.885925813755000490e+04 -1.036955753372290201e+04 3.182470887274206689e+04
4.123043345550126105e+04 2.116797181425887538e+04 -1.826879294850140286e+04
1.385055884660212087e+03 2.778738376347425583e+04 -2.046419416960042508e+04
3.631287263966493629e+04 7.534824587706748389e+02 -1.948279612664351225e+04
-3.404878863006980828e+04 -2.401886661643740445e+04 1.500975237229069717e+04
-5.307930429058723348e+03 -1.577242103737631624e+03 1.326252681800519167e+04
5.322047644419347307e+03 6.071161384288567206e+03 2.966534993591548846e+04
6.146685873168350554e+03 -1.129381180811720333e+04 -3.668520866673814453e+04
6.625641304279656651e+02 3.381988162384673160e+02 -1.729691693407760977e+04
2.127202426925358850e+03 4.094890568878521299e+04 -1.720195724859840993e+04
2.958423434199703479e+03 2.871857108972148490e+04 4.652484191850489879e+02
-3.348602233906358742e+04 6.217882023427901004e+03 2.354584861049117535e+04
-3.046596657767855140e+04 7.663892578964923814e+03 1.319252761194459163e+04
-4.322163932144713908e+04 2.338514364701068553e+04 -6.055542327225034569e+02
-8.108451198903234399e+03 -3.456729445482809388e+04 3.871738704236830381e+04
3.798050366864112584e+04 -1.725714899404198513e+04 1.238900805372724426e+04
-1.659247911480102994e+04 -1.744239653019829711e+04 4.288110998361550446e+04
-2.627672043778724401e+04 1.670852735598034269e+04 -2.479987891944432340e+04
1.170646148005847863e+04 3.615951654164296087e+02 1.817300424606532397e+04
2.310412519951663489e+04 5.881265059719836245e+03 4.007970616012494429e+04
2.790810655538894935e+04 2.769268132483846057e+04 -5.008993845002783019e+02
-1.839816285183522268e+04 2.975688657535745733e+04 1.021929965365288626e+04
1.696377328734391631e+04 8.447272307737342999e+03 2.396636384660150725e+03
4.867478887555873371e+03 -3.663517074042210879e+04 2.159890899553736745e+04
-3.038002090077546382e+04 3.593225745353530510e+04 -1.067831945959492714e+03
-4.305334304869731568e+04 2.332709278690703286e+04 -1.108113948871719913e+04
2.043861947930977476e+04 -4.158090353424857312e+04 2.399676579087892242e+04
-4.217630421459028730e+04 1.128153534030146602e+03 -2.737426630424269024e+04
-2.246208296257742768e+04 -3.826258022857737524e+04 1.321052301451242784e+03
6.475392666479588115e+03 3.993808479304499633e+04 3.753384176413017121e+04
-9.777198054229986155e+03 3.775452673509919259e+04 2.243601730204074556e+04
-3.626513593110648071e+04 1.527299173632079692e+04 -3.125791104757700668e+04
7.105955996781539397e+03 1.787343218796024667e+04 2.242147441263426299e+04
3.971948226143346255e+04 -2.471333939125266625e+04 2.857318449140239318e+04
-1.602012929921727482e+04 1.844000862513345419e+04 2.100777328372649208e+04
-4.054841880989589117e+04 1.797867262894770829e+04 3.673710234256940748e+04
-2.315958448675824184e+04 -1.957116330995189855e+03 -2.218115425132700329e+04
-1.849610955576938431e+04 5.931710877994786642e+03 7.571912548673917627e+02
-1.672166931208916139e+04 -2.523443753434973769e+04 2.881760074388824432e+04
4.997284293340262593e+03 1.769078465628123377e+04 -7.918438923920901289e+03
3.115577250922003259e+03 1.611108753870125292e+04 -3.018337315382235829e+04
-4.165138502416921256e+04 -1.723890278274630691e+04 -3.469920229818329244e+04
3.679543278183418442e+04 2.402685899864550811e+04 3.940201724560670118e+04
8.751879514210824709e+03 -3.396356040140651021e+04 -3.846157435426732263e+04
-2.211270586096210172e+04 -9.844760415784534416e+03 2.493791668734358245e+04
2.926300072368915789e+04 3.553709518873207708e+04 1.847820603627725359e+04
-6.074776131689928661e+03 1.988913781678587475e+04 1.193813459929119381e+04
-3.473630629647477326e+04 -2.122347745957988445e+04 -4.161294369061574980e+04
-3.003786410927992620e+04 3.979701984543161234e+04 2.886112248207830271e+04
4.074234525615858729e+04 1.735433434166044026e+04 -3.203964728273234505e+04
1.422153948312097418e+04 -4.182836144127301668e+04 -2.475544746536963794e+04
-6.161473979481696006e+03 -1.452642014593768181e+04 -6.953038833018621517e+03
-8.748942619110690430e+03 -2.811431549360674035e+04 -4.108387647719917004e+04
-3.362453431612002896e+04 -3.668109369229355070e+04 2.481659521077678619e+03
2.528991942854937588e+04 -1.691545541364361998e+04 4.186721304423051333e+04
-2.494693885074315767e+04 -5.127970788456625996e+03 3.893794948365856544e+04
-4.139868647508748109e+04 -5.374341361421175861e+03 1.822821804627704842e+04
2.699238553682350903e+04 -2.380568060777712890e+04 -1.069181894063777509e+04
3.109661524906631894e+04 8.837030406089739699e+03 3.662985058813996875e+04
-3.926047345183288417e+04 -1.981443138034316871e+04 -6.099291667103841974e+03
-3.550432170091366424e+04 2.455697293160331537e+04 2.531555337043323743e+04
4.225301003542754916e+04 -1.914961633818078553e+03 2.254680957408443646e+04
3.596467815533192334e+04 3.955624426374115865e+04 -1.316113181022275057e+04
4.165643335432663298e+04 2.744744913304923557e+03 -2.729010997301606767e+04
4.254637505888091255e+04 4.019395457465561776e+04 1.710965737701085527e+04
-3.930741720751120738e+04 3.804810213454913173e+04 -1.420439770292968569e+04
-4.069086194112958037e+04 -3.796492234557179472e+04 4.190421974045866955e+04
-7.646093571110242920e+03 1.788883374667578755e+04 3.807261394553924038e+04
9.285975875717835152e+03 -3.980085799500642315e+04 3.854137177392396552e+04
1.247896230123551140e+04 3.999846345530049439e+04 -1.967917577777682527e+04
-3.790498057108362264e+04 1.172370289987716660e+03 -1.215532995345320523e+04
-4.411009095745869126e+04 2.292002157742270356e+04 -3.100379990826136054e+04
2.652773433553763971e+04 1.297152188410394228e+04 -1.214320923659402251e+04
3.471668587086369371e+04 -3.860261178185475001e+04 -3.882110344346202328e+04
4.034104811869437253e+04 3.843172645034043671e+04 4.191628910213072959e+04
3.733277839482041600e+04 1.068649555494515516e+04 2.018190215104580420e+04
-5.920053832481495192e+03 -3.397519551994052017e+04 1.815980362070746196e+04
3.935156633443541068e+04 -5.074364291741893794e+03 4.167376657404201251e+04
-1.769797083394721267e+04 3.791472317473112525e+02 2.362623357679979017e+04
6.167122809169361972e+03 4.020143124621809693e+04 1.747075655702140921e+03
1.438878235891708755e+04 2.165563958580086364e+03 -1.025645342457869083e+04
-3.821991585078710341e+04 2.875135565737309207e+03 3.934354181531538052e+04
-4.069268739262261806e+04 3.870867014624656440e+04 1.497432612136405805e+04
9.407771930314655037e+03 -1.190699807908245202e+04 3.048250210058157609e+04
-3.456230168435486848e+04 -3.904260722143533349e+04 -3.251885946268976113e+04
-2.749748000039220642e+04 2.165493018373858831e+03 4.264757054409477860e+03
2.672237497906309000e+04 8.603338236384108313e+03 2.979735655738758396e+03
-2.825915976893356492e+04 2.547759943682287121e+04 3.331690413509256177e+04
1.638254478777445547e+04 2.279921631519373113e+04 -3.743416230377712782e+04
3.488830548152996926e+04 4.092511930085242057e+04 -4.004500891328949365e+04
-3.739260521750644693e+04 -3.986123606705038401e+04 -1.513243502076965342e+04
-1.450630389762401319e+04 4.161200297312049952e+04 -9.565391615371296211e+03
2.368056766195109958e+04 3.750077257959382405e+04 2.392388237423247119e+03
-9.972957732029659383e+03 -9.023463115551981900e+03 1.805150755862729784e+04
2.373009694013364788e+04 -1.408666437303672865e+04 -4.036334622854293411e+04
3.810038607697638508e+04 1.333736736585467952e+04 -1.564396823247322209e+04
-1.418927977210339122e+03 1.267656802739817522e+03 3.125224397797735946e+04
-8.596281689129824372e+03 2.493972779793414884e+04 -6.824805488243035143e+03
1.414119195760850562e+04 -1.018489475209128432e+04 -2.699135158005770427e+04
3.940610943454883090e+04 -2.043178896776254987e+03 4.243024858621850399e+03
-2.206232871943884675e+04 3.727169389900928218e+04 2.029958539433889746e+04
1.317988406313717132e+04 2.906130115328692227e+03 -2.709720335946052728e+04
-1.769833440146370413e+04 -1.583285531963445828e+04 1.135482956481738802e+04
1.883571895382257208e+04 -1.228333125622062289e+04 1.604431117642254321e+04
-4.019618852620151301e+04 1.844046733104492159e+04 -2.606584224683654611e+04
8.722818281491548987e+03 1.005102214707529129e+04 3.820670673961602006e+04
1.280823609897314327e+03 3.826212656346040603e+04 -3.852975736362381576e+04
-3.939458441383974423e+04 -4.248307917201478267e+04 1.333316600911615751e+04
-3.814399874651839582e+03 -6.843597511329699955e+03 3.297208848485873750e+04
-4.105733390738664457e+04 -3.604600342865776474e+04 2.475447373492531551e+04
-9.070090202837393008e+03 -3.353231430229800026e+03 4.267828591612817945e+03
-3.937762104680747143e+04 -2.136096277624227878e+04 2.786200371687373263e+04
-1.466537268683470393e+04 8.540398283291673579e+03 1.703520191491556034e+04
-3.694351629792555468e+04 3.906725824909385847e+04 -3.737168646781918505e+04
-4.161530762747361587e+04 3.999158754733384558e+04 4.049213746520270797e+04
-1.613133410591788925e+04 -3.412190385911161866e+04 9.844558068839636690e+03
-4.112359753025347891e+04 1.045485973128867226e+04 -6.599063019511182574e+03
-2.208569198330674772e+04 9.526407710490053432e+03 -4.002880641807718348e+04
-2.111214978619409885e+04 -3.911943224848990940e+04 2.004794556753084544e+04
-4.091262866649649368e+03 -7.678655358907421942e+03 -3.707465860813393374e+04
4.183169887807646592e+04 -1.072000053959115394e+04 -2.157198851082078909e+04
-1.191648903551655167e+04 1.279304745014611399e+04 -2.764275768668396267e+04
2.500432906535582515e+04 -2.818719871699561918e+04 7.597410819325236844e+03
2.620255292992555951e+03 -2.386405380825250177e+04 2.803147342715490231e+04
1.963783789862511549e+04 -1.811356435280791993e+04 2.795778303659834637e+04
-9.555955273677429432e+03 1.010447635881558926e+04 -1.066532216367984620e+04
3.917969648728867469e+04 -2.894886652772640446e+04 -2.683776062525630186e+04
7.767832895658300004e+03 -2.677098249170674535e+04 -2.387818877235419131e+04
-2.174571458386320592e+04 -2.780044526779000444e+04 -3.933066301402129466e+04
-2.893036613282843973e+04 -4.672796169085128895e+03 -3.933306862208581151e+04
9.604451605653066508e+03 1.555129444125367809e+04 9.336689253396139975e+03
3.486785915319998458e+04 -1.329456808965491655e+04 -7.335498393291538378e+03
1.675396084077476189e+03 -1.784749448128538279e+04 7.535452642071693845e+03
-2.675534477524839986e+03 -1.516980418063632169e+04 -2.187521988964741104e+04
2.553756269333020100e+04 6.131057905869877686e+03 -4.109380174870774499e+04
-5.539711468403458639e+03 3.439449216011849785e+04 -5.578152868431818206e+03
-4.190763638522071415e+04 -1.159166492032729730e+04 -1.856112559958190468e+04
2.071597499627411526e+04 -9.965001844122089096e+02 2.804909776771734323e+04
-2.109751352661346027e+04 3.853079306283092592e+03 4.035037047444397467e+04
-3.976401669092256634e+04 3.049674040402359606e+04 -2.852200410695786923e+04
1.559912848584692256e+04 -3.764487609200344741e+04 -1.024649701586859010e+04
-1.750502235003142414e+04 -3.618530867816835962e+04 -1.740480949120050718e+04
-3.228238323734695587e+04 2.547079911037208149e+04 3.521485459352633370e+03
-1.318642592015062746e+03 5.493948514371606507e+03 -4.050315214361415565e+04
1.992586598645918639e+04 4.028394184467991727e+04 1.957495224015607891e+04
3.053498848894201728e+04 -8.277493855470411290e+02 2.257140815247563660e+04
-4.125114416720366535e+03 -4.058529606889044226e+04 -2.053777581410415587e+04
3.693929872001025069e+04 2.806494844764609297e+04 2.884357055789253718e+04
-2.509963643643515752e+04 2.732694877746448037e+04 -9.186223161790972881e+03
2.918621209074365834e+04 -4.075439358263602480e+04 3.851730858355100645e+04
-3.444284679838046577e+04 2.600488471206293252e+04 -9.396714861638751245e+03
-3.655182048140397819e+04 -2.995557554921863630e+04 -9.774290864660051739e+03
4.063216110749111249e+04 2.984102694860073461e+04 -5.947525205268066202e+03
-3.904821157797500200e+04 4.317572849677440536e+04 3.264544359370624807e+04
9.910623668826490757e+03 7.046571889114598889e+03 4.315026323721111112e+03
-1.398300975726460820e+04 -1.237746660453272125e+04 3.787572884153659834e+04
3.735788379355748475e+04 -3.804553155554873229e+04 2.548844626959228481e+04
9.518653676880152489e+03 4.063873221455000930e+02 -1.773031271178520910e+04
4.193486378075049288e+04 -1.165675429798598270e+04 2.497003665566669952e+04
3.468996368197794072e+04 1.497711461535053786e+03 -3.871034828193992871e+04
1.070217394741686803e+04 -8.586801130659630871e+03 -1.777805169797449253e+03
-3.440345478883383475e+04 1.170070865036007308e+04 3.310832830523684606e+03
-2.110494970015239232e+04 -2.090757494283219421e+04 -1.461262907940327750e+04
-2.614126665359464096e+04 1.082043954340065102e+04 -1.307087788613104021e+04
3.704698544420487451e+04 3.315008995987215894e+04 -2.724721653633276583e+04
4.246979585599269922e+04 1.724924275927440613e+04 1.155015157076173637e+04
-2.809572220987685432e+04 1.945120711234662303e+04 1.707700554708751588e+04
-6.503945116914182108e+03 5.085649091855563711e+03 2.393116908880290430e+04
1.115094180570386743e+04 2.683265116186196610e+04 3.653175194353932602e+04
-2.998888678984462604e+04 -3.037253536954099400e+04 4.094714542427595006e+04
-2.886147461167566871e+04 -7.717228244447439465e+03 9.861954182164019585e+03
2.871849677962873466e+04 2.758994012040137022e+03 -1.418899954732382866e+04
4.018731718186426588e+04 -3.935153436064373091e+04 1.187432232326446683e+04
