-1.146046822900975063e+26 -1.297663238143392406e+26 -1.396521383634551579e+26
-1.263205215517958925e+26 -1.086283084222767374e+26 -1.380207749432190638e+26
-1.115887290073017372e+26 -1.342319889979301873e+26 -1.341342658300096580e+26
-1.284039877874558984e+26 -1.199038460411991418e+26 -1.344677580684099255e+26
-1.108086562838717627e+26 -1.387619710057453456e+26 -1.268933027216425943e+26
-1.388181054273008941e+26 -1.125200887831827673e+26 -1.383565997562888552e+26
-1.098446737327798727e+26 -1.264680595880304330e+26 -1.314378778147986801e+26
-1.166199176934693330e+26 -1.249999972518184137e+26 -1.233989886175648671e+26
-1.187923371646052388e+26 -1.395365520151635990e+26 -1.376664144393955253e+26
-1.293110791507840515e+26 -1.058800764859444282e+26 -1.399213630233689398e+26
-1.324272744162639246e+26 -1.217226631336846303e+26 -1.379820736309948889e+26
-1.093806488953052614e+26 -1.238637969278627688e+26 -1.387326225155657866e+26
-1.114011725010789782e+26 -1.376071141562638528e+26 -1.296714901209764338e+26
-1.332422127134813256e+26 -1.089724033050396339e+26 -1.355081185725779437e+26
-1.366348840757269354e+26 -1.056637453407592833e+26 -1.392355598365971964e+26
-1.106790416081317962e+26 -1.310545694887759309e+26 -1.352723817358868435e+26
-1.094555025097766671e+26 -1.342725772732414080e+26 -1.288826348941775132e+26
-1.082749136107476129e+26 -1.265153873732712520e+26 -1.273797869124944263e+26
-1.137117485367230858e+26 -1.344508647872160321e+26 -1.374297272994792494e+26
-1.251552342126416644e+26 -1.061970291758128244e+26 -1.371548282097650324e+26
-1.285814704976921341e+26 -1.064578030827836171e+26 -1.322802195806891875e+26
-1.209028321491310146e+26 -1.290926724525569178e+26 -1.303518217604383572e+26
-1.113995332348640919e+26 -1.332313013477384866e+26 -1.382872167805928229e+26
-1.375313738582302486e+26 -1.191569674254696532e+26 -1.350906470875919057e+26
-1.118466697847078640e+26 -1.263528348425804020e+26 -1.372684343520196857e+26
-1.103939846093314197e+26 -1.330658749354167172e+26 -1.317416612229179510e+26
-1.077058237283998610e+26 -1.296844663059078274e+26 -1.302879626986261004e+26
-1.125205313161840383e+26 -1.381402183378421658e+26 -1.360125213895698562e+26
-1.185833897840046893e+26 -1.395999855909656755e+26 -1.321935180673781561e+26
-1.121978866947884066e+26 -1.324914292628566349e+26 -1.357605317883523410e+26
-1.247943376446091280e+26 -1.116105833072894332e+26 -1.391428388413177023e+26
-1.169303296260573088e+26 -1.226305524457668322e+26 -1.343329364578542382e+26
-1.123356360346830608e+26 -1.357259761054812634e+26 -1.319782149141665240e+26
-1.272328767180562831e+26 -1.065276064935295200e+26 -1.395532675369923913e+26
-1.067253719089274889e+26 -1.327879642106081162e+26 -1.252191177256936835e+26
-1.388223786545312199e+26 -1.074912074675277002e+26 -1.374318659219990937e+26
-1.239253859273921684e+26 -1.107519774491492754e+26 -1.338347773165925751e+26
-1.148366491736621748e+26 -1.256041934129985144e+26 -1.394981919803924648e+26
-1.299559645830779485e+26 -1.176634130933828489e+26 -1.352690659474067339e+26
-1.069362418113021113e+26 -1.242866211393556524e+26 -1.363091241114211569e+26
-1.078279483917739960e+26 -1.393292149725506273e+26 -1.240264810418098569e+26
-1.296407418260192506e+26 -1.064715928741084440e+26 -1.370870242331436173e+26
-1.251675399017222107e+26 -1.194931234714691043e+26 -1.375477846005212000e+26
-1.104799657294259408e+26 -1.249960015404196210e+26 -1.235333622423780287e+26
-1.214610565357260128e+26 -1.239069662804261290e+26 -1.236392074118999935e+26
-1.167699741065702437e+26 -1.371124043695535172e+26 -1.371384726471284700e+26
-1.219678549715429680e+26 -1.281938362693930964e+26 -1.399796420570189440e+26
-1.354672845716994086e+26 -1.135831305385986697e+26 -1.334056955105299408e+26
-1.078550281398080440e+26 -1.273726775423424253e+26 -1.338793607945540057e+26
-1.323572912085496200e+26 -1.123113635874392804e+26 -1.383704652163564366e+26
-1.069180411349456614e+26 -1.354505001731389099e+26 -1.331747346098968670e+26
-1.126270662444306954e+26 -1.297416805198138267e+26 -1.387961269143890480e+26
-1.178584194791000384e+26 -1.303679773718355578e+26 -1.329626103474431040e+26
-1.066221391190450368e+26 -1.370513726036554641e+26 -1.264777149865704036e+26
-1.126069653725362144e+26 -1.391868730273436688e+26 -1.302885292097444740e+26
-1.139164811013882944e+26 -1.317602701852340846e+26 -1.395865168226079419e+26
-1.106833713455897343e+26 -1.242240799190102609e+26 -1.313220383445180604e+26
-1.389858369142441547e+26 -1.091163453428203081e+26 -1.327760192634099351e+26
