-1.126983469306235851e+26 -1.335072967254325602e+26 -1.381142013003812494e+26
-1.272132246080720742e+26 -1.085880265156712701e+26 -1.387044476274974437e+26
-1.075304210258890515e+26 -1.352950476594529758e+26 -1.260081399472594004e+26
-1.368801843944377228e+26 -1.187063781424621525e+26 -1.343875806739218020e+26
-1.090513718025067516e+26 -1.266136040363517688e+26 -1.331657770584816998e+26
-1.121368753505117577e+26 -1.354616869597127085e+26 -1.323661074876067856e+26
-1.195246009988233443e+26 -1.243441786689830429e+26 -1.235431198941659498e+26
-1.299702155854344283e+26 -1.062109107071178051e+26 -1.373497635185215595e+26
-1.239253859273921684e+26 -1.107519774491492754e+26 -1.338347773165925751e+26
-1.382406490657403119e+26 -1.071405485125265462e+26 -1.375005236570177389e+26
-1.124808081678442459e+26 -1.382377002219618929e+26 -1.356179750225099408e+26
-1.119192166896050676e+26 -1.325455378532466895e+26 -1.355244856769951146e+26
-1.324272744162639246e+26 -1.217226631336846303e+26 -1.379820736309948889e+26
-1.337686341301647174e+26 -1.114127544105037395e+26 -1.354041828669496618e+26
-1.079082044205308595e+26 -1.241240703305830934e+26 -1.377036414519299123e+26
-1.185833897840046893e+26 -1.395999855909656755e+26 -1.321935180673781561e+26
-1.255424645937037388e+26 -1.072612866055435595e+26 -1.373056750251058716e+26
-1.288611353715719680e+26 -1.184619299856614226e+26 -1.354347208450404758e+26
-1.285814704976921341e+26 -1.064578030827836171e+26 -1.322802195806891875e+26
-1.190761845471124323e+26 -1.298578554041241052e+26 -1.319182949126412087e+26
-1.093992076589200533e+26 -1.258328348896909886e+26 -1.261442050698089918e+26
-1.095652297353935319e+26 -1.337534839755574058e+26 -1.306005355430096042e+26
-1.111701874935898139e+26 -1.296686265708552429e+26 -1.374670998141093931e+26
-1.170811068847294645e+26 -1.374853501611858243e+26 -1.372196944613233976e+26
-1.118484898523435055e+26 -1.385805283426135337e+26 -1.291975479907557153e+26
-1.075292441730048438e+26 -1.296226386728533896e+26 -1.300398845213188926e+26
-1.130706969099282579e+26 -1.248098619577121809e+26 -1.378400817374275641e+26
-1.386539517995839748e+26 -1.127895552206827320e+26 -1.372312404864124509e+26
-1.247608701536810175e+26 -1.112577367072764429e+26 -1.390746327967748878e+26
-1.219678549715429680e+26 -1.281938362693930964e+26 -1.399796420570189440e+26
-1.141044321922853654e+26 -1.300425051345219513e+26 -1.396152704264306092e+26
-1.075392796380465570e+26 -1.392249552305982430e+26 -1.245250210713979203e+26
-1.283653011940692366e+26 -1.060236334705322706e+26 -1.397695311634728962e+26
