-1.067253719089274889e+26 -1.327879642106081162e+26 -1.252191177256936835e+26
-1.263205215517958925e+26 -1.086283084222767374e+26 -1.380207749432190638e+26
-1.112151376540517273e+26 -1.324539962635807805e+26 -1.381675079877161308e+26
-1.324272744162639246e+26 -1.217226631336846303e+26 -1.379820736309948889e+26
-1.389639719957603141e+26 -1.079499818173941368e+26 -1.376678713975111430e+26
-1.126647109786891549e+26 -1.392249872582784958e+26 -1.299217261749807611e+26
-1.082876132364687346e+26 -1.274593298279226902e+26 -1.336696925615587624e+26
-1.214610565357260128e+26 -1.239069662804261290e+26 -1.236392074118999935e+26
-1.121097209860183496e+26 -1.351092326700841013e+26 -1.328142937188419269e+26
-1.170811068847294645e+26 -1.374853501611858243e+26 -1.372196944613233976e+26
-1.356448496470273309e+26 -1.172892686599771553e+26 -1.335990875978474971e+26
-1.293110791507840515e+26 -1.058800764859444282e+26 -1.399213630233689398e+26
-1.127046508734940691e+26 -1.293306396665321696e+26 -1.387759999906534828e+26
-1.209028321491310146e+26 -1.290926724525569178e+26 -1.303518217604383572e+26
-1.075392796380465570e+26 -1.392249552305982430e+26 -1.245250210713979203e+26
-1.342289033203492240e+26 -1.114081037961808683e+26 -1.332144305662769557e+26
-1.107409345001502154e+26 -1.243846014470745709e+26 -1.384999089890968686e+26
-1.077641351329883367e+26 -1.294722963743544428e+26 -1.303059681094481408e+26
-1.283899352122671444e+26 -1.190013496337172581e+26 -1.354812476071369304e+26
-1.117268665909721308e+26 -1.371728056990196623e+26 -1.300402462084501157e+26
-1.112508554434671747e+26 -1.317786282257900961e+26 -1.358444845491159568e+26
-1.279485297230778096e+26 -1.065165920709768579e+26 -1.323414883608133665e+26
-1.153041976299369112e+26 -1.249938238877517972e+26 -1.235344952646147759e+26
-1.087321041545175109e+26 -1.260078787896516485e+26 -1.281306622440750440e+26
-1.120523524943208865e+26 -1.387006859534933035e+26 -1.345168325962657441e+26
-1.219678549715429680e+26 -1.281938362693930964e+26 -1.399796420570189440e+26
-1.239253859273921684e+26 -1.107519774491492754e+26 -1.338347773165925751e+26
-1.095089067446524888e+26 -1.339111762962042967e+26 -1.291409491104392798e+26
-1.335249740821211525e+26 -1.127550914565289509e+26 -1.384880393758240022e+26
-1.370939931234615608e+26 -1.126262794843088434e+26 -1.343317130349070962e+26
-1.117744456438284573e+26 -1.251814435309786263e+26 -1.334531416776533997e+26
-1.247943376446091280e+26 -1.116105833072894332e+26 -1.391428388413177023e+26
-1.251552342126416644e+26 -1.061970291758128244e+26 -1.371548282097650324e+26
-1.199583556606534583e+26 -1.401433517168026488e+26 -1.275804734761804663e+26
-1.072432884267783549e+26 -1.241890703354562598e+26 -1.372804504144433722e+26
-1.328164344076637168e+26 -1.078069302266107066e+26 -1.349048535387147536e+26
-1.103939846093314197e+26 -1.330658749354167172e+26 -1.317416612229179510e+26
-1.077697294733302909e+26 -1.364902521226835486e+26 -1.267675713473444780e+26
-1.182396483148424971e+26 -1.394641440595064279e+26 -1.333467792151775785e+26
-1.136012089587563251e+26 -1.362782472465647790e+26 -1.366022293302330957e+26
-1.366348840757269354e+26 -1.056637453407592833e+26 -1.392355598365971964e+26
-1.069180411349456614e+26 -1.354505001731389099e+26 -1.331747346098968670e+26
-1.272328767180562831e+26 -1.065276064935295200e+26 -1.395532675369923913e+26
-1.148366491736621748e+26 -1.256041934129985144e+26 -1.394981919803924648e+26
-1.122180806275098646e+26 -1.328571991013309555e+26 -1.354137232609835769e+26
-1.296407418260192506e+26 -1.064715928741084440e+26 -1.370870242331436173e+26
-1.232329466194533635e+26 -1.201053351623028807e+26 -1.380628697681229639e+26
-1.139730090004062004e+26 -1.319141907203899663e+26 -1.393587506926459049e+26
-1.169303296260573088e+26 -1.226305524457668322e+26 -1.343329364578542382e+26
-1.146046822900975063e+26 -1.297663238143392406e+26 -1.396521383634551579e+26
-1.109566988978752615e+26 -1.391249455273765296e+26 -1.399581387413766141e+26
-1.110874223428937418e+26 -1.397411248049436456e+26 -1.268961079561309161e+26
-1.381155191418481319e+26 -1.201234876249471498e+26 -1.351760737499961069e+26
-1.178584194791000384e+26 -1.303679773718355578e+26 -1.329626103474431040e+26
-1.093835698427028687e+26 -1.250032637308201152e+26 -1.233972890842097463e+26
-1.306464533450224592e+26 -1.173780614430549441e+26 -1.348439535934889211e+26
