-1.103594686665220058e+26 -1.359656234041976866e+26 -1.294435972256049953e+26
-1.376852926906002521e+26 -1.075297371112506986e+26 -1.374358676601119047e+26
-1.142158663552952600e+26 -1.301402961515777837e+26 -1.394777503437235585e+26
-1.288611353715719680e+26 -1.184619299856614226e+26 -1.354347208450404758e+26
-1.118817450659250762e+26 -1.323940855937416983e+26 -1.359399060955091897e+26
-1.242622985268922741e+26 -1.111247779253273406e+26 -1.375348428348232125e+26
-1.093147246794869932e+26 -1.256705863732409669e+26 -1.265982289101760332e+26
-1.262027268736804279e+26 -1.075844888324170037e+26 -1.380780410162293567e+26
-1.195246009988233443e+26 -1.243441786689830429e+26 -1.235431198941659498e+26
-1.114693669067296199e+26 -1.344205153268003625e+26 -1.326629616796810825e+26
-1.174313913834614273e+26 -1.378914451610475857e+26 -1.365634978992101323e+26
-1.072929044692386662e+26 -1.366123240762254922e+26 -1.252338716382031502e+26
-1.082487561651992258e+26 -1.261270929686733568e+26 -1.347435658646299688e+26
-1.351723130804443031e+26 -1.134463141215739059e+26 -1.351829916643579059e+26
-1.190761845471124323e+26 -1.298578554041241052e+26 -1.319182949126412087e+26
-1.328294984692970552e+26 -1.216613409321492109e+26 -1.378912391517364260e+26
-1.129786102262999207e+26 -1.390024623582222531e+26 -1.296986382076427095e+26
-1.290669372879026306e+26 -1.061508258293069736e+26 -1.391400751363678479e+26
-1.282704960717951130e+26 -1.070444437129943644e+26 -1.324563468542424875e+26
-1.124715807664453223e+26 -1.367890574650179262e+26 -1.369885949352298025e+26
-1.076328316708308206e+26 -1.301017261090025364e+26 -1.298673555452389161e+26
-1.123443166552773698e+26 -1.249053075299572871e+26 -1.373961494622871902e+26
