-1.286457851398865750e+26 -1.063216763211588818e+26 -1.391640568434984814e+26
-1.121856384058419074e+26 -1.325383118170975941e+26 -1.359404718605130258e+26
-1.305728821130241092e+26 -1.200270818967125582e+26 -1.366574501822985893e+26
-1.083443540793822117e+26 -1.375670372732925038e+26 -1.259456864490848343e+26
-1.081022894364681204e+26 -1.289668356681606339e+26 -1.284645336632327346e+26
-1.357934252234411406e+26 -1.150167816291648676e+26 -1.347150803496762254e+26
-1.096322538522766132e+26 -1.256034150397024743e+26 -1.356020947469515713e+26
-1.365116182875338570e+26 -1.083722649304127694e+26 -1.369612075377940955e+26
-1.190126783494063544e+26 -1.256109644262059496e+26 -1.252780939438026257e+26
-1.142594964642910403e+26 -1.298366338215026809e+26 -1.395149275308498208e+26
-1.165345133910476078e+26 -1.380404310016514734e+26 -1.359023415278210883e+26
-1.257785218256993630e+26 -1.085715319809090278e+26 -1.368106936855642944e+26
-1.113955310662717082e+26 -1.360074909377322656e+26 -1.313896534399482463e+26
