-1.287604899626075517e+26 -1.060846140844413884e+26 -1.392969121297585892e+26
-1.112849045027325239e+26 -1.346128066108856560e+26 -1.323774264601081967e+26
-1.219678549715429680e+26 -1.281938362693930964e+26 -1.399796420570189440e+26
-1.288611353715719680e+26 -1.184619299856614226e+26 -1.354347208450404758e+26
-1.083341034758687668e+26 -1.339112909711795018e+26 -1.275252311087459070e+26
-1.098528610237832592e+26 -1.248016781822919632e+26 -1.378979848991043150e+26
-1.117043609864280576e+26 -1.250463758296002328e+26 -1.234167553705115180e+26
-1.325564284045049747e+26 -1.101032996184268079e+26 -1.366964419372338556e+26
-1.123375562605660792e+26 -1.385309256163213666e+26 -1.293240999930473874e+26
-1.383287661993875651e+26 -1.073264627783118978e+26 -1.380954227899891560e+26
-1.140511624505815273e+26 -1.298810337553434865e+26 -1.395023676787911916e+26
-1.119292880857199279e+26 -1.326032414079228040e+26 -1.361300914002125556e+26
-1.239253859273921684e+26 -1.107519774491492754e+26 -1.338347773165925751e+26
-1.080930076941977314e+26 -1.284265092159875626e+26 -1.294408823283879447e+26
-1.174313913834614273e+26 -1.378914451610475857e+26 -1.365634978992101323e+26
-1.328294984692970552e+26 -1.216613409321492109e+26 -1.378912391517364260e+26
-1.075459792012110643e+26 -1.382087631219780437e+26 -1.252844454307504281e+26
-1.258303493267247824e+26 -1.085281490116112228e+26 -1.381722480530853468e+26
-1.187185420602699060e+26 -1.286533049110645597e+26 -1.323207351701767108e+26
-1.286680387919245545e+26 -1.065242556405314420e+26 -1.328090973138174636e+26
-1.088509142208398450e+26 -1.264150499029024725e+26 -1.333411519861962432e+26
-1.365578295235562386e+26 -1.139285459132320824e+26 -1.342363744368359437e+26
-1.128841317742471495e+26 -1.383116230591528039e+26 -1.352412198500702065e+26
-1.205613645591705783e+26 -1.241308486619432823e+26 -1.236621661789794279e+26
