-4.428860787571527908e+03 -7.153333877559903158e+03 3.250469049687948791e+04
-1.195953738765032540e+04 1.159732404630966266e+04 -1.205272596461879948e+04
3.431938862632403470e+04 1.176449733076121902e+03 -4.030142476510006236e+04
2.654388372484459614e+04 8.561720495650453813e+03 2.831174018935429558e+03
-1.850150044108946895e+04 2.942882163505185599e+04 1.042144176965833685e+04
-3.295450447501629969e+04 -8.725020522582704871e+03 1.310778006623580404e+04
-2.126379987366835121e+04 -2.737020118575051674e+04 -3.917517845317763567e+04
-4.019083990582679689e+04 1.844434649064955011e+04 -2.605923498630208996e+04
4.253543378614489484e+04 -1.403754559721026817e+04 3.978993113994627493e+04
-1.092675704408377715e+04 -3.991921589176651469e+04 2.130606820828791024e+04
-3.957555288431196095e+04 2.766903313926352348e+04 2.713139289425035167e+04
2.707722584130456744e+04 7.220769713422590939e+03 3.873950819138557563e+04
7.054804998220838570e+03 3.108331656495677453e+04 -1.975396702945097786e+04
1.393318841506298486e+04 -3.289304797567027708e+04 1.159859672730176862e+04
1.446634730679632412e+04 3.622097652117129473e+04 1.150133128693455546e+04
-1.535575980204227017e+04 -4.299042589581558423e+04 -1.142078445493140680e+04
2.396901908808826920e+04 -2.567193085337535376e+04 -3.702755245540414762e+04
4.168704902195040631e+04 2.636899529120198349e+04 -1.034687206722276824e+04
-3.759678128190900316e+04 -4.330943999639396498e+04 3.372088609393469233e+04
-2.239996955569941565e+04 -1.129318107657569635e+04 -2.970859396948193898e+04
-1.778116966076153767e+04 3.298085980881248543e+04 -5.438476928083528037e+03
1.286235039199020684e+04 3.002079817734986136e+03 -2.690438986055730493e+04
3.829955099210474145e+04 2.873856061418314766e+03 3.482578085111374821e+04
-2.082826593432995287e+04 -7.902972087542339978e+03 2.546455860671960545e+04
4.061848021467775106e+04 3.868482693097934680e+04 4.246221814941484627e+04
-3.468538913315290119e+04 1.202104148437927142e+04 2.972675314810091095e+03
2.162763308609802334e+04 -4.059106760436476179e+04 2.759540527343881331e+04
3.325974336000216681e+03 2.839109832142556115e+04 -1.843115710533016227e+03
-3.357624302305160381e+04 6.572837260322318798e+03 2.333258468216240726e+04
9.006437950373663625e+03 1.682918194781313287e+04 2.245383516079014225e+04
-4.189733235652876465e+04 -1.698225592314137248e+04 -3.482274670944619720e+04
-3.552375857007027662e+04 -3.844083637793242815e+04 1.879706582738650241e+03
-4.286920833346011932e+04 1.416705107500865324e+03 -2.791351483749486215e+04
2.777448213509726702e+04 3.384103178992524045e+04 -3.064015258869992977e+04
4.044978932980034733e+04 1.473815668718853340e+04 1.489855109296415776e+03
3.841812346685559896e+04 -2.989921704332078662e+04 -2.352013138988320497e+04
-5.499026640382438927e+03 -1.645084380303664148e+03 1.323192194555184687e+04
1.373236725865686094e+04 2.323901495379202515e+03 -1.036219541345119615e+04
4.780921029131860450e+03 -3.626035170667490456e+04 2.180805500108960769e+04
1.489040859452145742e+04 1.975144130028575819e+04 -8.617137504467073086e+03
-2.198520748135698886e+04 1.964080714634021933e+04 4.064352638883766485e+04
5.510162750010870695e+03 1.631130080807115064e+03 4.160562449370202376e+04
4.023776810985473276e+04 -1.784931522915594542e+04 -5.715858563128238529e+03
-4.168742681344874654e+03 -3.042384470832469378e+04 -2.329658871890203591e+04
-1.207288696049264399e+04 1.268624625469252351e+04 -2.764770742786905976e+04
3.759222915172657667e+04 2.632199960864168315e+04 1.524059157455422246e+04
-3.281913707399217674e+04 2.303961827372760672e+04 2.450424746818361746e+04
2.800160197511627302e+02 1.129369903117294962e+04 1.313491604452271895e+04
-4.134512002178118564e+04 -3.356340942342659400e+04 4.308188762193244474e+04
1.258163722433451767e+04 -1.640345026868893183e+04 2.740473860121612597e+04
4.054279033217434335e+04 1.027607275566765020e+04 -2.097787728040592629e+04
-2.879907286150611617e+04 -1.274355427609317485e+04 -6.991981301848698422e+03
3.142509321282378005e+04 -9.639017481004699221e+03 3.329162115334822738e+04
3.603277617624859704e+04 -3.599015184673729527e+04 -1.665932647697901757e+03
-4.065006969894172653e+04 -2.582971384835559365e+04 -2.050604325695735679e+04
-4.003558271469112515e+04 3.808242094828961126e+04 -3.983685064924878679e+04
2.284701965765089881e+03 4.112556047663139179e+04 1.719839476678902065e+04
-3.067530948978857850e+04 2.585883752351337898e+04 -7.694952886501674584e+03
-8.204647724847087375e+03 -3.965732376321038828e+02 -2.651662882423302290e+04
-1.097295179649430793e+04 9.279593229023899767e+03 -3.754508476428467111e+04
-2.026684652981106774e+04 -2.151452399458481159e+04 4.007060784432476339e+03
-2.320833278226893162e+04 -3.903537887639593100e+04 1.847561884519350861e+04
1.857245247854667105e+04 -4.184376057928266164e+02 -1.889459761708099177e+04
-3.877949572146072023e+04 -4.042160276552526193e+04 -2.017231938896201609e+04
-1.595317809862972717e+04 -1.576823366021912079e+04 4.180490541517764359e+04
-2.936200442275969544e+04 -1.440288759062504141e+03 2.762561023565426513e+04
-3.902359012978836836e+04 4.326402724247422157e+04 3.266869164023946723e+04
-3.749166538022777240e+04 -2.433800794355307517e+04 -4.250582988937122718e+04
3.599334957452560047e+03 -9.919042971895312803e+03 -3.658110641776693228e+04
-4.211299232408330136e+04 1.827981643538388016e+04 3.363222839800558722e+04
2.271830482820063116e+04 2.898017170691432329e+04 -2.069628220257485009e+04
1.060628751530775480e+04 7.067452313863513155e+03 5.539212586914667554e+03
3.940692197821386071e+04 -1.678889236120746500e+04 1.451497630469370415e+04
-1.909570166310578861e+04 1.760073188919585300e+04 1.951865945031845331e+04
1.120013437823591084e+04 2.687379464278021260e+04 3.583296059254660213e+04
-3.922558873450462124e+04 2.219810544140895945e+04 5.119914305732822868e+03
2.883424949448570260e+04 2.881848233225208787e+03 -1.469034274902913785e+04
2.138971693949354085e+04 -9.148757244022843224e+03 9.771004014726002424e+03
-2.283020956958319221e+04 1.948030909719917645e+03 1.800296552690053795e+04
-9.391168611100938506e+03 -1.870206560073066066e+04 -4.843318994506260424e+03
-2.180058755004975683e+04 3.641990867931422690e+04 2.117407254696914606e+04
-4.070050624689737742e+04 1.864661789577591480e+04 -3.974133020570929511e+04
-1.636370056628927705e+04 -2.464519082467564658e+04 2.899131897124493844e+04
-2.635848086350555241e+04 -1.006859989183311882e+03 -2.051589030371619083e+04
4.082944842097792571e+04 -4.131530827138755558e+04 3.896643143610362313e+04
-7.505988273295492945e+03 -3.792455191188681783e+04 3.912245686519406445e+04
3.522911363719750079e+04 3.943790472117196623e+04 -1.403838584378880660e+04
-4.220815546940646163e+04 -1.209016046743410334e+04 -1.858685247634973348e+04
-3.596047452883641381e+04 2.289233278313379924e+04 -2.028262159796621927e+04
2.986386384790864759e+04 -1.105401128067674290e+04 -7.831112155681918011e+03
4.134359219329710322e+04 1.910996776529126873e+04 1.398533038313245015e+04
-4.999839845982048246e+03 3.506154517954852054e+04 -6.398321282270157099e+03
-4.220482093829114456e+04 -5.034063057168375053e+03 1.843609245572943109e+04
3.832534144632409880e+04 2.348478052143311288e+04 4.079693302097741980e+04
-2.769807364909430544e+04 2.471523382541170577e+03 4.514879341173540524e+03
-2.305943283716156293e+04 -6.839059197620116720e+03 3.991508847510851774e+04
-2.727978703116061661e+04 3.662394986477818020e+04 3.689262701253986597e+04
-4.122886357536212017e+03 3.755452033521459816e+04 -3.694552746716028923e+04
-2.120760924919768149e+04 -2.705220193268975345e+04 -2.762129510657095307e+04
2.550785665510139734e+04 6.344645681387086370e+03 -4.099561143010641536e+04
7.963245250290033255e+03 -2.566350107556928197e+04 -2.332573188432943425e+04
3.365032340965609183e+04 3.194259275645727939e+03 4.037013238636052847e+04
-4.264991912532519927e+04 2.310191812073368783e+04 -1.102732659094177689e+04
-7.761970935857303630e+03 3.811843921588060311e+03 -9.792200489840828595e+03
-2.966916757270985909e+04 3.483389538193161570e+04 -1.014036654554301549e+03
-3.923729980922432151e+04 1.666058638849074487e+04 2.333112267768064703e+04
-7.417326949584233262e+03 4.468626985071170566e+03 2.357748172558241276e+04
2.994052323338951828e+04 3.964694865472479432e+04 3.703295444256202609e+04
4.113895388069218461e+04 -2.866872848575758690e+04 -3.687285045883005660e+04
1.975278417316367995e+04 -3.663746331210755307e+04 -1.149364034707658539e+04
8.699087039028847357e+03 3.089618434385583896e+02 -1.768032489318705848e+04
-5.944867269816653788e+03 2.000304417244563956e+04 1.133116728505875653e+04
4.272069100657630042e+04 4.050295722127021145e+04 1.740298078847178112e+04
-4.133531801237338368e+04 -2.556263410413880774e+04 2.706185285473227850e+04
3.115563518440918779e+04 2.778072077715296473e+02 2.301504150531027699e+04
5.496409536237230895e+03 3.152295547634756076e+04 1.129271872138842991e+04
1.587953447364196836e+04 2.248714167722020284e+04 -3.769192174665726634e+04
1.309537867010254558e+04 -4.027068900548867532e+04 -4.007629397457547020e+04
-2.695027546629161952e+04 1.637026654994633282e+04 -2.492740683586387968e+04
4.066449679603453842e+04 1.864226016491727933e+04 -3.073766319761614432e+04
-9.865937553689567721e+03 -8.781811297446191020e+03 1.801075424874751479e+04
-2.436912942098540952e+04 -3.605441158314427594e+04 -3.521643579025193321e+04
3.707514612100390514e+04 -3.884480230707524606e+04 2.599932598514321216e+04
2.836492473074829832e+04 3.629450226495554671e+04 1.837351172584676169e+04
-2.679935054283792851e+04 -4.112824190437392099e+04 3.023896216817296954e+04
-3.961757305036090838e+04 -4.267498009113477747e+04 1.347842588890042316e+04
-2.268603912353422129e+04 -3.047860903488049371e+04 -4.503441657872670476e+03
2.076172208529080672e+04 2.520617637231440676e+04 1.319140607006804566e+04
-2.949394006029057346e+04 -5.325153282977741583e+03 -4.075492387618732027e+04
2.072809233878421219e+04 1.323538870326404867e+04 2.612146909428952131e+04
-2.516303247023019503e+04 3.701912391423031659e+04 -3.542729368838727532e+04
-3.969427876331454900e+04 3.709670399528643611e+04 -1.252946935946910526e+04
4.276941013420440868e+04 -1.414830978216629774e+03 2.430594657013510368e+04
-1.463830350507686671e+04 -1.822262487477304967e+04 3.574961724256616435e+04
2.030157287950176396e+04 -3.038310761598662793e+04 2.651328197907655340e+04
3.584658648803484539e+04 6.216528405044414285e+02 -1.950579079180660483e+04
4.031592284882346576e+04 2.833770960998754890e+04 -3.972147720200311596e+04
9.432342791663268144e+03 9.960360886086735263e+03 3.782877773762727156e+04
-2.794438423960265209e+04 2.440607970489842410e+04 3.328681868910910998e+04
-3.973198913214117056e+04 2.956591542094366014e+04 -2.835291092553795170e+04
-9.877629347693506134e+03 3.822084902120457991e+04 2.238058142703680278e+04
-1.527703235962740291e+04 -3.445740770847690146e+04 1.034325918608465872e+04
-3.692680696623639960e+04 -3.020287549169036356e+04 -9.689200787325560668e+03
4.347726492738710658e+04 2.376147865400345472e+04 -1.865968455117408212e+03
3.846220381154046481e+04 -1.691365481230144724e+03 -1.020449478546806859e+02
2.668545348743749855e+04 1.678094388489696212e+04 -3.067116943269202602e+04
-2.970391145679659530e+04 -3.030399088201805716e+04 4.126900473264381435e+04
4.155841596359913092e+04 -3.906103398063140048e+04 1.223704933675781831e+04
-3.403431677692497760e+04 -1.385698156123355875e+04 2.662882981258750442e+04
3.864434635698443162e+04 1.595116377348849346e+04 -1.570233122667443422e+04
6.193206034549678407e+03 4.010228220872487873e+04 1.847960166678518817e+03
-6.874445702822879866e+03 -6.130389844267326225e+03 -3.882479394608491566e+04
3.119082315983801891e+04 3.082756777404669629e+04 -1.300345972446479391e+04
4.284712099806313199e+04 -6.160882864341804634e+03 -3.953816338685771916e+04
-8.756754965874122718e+03 -2.585747326315611281e+04 -4.183747720721478981e+04
1.320515130384581425e+04 -4.155332464991018060e+04 -2.414142465155633181e+04
2.629249249428693292e+04 2.809317023382104708e+03 -2.569730303068096327e+04
2.571697787748511837e+04 -2.052371358666593369e+04 -1.765880096052245062e+04
2.978203888495634601e+03 8.496065830551058752e+03 2.916207892472039748e+04
-4.070612214240925096e+04 4.567346271859061744e+03 2.691841021295006067e+04
-5.574700576436471238e+03 1.747964525104005952e+04 -8.005193847313466904e+03
-4.080955448570808221e+04 -2.010485438381924178e+04 -6.717561051170070641e+03
-4.055147390565821115e+04 3.721738000791108061e+04 3.124119391426628863e+04
8.812484194276741619e+03 -4.084741426579780818e+04 3.810266920871544426e+04
-3.891074781307387457e+04 4.893971995399944717e+03 -8.861165896362426793e+03
5.508090460809565229e+03 3.950774146652493073e+04 3.813432105106288509e+04
-6.581128107712564088e+03 2.613161094859756486e+04 -1.895749975288549831e+04
-4.332707538652628864e+04 2.323983515505408650e+04 -1.032904647690239926e+03
1.337199543945894402e+04 1.063771746806159626e+03 3.231471207736280849e+04
3.955712374989959062e+04 -5.339091164597745774e+03 4.237470779749834037e+04
-2.767809220494173496e+04 -1.835794447788747129e+04 1.735208055358332331e+03
-1.683411595627357747e+04 -1.906034903264716922e+04 1.625128472021236303e+04
-3.021046525536778427e+04 7.609987378572423040e+03 1.321351932877723448e+04
2.795554319738782397e+03 1.599253562774813872e+03 -3.842086420949819058e+03
-3.474399217030834552e+04 1.350898699819586909e+04 -3.950772659968748485e+04
4.233940896769653045e+04 1.195562158318996080e+04 2.493603848675801783e+04
-3.857988389874126369e+02 -1.245493902332937796e+04 -1.220338939976852453e+04
-2.007323754414729774e+04 1.637198634028666856e+04 -1.481459749000986812e+04
-4.291170459758194920e+04 3.883320369904916879e+04 1.990414372684095360e+04
2.033639837349943264e+04 3.269401238481651490e+03 4.333170096862701030e+04
-2.727644579462531328e+04 -5.362616883829905419e+02 3.794574273904121947e+04
3.397704136397426191e+04 2.527165450468818381e+04 3.242823768293128160e+04
3.272421175251813474e+04 7.605694053069893926e+03 -3.350102293138664663e+03
-2.353353748259632630e+04 -3.531265824583510403e+04 3.185139059521851323e+03
1.902383501973906459e+04 -4.242095506619593652e+04 2.152251630293058042e+04
1.792425936301048932e+04 -3.338701748348893307e+04 -3.034276825763931993e+04
-4.067243108337833110e+04 -3.755558694457694219e+04 2.488000506373955068e+04
9.473176523283604183e+03 1.561311279105185167e+04 9.260578588135602331e+03
-1.404578350416668036e+04 4.177429572497560730e+04 -8.948185646087556961e+03
-2.988190406061855174e+04 2.177401591785691926e+04 1.416527034482936870e+04
-1.474967360568749064e+04 2.008484067042081006e+04 -4.089598512230591587e+04
-9.545639077901196288e+03 -2.654673632764380818e+04 2.187051610904188055e+04
1.696948419073174591e+04 9.438033505555187730e+03 1.332778914854219693e+03
4.264964590624681296e+04 1.635001527898411041e+03 -2.468719506120279402e+04
3.313104967277445394e+04 -4.026772327958493406e+04 -3.816108120834954752e+04
-3.464003916319902055e+04 -2.492009488990718819e+04 1.475910717275877323e+04
1.974503456516051665e+04 4.155753522284734208e+04 2.354332239079542705e+04
-1.072600066784162118e+04 2.865220895572657537e+04 -4.735181110962146704e+03
1.636030528355599927e+03 -1.706234202345841913e+04 6.890405406458898142e+03
2.765131763421181313e+04 -2.180817449804719581e+04 7.346028422531588149e+03
2.656929727047232518e+04 2.880123235281495727e+04 -7.444004959374710779e+02
-4.337215109680276510e+04 9.151769705180278834e+03 -2.554958839378770426e+04
2.297136296032061364e+04 -1.460080297221228466e+04 -4.050328775473276619e+04
2.129267558307472791e+04 -2.902240653013319388e+04 3.874551340041629737e+04
-1.450477320240789049e+04 1.319741011637825432e+04 5.286595136993174492e+03
2.768184302816925083e+03 4.147871744126501289e+04 -1.733113984762656764e+04
1.518435575523659645e+04 -2.256436833971619126e+04 1.691672991554007967e+04
-4.910051326238604815e+03 -2.023079275502308883e+04 -2.783446196999460153e+04
1.163160417948431495e+04 -6.858509771904468835e+03 -4.082398224788216794e+02
2.946280232845450882e+03 -3.542468119582006329e+04 -4.977190532079604964e+03
-2.488872890122338504e+04 -3.607129956742985087e+04 -1.387188948402472124e+04
2.566260355468780472e+04 -1.426093310647961334e+04 4.204772370689803211e+04
3.094263977943266582e+04 -1.324858681432708181e+04 -2.585519978655701561e+04
3.955302433541409846e+04 3.784439978450886883e+03 -3.259593624768354493e+04
-6.504082698590729706e+03 -1.057243909708632418e+04 2.360498085942893886e+04
2.282569671830160223e+04 3.829352127694553201e+04 3.180428823422779260e+03
-5.483465364285591932e+03 -3.311039860665339802e+04 1.800791631675666213e+04
-2.691690818177827532e+04 -6.596984544146705048e+03 8.398980079211776683e+03
-1.434252989495604197e+04 8.143001129841943111e+03 1.753223412267836102e+04
3.114506809985526161e+03 1.680099708192176331e+04 -2.997647187490968645e+04
1.968682797988053062e+04 8.007517594749358068e+03 3.813252913637674646e+04
-2.050812065536232330e+04 3.878855647249456524e+03 -1.089729474300969287e+03
-4.065941620829270687e+04 -3.202281344998945133e+04 -3.900401499482861982e+04
-2.091178036264246111e+04 -4.126058115854445350e+04 -1.367875887825927293e+03
2.304165068043659630e+04 -1.695307474506268045e+04 2.952181810304492683e+04
-3.744515559382662468e+04 3.775080309125038184e+04 7.461697875498502981e+03
-4.148373759199106644e+03 -4.167429784528795426e+04 -1.938987473301166392e+04
2.945673693323165207e+04 1.140606339388345077e+04 -1.252175015737986723e+04
2.305541073300013886e+04 3.094187120842549120e+03 1.400913283628236422e+04
1.053607099940239095e+03 9.549726367374573783e+02 -1.812183865531315314e+04
-2.219860288961192782e+04 -2.081886793435678555e+04 -1.610630630132660190e+04
-2.548554101528656975e+04 2.619018761426428318e+04 2.201172132353734560e+04
1.686815656800843499e+04 3.791963100652557478e+04 -3.524694505021324585e+04
3.045502798825051650e+04 8.743335608286102797e+03 1.120817915901089145e+04
3.981420043112766143e+04 3.316468434661795618e+04 -2.553367705506323182e+04
-6.070490652762354330e+03 1.883871946346125696e+04 3.919404381486665807e+04
-1.709350783670914461e+04 5.777873584819279131e+03 3.806012656579339819e+04
2.172178652067559233e+04 1.464656455672302400e+04 -1.036189458713948989e+04
2.255475213463666296e+04 2.402960751866435385e+04 -1.364628534703299192e+04
4.066944012289582315e+04 1.062452039167416297e+04 -7.054400510115332509e+03
3.663198090011195745e+04 1.003012552125901493e+04 1.983265011286249137e+04
-4.287961581189367280e+04 -4.235231977206499323e+03 -3.737759660341842391e+04
-4.111762902909754484e+04 -1.830927873331891533e+03 2.492388748622686762e+03
1.549086680949782749e+04 3.863082427504592488e+04 -1.870635231919949365e+04
-1.158717761826804417e+04 3.621468456763398717e+04 3.719311565833966597e+04
-2.127214221314410679e+04 -3.409956068337149918e+04 2.957479393144656206e+04
-3.495339182275251369e+04 -5.239644001976440450e+03 -1.058216535632681735e+04
1.423705082602220864e+04 4.176804948371960563e+03 -4.065968307221427676e+04
3.907036941778670734e+04 -2.565989302526564643e+04 3.941868299612100964e+04
-4.268500040013834951e+04 -1.902136468661183608e+04 4.185077058675770240e+04
1.374666430784606564e+04 -9.758732233157352312e+03 -2.825786782469009268e+04
3.182872681630871011e+04 9.240203464797299603e+03 3.542936304153441597e+04
4.137067518342219410e+04 -1.105433621264554677e+04 -2.118801925809089516e+04
-1.682597595941387772e+04 -1.668654010476956500e+03 -2.183442146616178798e+04
-1.972804438014959305e+04 -3.893842851338400942e+04 -2.538262620489194887e+04
-7.465303408901278090e+03 2.017514830594932209e+04 2.316932808160730929e+04
2.329619965225028136e+04 -4.589859442980911808e+03 2.674344182614153397e+04
3.987723725129650120e+04 -2.603558709509370237e+04 2.663108465037231144e+04
3.635094571747711598e+04 3.660882725924921397e+04 -1.220181364775317434e+03
1.178069809172671285e+03 -3.698605664999128749e+03 3.875418574546925811e+04
2.718791400158040233e+03 -4.108229872668541066e+04 1.018707946789119887e+04
2.751715166817548379e+04 -2.493473393500587554e+04 -7.279602612206899721e+03
-3.477900080847092613e+04 -2.024752342294334994e+03 -3.080002810523515654e+04
2.966736050684178190e+04 -4.186360927343762887e+04 3.875196877014305210e+04
-2.242786499287385595e+04 4.027552895516489662e+04 -1.316404525255043609e+03
-3.868689664572922629e+04 2.784421308222728385e+03 3.916545765797132481e+04
2.257768682290793549e+03 -2.405625171533903267e+04 2.664345822671112182e+04
-3.640224912879580370e+04 1.550835641285757447e+04 -3.111192636020875943e+04
-4.418196666018675751e+04 2.294796675554974718e+04 -3.076038298102332919e+04
8.325246683738841966e+03 -2.780181941012481184e+04 -3.716917831152945291e+04
-3.288744863536005869e+04 -2.321154422139679082e+04 -3.315296233024021058e+04
-3.732157508115186647e+04 4.043874862671087612e+04 -2.933519635631267738e+04
-8.671861603090153949e+03 -3.068274439693316708e+03 4.317666261241284701e+03
4.019019260177628894e+04 5.221703249303321172e+03 2.832505379515525055e+04
-7.783567109988744050e+03 -3.666231685817734979e+04 -3.655188906440995197e+04
3.525590707508123160e+04 4.116309768638436799e+04 -4.042923579724841693e+04
-3.053550264932476057e+04 3.996640834174363408e+04 2.795689178662041013e+04
-1.327600461546538645e+04 -3.350242374039879360e+04 -1.534152217815534277e+04
3.096669008042382848e+04 3.394121105256403553e+03 4.374034841756378592e+04
3.969532827396406356e+04 -4.659131104536115345e+03 1.387447076603831920e+04
-1.847735813426182358e+04 -1.341348121567556518e+04 8.888074040698198587e+03
-3.948434008600371453e+04 1.100041287219348305e+03 -1.851424049784314047e+04
1.079576556654639717e+04 -8.132703198178887760e+02 1.949786192084211143e+04
6.019546942366835538e+03 1.790616098807306116e+04 -8.001189658734279874e+03
-4.111583901519550272e+04 1.864482131156531250e+04 1.294412940503307982e+04
-9.063355856424498143e+02 6.012967259738220491e+03 -4.034057729847427981e+04
-4.251759087095352879e+04 4.035060833398343675e+04 4.039354901024025457e+04
-1.673947064993467848e+03 1.628348294794529920e+03 2.953151828479505275e+04
3.729168791831928684e+04 -4.116594227200420573e+04 -1.538247615125320044e+04
-7.426125398525274250e+03 -2.451223350831557400e+04 3.799687040346019057e+04
-2.159242884210104967e+04 3.982678497396784223e+04 8.200441478696084232e+03
-3.711982072672187496e+04 1.674372978312113628e+04 4.117700186767357081e+04
-1.841861696893175031e+04 -1.534494658162041378e+04 -4.197155226451239287e+04
3.910580887147518661e+04 3.404072281268249208e+04 2.943045527196523835e+04
2.790635320837088875e+04 -3.871436738842063642e+04 8.213943369406206330e+03
2.411990165800666000e+04 3.211468347705776068e+03 -3.757334810776689210e+03
-2.277203130087613681e+04 3.699326460017210775e+04 -1.986514064482719550e+04
4.118166857726719172e+04 -1.253000905932455134e+04 2.789244638567007132e+04
-2.217253239965569446e+04 8.356667726306564873e+03 -3.995061479570664233e+04
4.118461992469453980e+04 1.615012874155339159e+04 3.604250351632683305e+04
