-1.158056669052442189e+26 -1.377887409719343131e+26 -1.363633934349700977e+26
-1.272665951912901887e+26 -1.074038853726842705e+26 -1.380320593751250713e+26
-1.361511689590792810e+26 -1.097436130567280547e+26 -1.363662425805824690e+26
-1.082437921231142750e+26 -1.296180378035057255e+26 -1.282308834076934961e+26
-1.143370306565914702e+26 -1.299623931597960248e+26 -1.391227234919310016e+26
-1.095954615186375629e+26 -1.255578292323668616e+26 -1.354031438168093733e+26
-1.314428548414949543e+26 -1.198449158616435438e+26 -1.363443647328673006e+26
-1.190126783494063544e+26 -1.256109644262059496e+26 -1.252780939438026257e+26
-1.105809636739979210e+26 -1.375555946978359130e+26 -1.287284396054434595e+26
-1.117697863011611376e+26 -1.329594048283073947e+26 -1.351250829002616644e+26
