-1.118514239489353424e+26 -1.324837588803277314e+26 -1.360648676013167713e+26
-1.267120371865058641e+26 -1.082415207362788626e+26 -1.377099867208394304e+26
-1.091416144937693147e+26 -1.359083918246404116e+26 -1.294220220425307440e+26
-1.271094086331624233e+26 -1.197395570133071199e+26 -1.356997686812544284e+26
-1.077641351329883367e+26 -1.294722963743544428e+26 -1.303059681094481408e+26
-1.170811068847294645e+26 -1.374853501611858243e+26 -1.372196944613233976e+26
-1.140511624505815273e+26 -1.298810337553434865e+26 -1.395023676787911916e+26
-1.205613645591705783e+26 -1.241308486619432823e+26 -1.236621661789794279e+26
-1.085617719395818465e+26 -1.273304612715542195e+26 -1.337188986726707848e+26
-1.384671871770931101e+26 -1.078476942248878649e+26 -1.375949844339873020e+26
-1.121670603697443977e+26 -1.350225225924952724e+26 -1.326944486406637038e+26
-1.324272744162639246e+26 -1.217226631336846303e+26 -1.379820736309948889e+26
-1.073654137597873865e+26 -1.379758777671959271e+26 -1.254557662946401975e+26
-1.357402331106362497e+26 -1.140435684289448199e+26 -1.341778249100799821e+26
-1.285814704976921341e+26 -1.064578030827836171e+26 -1.322802195806891875e+26
-1.117043609864280576e+26 -1.250463758296002328e+26 -1.234167553705115180e+26
-1.190761845471124323e+26 -1.298578554041241052e+26 -1.319182949126412087e+26
-1.119682415209857040e+26 -1.384726742684164638e+26 -1.295753227062335769e+26
-1.290197025544194154e+26 -1.060661802714572156e+26 -1.393294338783568397e+26
-1.326759107220782081e+26 -1.087784612370193210e+26 -1.356920279697603207e+26
-1.254316473851108820e+26 -1.061385700497672576e+26 -1.386413873061839868e+26
-1.067253719089274889e+26 -1.327879642106081162e+26 -1.252191177256936835e+26
-1.094754847649814780e+26 -1.255433642816624742e+26 -1.290649586081115079e+26
-1.095753306111207159e+26 -1.247272295658127126e+26 -1.377228342181336049e+26
-1.219678549715429680e+26 -1.281938362693930964e+26 -1.399796420570189440e+26
-1.185833897840046893e+26 -1.395999855909656755e+26 -1.321935180673781561e+26
-1.247608701536810175e+26 -1.112577367072764429e+26 -1.390746327967748878e+26
-1.299559645830779485e+26 -1.176634130933828489e+26 -1.352690659474067339e+26
-1.323572912085496200e+26 -1.123113635874392804e+26 -1.383704652163564366e+26
-1.169303296260573088e+26 -1.226305524457668322e+26 -1.343329364578542382e+26
-1.239253859273921684e+26 -1.107519774491492754e+26 -1.338347773165925751e+26
-1.128570616498231076e+26 -1.372677099409938469e+26 -1.364782694654747682e+26
-1.098114398487668248e+26 -1.331684608005965089e+26 -1.308203264553384654e+26
-1.381155191418481319e+26 -1.201234876249471498e+26 -1.351760737499961069e+26
