-1.282704960717951130e+26 -1.070444437129943644e+26 -1.324563468542424875e+26
-1.120598005084038523e+26 -1.349774435872313983e+26 -1.326027403296995550e+26
-1.288611353715719680e+26 -1.184619299856614226e+26 -1.354347208450404758e+26
-1.286533719775744785e+26 -1.062539621524298466e+26 -1.392346419216917953e+26
-1.075292441730048438e+26 -1.296226386728533896e+26 -1.300398845213188926e+26
-1.119565162905617120e+26 -1.384503043112973016e+26 -1.294112813188907334e+26
-1.140062774949769204e+26 -1.301254246320489047e+26 -1.395026062901282568e+26
-1.360236949173727836e+26 -1.145713616596673586e+26 -1.341151346290077062e+26
-1.167313561558329737e+26 -1.372942942285630796e+26 -1.371579654372748867e+26
-1.384671871770931101e+26 -1.078476942248878649e+26 -1.375949844339873020e+26
-1.128583883304705537e+26 -1.251582701459163876e+26 -1.377556305656518629e+26
-1.195246009988233443e+26 -1.243441786689830429e+26 -1.235431198941659498e+26
-1.328294984692970552e+26 -1.216613409321492109e+26 -1.378912391517364260e+26
-1.256765654401682290e+26 -1.079543489829939004e+26 -1.375212457335140121e+26
-1.325564284045049747e+26 -1.101032996184268079e+26 -1.366964419372338556e+26
-1.079082044205308595e+26 -1.241240703305830934e+26 -1.377036414519299123e+26
-1.076819650198570361e+26 -1.387659668893359571e+26 -1.251932576123865410e+26
-1.188900693725967954e+26 -1.397400952412976490e+26 -1.316034015155040082e+26
-1.090857477157137715e+26 -1.268003545192443558e+26 -1.334103901772624735e+26
-1.094531341937924200e+26 -1.339520434440099668e+26 -1.303646466078842419e+26
-1.118514239489353424e+26 -1.324837588803277314e+26 -1.360648676013167713e+26
-1.195581296178508520e+26 -1.295805188816689314e+26 -1.332618527700374980e+26
-1.093147246794869932e+26 -1.256705863732409669e+26 -1.265982289101760332e+26
-1.246329729505540395e+26 -1.118627723036243584e+26 -1.381687212513453288e+26
-1.071800359537327467e+26 -1.345865993445013259e+26 -1.255416828284494083e+26
-1.124980805628320917e+26 -1.379152849165314199e+26 -1.357246011537243464e+26
