-1.115199483586245679e+26 -1.375930150892811918e+26 -1.295061845873188056e+26
-1.324748161498526512e+26 -1.115502579088006825e+26 -1.370978241046769975e+26
-1.120860086787952697e+26 -1.320975317984397436e+26 -1.368058900772906401e+26
-1.264149793042524578e+26 -1.057362989420053848e+26 -1.391287905709246757e+26
-1.323383134878648257e+26 -1.220101022368604451e+26 -1.382586294930933006e+26
-1.220210346961023654e+26 -1.236796406362958473e+26 -1.233249805693339803e+26
-1.126727575028720849e+26 -1.249814771596185984e+26 -1.238055085587145935e+26
-1.078403272623819934e+26 -1.298114243939302616e+26 -1.301491493944809833e+26
-1.136854142071180571e+26 -1.385215750260178818e+26 -1.340537670107735137e+26
-1.075528228698042449e+26 -1.273115373895147311e+26 -1.326767713368410221e+26
-1.143269860397785186e+26 -1.298832065757811437e+26 -1.397352969724811576e+26
-1.276028928523546439e+26 -1.058710201073273305e+26 -1.323831779541930164e+26
-1.389967693734860922e+26 -1.075472903463290147e+26 -1.380016214788264746e+26
-1.284039877874558984e+26 -1.199038460411991418e+26 -1.344677580684099255e+26
-1.100135020816757536e+26 -1.327587868791068764e+26 -1.316819898663941333e+26
-1.096645834642753424e+26 -1.242396971439545238e+26 -1.395894966978760248e+26
-1.159503015515444131e+26 -1.384303064688184831e+26 -1.372078357424951292e+26
-1.189104125457892614e+26 -1.300929683663369647e+26 -1.332632730656427947e+26
-1.070160837187095216e+26 -1.358904081099888784e+26 -1.251270584636141589e+26
-1.266593103264575177e+26 -1.092383220168833658e+26 -1.377549850376162688e+26
-1.313916107312263028e+26 -1.054574067237698287e+26 -1.396587436420269179e+26
-1.376561871056945714e+26 -1.209254745137241272e+26 -1.368012254006350423e+26
-1.120430382077947712e+26 -1.340368439977904221e+26 -1.350641456171179033e+26
-1.103116355888894907e+26 -1.257619848396093535e+26 -1.282044432860776502e+26
-1.306074950584390633e+26 -1.057994106912785127e+26 -1.372620118837733710e+26
-1.199583556606534583e+26 -1.401433517168026488e+26 -1.275804734761804663e+26
-1.389858369142441547e+26 -1.091163453428203081e+26 -1.327760192634099351e+26
-1.097901681311349018e+26 -1.354567800091532862e+26 -1.288708471894270849e+26
-1.350226577177676261e+26 -1.142187663449305753e+26 -1.347196345365746834e+26
-1.264046495164130725e+26 -1.105642874942588307e+26 -1.335131104955623216e+26
-1.169303296260573088e+26 -1.226305524457668322e+26 -1.343329364578542382e+26
-1.141453187811040266e+26 -1.351798042859777677e+26 -1.380587173621595063e+26
-1.236144978843961967e+26 -1.118746638713554515e+26 -1.396783184091811393e+26
-1.105441763495563444e+26 -1.343957950851383052e+26 -1.395402222840050252e+26
-1.276286811616689888e+26 -1.066162232965577887e+26 -1.397504521493501511e+26
-1.289858609998862346e+26 -1.183413943143749357e+26 -1.364440160336404769e+26
-1.074809844386224737e+26 -1.392169613971150744e+26 -1.242775690148896254e+26
-1.120946268798514804e+26 -1.355703172746762330e+26 -1.336807314927484597e+26
-1.093622955421934921e+26 -1.273968394998290660e+26 -1.350308661022701109e+26
-1.101459371134774084e+26 -1.237835231059502322e+26 -1.323058150351547061e+26
-1.118459767125949513e+26 -1.318400986999436478e+26 -1.347383133322438192e+26
-1.153185211202704164e+26 -1.254005507460830421e+26 -1.389685161381354082e+26
-1.219678549715429680e+26 -1.281938362693930964e+26 -1.399796420570189440e+26
-1.081858206973113482e+26 -1.248893045953154059e+26 -1.366942512266856587e+26
-1.232329466194533635e+26 -1.201053351623028807e+26 -1.380628697681229639e+26
-1.192318352849014814e+26 -1.392340290512347599e+26 -1.376419279003106635e+26
-1.110874223428937418e+26 -1.397411248049436456e+26 -1.268961079561309161e+26
-1.260621694384963755e+26 -1.069840637870930156e+26 -1.370696431898946019e+26
-1.124000004795142940e+26 -1.359674415686604767e+26 -1.318528652891539534e+26
-1.075721445149694226e+26 -1.323942148764780581e+26 -1.250478192276093007e+26
-1.123131876728842846e+26 -1.327832272133842129e+26 -1.358631573180710571e+26
-1.228160547034660892e+26 -1.095338580103521894e+26 -1.347509915296484027e+26
-1.347004936928302783e+26 -1.116277373443101680e+26 -1.332201278199355592e+26
-1.394711681947029413e+26 -1.123125890192910952e+26 -1.369091276885443102e+26
-1.293198273397898252e+26 -1.063286526101257530e+26 -1.399644426842470980e+26
-1.075021261514232930e+26 -1.340257066302716217e+26 -1.338483163296504536e+26
-1.303236930771775396e+26 -1.176780640351783933e+26 -1.348121405790539507e+26
-1.335346258646326881e+26 -1.076288800008037609e+26 -1.350779226853797798e+26
-1.105631544720220663e+26 -1.382978513479700662e+26 -1.365987037025282806e+26
-1.202954538829455374e+26 -1.399095152126203474e+26 -1.345781996118285451e+26
-1.082025629088736672e+26 -1.327367070078227918e+26 -1.289184461767990369e+26
-1.123310367909225877e+26 -1.289717223287828303e+26 -1.380349359486156109e+26
-1.131802670909440419e+26 -1.397679838604498131e+26 -1.295771720464802161e+26
-1.366348840757269354e+26 -1.056637453407592833e+26 -1.392355598365971964e+26
-1.068457085132138050e+26 -1.380519373088810264e+26 -1.276645340834055871e+26
-1.385748511780016923e+26 -1.193215007361701552e+26 -1.335509220993571543e+26
-1.144817600915673544e+26 -1.332994755367928842e+26 -1.373088555229874858e+26
-1.209028321491310146e+26 -1.290926724525569178e+26 -1.303518217604383572e+26
-1.349266160030601799e+26 -1.173546102934396334e+26 -1.322783814329114567e+26
-1.236647847862234399e+26 -1.133759062816338751e+26 -1.323240157115111560e+26
-1.093835698427028687e+26 -1.250032637308201152e+26 -1.233972890842097463e+26
-1.137954680319343685e+26 -1.320702006503349257e+26 -1.393442697041858622e+26
-1.269352896329141748e+26 -1.110602016845460635e+26 -1.398671715198784743e+26
-1.051803345731698970e+26 -1.311260616578427897e+26 -1.273790486400263248e+26
-1.117847151645275909e+26 -1.256051576872425601e+26 -1.380392992895699498e+26
-1.109412897954553345e+26 -1.317775060516385853e+26 -1.357712744378220145e+26
-1.317461743707637566e+26 -1.061638581418174818e+26 -1.319738756800682927e+26
-1.229465812758263977e+26 -1.051492246753712031e+26 -1.386856221817870240e+26
-1.161107206254702917e+26 -1.389030057566802114e+26 -1.322271784705523657e+26
-1.071350872138534286e+26 -1.269890479220200168e+26 -1.265663221468562190e+26
-1.132653160792693160e+26 -1.245161184094397225e+26 -1.314298803652870765e+26
-1.178622886295042920e+26 -1.248024958064947421e+26 -1.237310424802177657e+26
-1.172365951793958797e+26 -1.367191174487541204e+26 -1.376188576390217529e+26
-1.139116570516284623e+26 -1.376284642211780997e+26 -1.355027457570243875e+26
-1.083355544072703490e+26 -1.276829396680389171e+26 -1.303815575674392796e+26
-1.370280227028357674e+26 -1.140862750637979970e+26 -1.388407618542267332e+26
-1.337571200930193433e+26 -1.221081086603401439e+26 -1.345810321674204475e+26
-1.363630832909944819e+26 -1.172239270265146600e+26 -1.349197937627835204e+26
-1.134649811149280677e+26 -1.294088700306092020e+26 -1.393940383086069298e+26
-1.319870380234995805e+26 -1.184628265752710374e+26 -1.386175564735850933e+26
-1.245600652081123376e+26 -1.091406571071984328e+26 -1.386653965295180524e+26
-1.108694381055027093e+26 -1.330606971271098167e+26 -1.290051042977690713e+26
-1.291874485573190594e+26 -1.069229709870183739e+26 -1.359823637125871542e+26
-1.199119740695146129e+26 -1.365943524150020128e+26 -1.370835407924369820e+26
-1.092316484355526629e+26 -1.371850547634794238e+26 -1.260631638463105470e+26
-1.191957473213178943e+26 -1.400045082790874057e+26 -1.320277545034546211e+26
-1.157544333457216094e+26 -1.309179953828327440e+26 -1.323612849110437227e+26
-1.398291550078067787e+26 -1.055746986321305438e+26 -1.352441997253382722e+26
-1.121487949855110310e+26 -1.340562781416173951e+26 -1.328094353837756475e+26
-1.062449656591701966e+26 -1.238338461680616368e+26 -1.356210260464852559e+26
-1.115055698243029567e+26 -1.308988123520901591e+26 -1.380387086715954686e+26
-1.109566988978752615e+26 -1.391249455273765296e+26 -1.399581387413766141e+26
-1.254814413017308574e+26 -1.113647194908172813e+26 -1.375929789289970476e+26
-1.272168697656050393e+26 -1.079281545658729535e+26 -1.398093632789476406e+26
-1.063339561184680299e+26 -1.368752937160061809e+26 -1.325011528901432804e+26
-1.153775467574343740e+26 -1.251974986971420681e+26 -1.230669347549119857e+26
-1.250871495633385161e+26 -1.054325766619855112e+26 -1.359532426304168378e+26
-1.113764113160264015e+26 -1.397834725154948642e+26 -1.301709721259666442e+26
-1.086388608440224785e+26 -1.243725982416408279e+26 -1.302304196331123814e+26
-1.074035532168252034e+26 -1.248096434893287682e+26 -1.393955449871132587e+26
-1.117946411625273030e+26 -1.322467652911346410e+26 -1.381618726083215070e+26
-1.095395291482500125e+26 -1.300785705465304812e+26 -1.317982933936547124e+26
-1.329690910739249978e+26 -1.118215444139363058e+26 -1.393851790389897120e+26
-1.173566714296362992e+26 -1.390395469896377815e+26 -1.345539842748748163e+26
-1.110292002675998366e+26 -1.261706442642380524e+26 -1.341617536726791409e+26
-1.258572310280654727e+26 -1.084177286530055582e+26 -1.373059205132571691e+26
-1.134016965998528928e+26 -1.383606818505886800e+26 -1.295045019287629394e+26
-1.117580951686777749e+26 -1.390632440291853346e+26 -1.345587092186706659e+26
-1.369436487064813339e+26 -1.091273019089183360e+26 -1.367707543345230276e+26
-1.381614909164332515e+26 -1.135979545331826603e+26 -1.338551626767832035e+26
-1.126573291149672855e+26 -1.262554883442864636e+26 -1.359151176374926752e+26
-1.101968749004194018e+26 -1.289995235605816258e+26 -1.337843728938418374e+26
-1.094764053455488480e+26 -1.236834434928458137e+26 -1.379337413934165174e+26
-1.169543521081622284e+26 -1.350392914484774953e+26 -1.358505956371376316e+26
-1.126362597227347719e+26 -1.353359624730877561e+26 -1.365776102034396765e+26
-1.282792589139879349e+26 -1.062971208423452966e+26 -1.382945728155402938e+26
-1.116622282286770486e+26 -1.335436116952444450e+26 -1.372222275355875773e+26
-1.142431986435892036e+26 -1.310942044475049669e+26 -1.400220460169010689e+26
-1.334492875940342090e+26 -1.108257504555331734e+26 -1.343869358155210874e+26
-1.094977158063423688e+26 -1.388977143017659711e+26 -1.230407667626140580e+26
-1.316279664018711938e+26 -1.135622884395808356e+26 -1.386283925054026004e+26
-1.148160860254078001e+26 -1.298952318791663215e+26 -1.397488942437746151e+26
-1.129287542345254846e+26 -1.372782880294510751e+26 -1.313348812721059999e+26
-1.057403247869743033e+26 -1.358799095741567743e+26 -1.269976540696481565e+26
-1.284263468964898242e+26 -1.078035462266854936e+26 -1.372940900736254732e+26
-1.115493659551249424e+26 -1.374014258504163675e+26 -1.277150258935096933e+26
-1.399551253843639563e+26 -1.111614022664591926e+26 -1.393199097260955394e+26
-1.284669850291625238e+26 -1.074849500164511233e+26 -1.322789539707438658e+26
-1.289517127772596300e+26 -1.057997809037114952e+26 -1.400069878414292350e+26
-1.203411002149732905e+26 -1.243616175686866925e+26 -1.242676610970320026e+26
-1.063501920860522443e+26 -1.292309493791538045e+26 -1.298802675482414643e+26
-1.122027461294656650e+26 -1.389200734107998970e+26 -1.328561504530905505e+26
-1.064845998622448601e+26 -1.289499960247215653e+26 -1.340979548780071359e+26
-1.093169867061511593e+26 -1.363157374256115908e+26 -1.280283788625420384e+26
-1.120187987639849520e+26 -1.358160203787743916e+26 -1.312640613555945079e+26
-1.334572066962634716e+26 -1.080800036524548365e+26 -1.371985546028961317e+26
-1.106610644680773692e+26 -1.338806978641084703e+26 -1.349691706307929343e+26
-1.325277306989949339e+26 -1.093549791113667645e+26 -1.353690611865147931e+26
-1.108931954121904971e+26 -1.357066294925008670e+26 -1.337088641938186229e+26
-1.099403538446458082e+26 -1.339849901503165810e+26 -1.321193063162132237e+26
-1.271021331839910580e+26 -1.188809117806353278e+26 -1.370326994329194189e+26
-1.271243958656005879e+26 -1.089638453711236749e+26 -1.390292051483703424e+26
-1.125205528401627095e+26 -1.335537426015210029e+26 -1.338653900104841746e+26
-1.100146752820060077e+26 -1.298705524852326506e+26 -1.354552431970768315e+26
-1.119297058505486701e+26 -1.322619315169793519e+26 -1.358950878534295391e+26
-1.159350419116322982e+26 -1.369553405316904541e+26 -1.387178289415383209e+26
-1.094064472491429701e+26 -1.265257020943255915e+26 -1.320873345983089156e+26
-1.107874808214724169e+26 -1.228572051068309462e+26 -1.387719126732015122e+26
-1.111599196948089542e+26 -1.279455356515500242e+26 -1.370800211914462024e+26
-1.143547772270539331e+26 -1.258078360799139695e+26 -1.400278678226495214e+26
-1.127057200125621638e+26 -1.326499211205154182e+26 -1.356783461235800400e+26
-1.354614024988107043e+26 -1.132560108328142281e+26 -1.338651670220652224e+26
-1.147838189985162514e+26 -1.331141299736582750e+26 -1.391825488600305177e+26
-1.067836333587530456e+26 -1.331161308427146891e+26 -1.230743717200192340e+26
-1.093435042478625610e+26 -1.301232284974580810e+26 -1.375871450698205241e+26
-1.122612263490103302e+26 -1.350656553089812585e+26 -1.330048083945960468e+26
-1.109477070405494863e+26 -1.243169475643310388e+26 -1.386257045909473092e+26
-1.134293029678981892e+26 -1.341113944502835921e+26 -1.318479173569391689e+26
-1.115019718760298533e+26 -1.324731166164975132e+26 -1.306326666340181294e+26
-1.072557540820683293e+26 -1.269231759377232921e+26 -1.342413786183816173e+26
-1.080041634831602372e+26 -1.232758447698855736e+26 -1.380793347508401316e+26
-1.304107027564657036e+26 -1.080026929649380697e+26 -1.364276655584897944e+26
-1.100320563252550231e+26 -1.342374250939810215e+26 -1.303985287941345692e+26
-1.133435247471758584e+26 -1.301058896412072625e+26 -1.386840311292843358e+26
-1.162886292234976526e+26 -1.377209662458480214e+26 -1.368705527009729321e+26
-1.113347064549712076e+26 -1.327416669934656301e+26 -1.322743796947986457e+26
-1.284763927297560603e+26 -1.054320583645793356e+26 -1.366386246562319772e+26
-1.160859387773981893e+26 -1.361273182383240892e+26 -1.370162826639144492e+26
-1.095542343304717904e+26 -1.313004506548793711e+26 -1.355762716681332429e+26
-1.089984628164850946e+26 -1.276653778233691464e+26 -1.343733757089641276e+26
-1.114951375823251399e+26 -1.316626561678009190e+26 -1.334647883025073139e+26
-1.078264658201237747e+26 -1.266552583657278360e+26 -1.273741911085219179e+26
-1.292216501594127349e+26 -1.063424176249595928e+26 -1.378272192230190393e+26
-1.063846046231368010e+26 -1.388079162627887572e+26 -1.265191811897501909e+26
-1.284920260259377226e+26 -1.080426139186417663e+26 -1.400158385014549981e+26
-1.254085301154525736e+26 -1.065857040167335760e+26 -1.381781005402870132e+26
-1.067287299939824026e+26 -1.261941605023648502e+26 -1.330173771066958441e+26
-1.159754389757440079e+26 -1.299573311404831885e+26 -1.396731113282632756e+26
-1.311305937467898301e+26 -1.169280575548697617e+26 -1.348916731151413766e+26
-1.272498358913235361e+26 -1.052171216355804323e+26 -1.400938000740864979e+26
-1.123511871092662446e+26 -1.323075296352949070e+26 -1.347519618306064839e+26
-1.345369286741831674e+26 -1.117708235886992463e+26 -1.320362280633742207e+26
-1.142341947328353746e+26 -1.299535644442173492e+26 -1.386776669192736001e+26
-1.081975727896607202e+26 -1.308786409402474210e+26 -1.307885295121408772e+26
-1.114270899542652813e+26 -1.321794830557560006e+26 -1.364305252342947964e+26
-1.140330350720983478e+26 -1.293042462751297065e+26 -1.400912367117210557e+26
-1.264331197134686732e+26 -1.091460329361090153e+26 -1.401347214623184015e+26
-1.284437279397388396e+26 -1.177342089030382505e+26 -1.350447275445283296e+26
-1.137994878501892687e+26 -1.326072592172730143e+26 -1.381059005062637141e+26
-1.265849808534786100e+26 -1.072815122578125311e+26 -1.391476300789678219e+26
-1.107469571963661853e+26 -1.363567190809837462e+26 -1.311886430562816882e+26
-1.254722806964123635e+26 -1.070801597422266952e+26 -1.361022591614068184e+26
-1.137077220890827757e+26 -1.312216091820001678e+26 -1.400699041529761173e+26
-1.243633050486137767e+26 -1.081716097056396554e+26 -1.391054189739345062e+26
-1.071239739531907357e+26 -1.366266917624618498e+26 -1.260801471264338903e+26
-1.250477589604690318e+26 -1.051634115601868054e+26 -1.370252865746682782e+26
-1.127535355598580877e+26 -1.292250512350276836e+26 -1.394017083066564770e+26
-1.249616854307594603e+26 -1.118542333108096342e+26 -1.385322423098427046e+26
-1.076838436327146385e+26 -1.303824254142589293e+26 -1.291584239025731389e+26
-1.111042328572150208e+26 -1.376423618237204969e+26 -1.300847539551204615e+26
-1.281618946850589142e+26 -1.095966021300697711e+26 -1.395341955699797098e+26
-1.131500853071052495e+26 -1.332592773542440192e+26 -1.371447360466500551e+26
-1.065186025827756910e+26 -1.349091987995270032e+26 -1.255465298132042746e+26
-1.283549664955739597e+26 -1.051671842831666459e+26 -1.392068606244086424e+26
-1.258889677041227920e+26 -1.054129295742629842e+26 -1.397619691998525343e+26
-1.091133801995198483e+26 -1.354820259142053479e+26 -1.274120629794570196e+26
-1.295234700067052803e+26 -1.054256338874283480e+26 -1.399558124297628335e+26
-1.063779390774247892e+26 -1.241367126546899145e+26 -1.366120950610925388e+26
-1.121691893857727042e+26 -1.330378237384790608e+26 -1.363954025494075913e+26
-1.183528390443089961e+26 -1.398390749790924554e+26 -1.376909009784803870e+26
-1.290774248660728738e+26 -1.072992549039030572e+26 -1.398625912172192360e+26
-1.089240811119846433e+26 -1.330393866663162959e+26 -1.291989957413915685e+26
-1.275519309585565773e+26 -1.080235936091778647e+26 -1.377684647879862147e+26
-1.236038306005713739e+26 -1.110184968234908696e+26 -1.394715297975444691e+26
-1.302724619901529955e+26 -1.061761285315730294e+26 -1.401252956815828100e+26
-1.116992623863626265e+26 -1.309171154825850577e+26 -1.347887850533011805e+26
-1.261097955460814442e+26 -1.083725825382419086e+26 -1.370042021156507015e+26
-1.068521088835086850e+26 -1.399852227942063894e+26 -1.245100193748461015e+26
-1.126322579846219609e+26 -1.337325793135082653e+26 -1.356631768843783199e+26
-1.280444099218493727e+26 -1.065534128829859198e+26 -1.390641600897171823e+26
-1.106541096400921523e+26 -1.256131250031840378e+26 -1.290344061813601602e+26
-1.086025318118778671e+26 -1.271676556188743086e+26 -1.337178018107181818e+26
-1.133843497079833488e+26 -1.371727241065836244e+26 -1.357077926483077401e+26
-1.088996849736101592e+26 -1.354154066173694943e+26 -1.290822221304370289e+26
-1.128118781694325136e+26 -1.301216133380993024e+26 -1.396428813307122680e+26
-1.123992049532629499e+26 -1.356567765140834400e+26 -1.301552424023605688e+26
-1.151396482479990099e+26 -1.291791316919641247e+26 -1.393558651019705692e+26
-1.112657769177589727e+26 -1.337573491081523138e+26 -1.351731045888862845e+26
-1.170456929859299326e+26 -1.381603699476245409e+26 -1.372432728209640006e+26
-1.071682582478487711e+26 -1.299326999602617156e+26 -1.304924852657892590e+26
-1.265333801279938470e+26 -1.070426976878453193e+26 -1.377672594451811620e+26
-1.119456043221474643e+26 -1.399707044401194023e+26 -1.305952166330648246e+26
-1.265891995532963205e+26 -1.085554511219120907e+26 -1.384549075154698302e+26
-1.117234958034584445e+26 -1.319276447567800939e+26 -1.356202546270900022e+26
-1.262871105127772976e+26 -1.062262165518374452e+26 -1.397139061555006401e+26
-1.164839309182020827e+26 -1.370474528288533949e+26 -1.371733267779861593e+26
-1.241692810172827221e+26 -1.124911846627173333e+26 -1.397147920824623619e+26
