-1.116790126272375645e+26 -1.317075841155168517e+26 -1.381126070336310882e+26
-1.267383052796538957e+26 -1.090468525087371726e+26 -1.381498135553377855e+26
-1.075721445149694226e+26 -1.323942148764780581e+26 -1.250478192276093007e+26
-1.363630832909944819e+26 -1.172239270265146600e+26 -1.349197937627835204e+26
-1.133463392226256715e+26 -1.387125073530539547e+26 -1.295226694581922543e+26
-1.132653160792693160e+26 -1.245161184094397225e+26 -1.314298803652870765e+26
-1.334959162804480799e+26 -1.078544418266292901e+26 -1.361382386441379557e+26
-1.123961699000798022e+26 -1.343650335314102851e+26 -1.330026237107618510e+26
-1.323383134878648257e+26 -1.220101022368604451e+26 -1.382586294930933006e+26
-1.069362418113021113e+26 -1.242866211393556524e+26 -1.363091241114211569e+26
-1.164003765549550837e+26 -1.374003115779565719e+26 -1.372876736320931768e+26
-1.389967693734860922e+26 -1.075472903463290147e+26 -1.380016214788264746e+26
-1.209028321491310146e+26 -1.290926724525569178e+26 -1.303518217604383572e+26
-1.142290023838851341e+26 -1.296902198088973198e+26 -1.398539435522277960e+26
-1.271021331839910580e+26 -1.188809117806353278e+26 -1.370326994329194189e+26
-1.276066264016933310e+26 -1.070338233514430386e+26 -1.396298500683110417e+26
-1.071261266954405795e+26 -1.360982526019227893e+26 -1.259629106638422089e+26
-1.083355544072703490e+26 -1.276829396680389171e+26 -1.303815575674392796e+26
-1.124879861212191827e+26 -1.327535440031602432e+26 -1.358042984199951455e+26
-1.288051499798370972e+26 -1.181389991772626958e+26 -1.359775865372697611e+26
-1.153775467574343740e+26 -1.251974986971420681e+26 -1.230669347549119857e+26
-1.135601188225317200e+26 -1.373246374781151219e+26 -1.356394436845466226e+26
-1.276028928523546439e+26 -1.058710201073273305e+26 -1.323831779541930164e+26
-1.260256073734094480e+26 -1.083876312431631251e+26 -1.371047749148528689e+26
-1.096645834642753424e+26 -1.242396971439545238e+26 -1.395894966978760248e+26
-1.353151542384630116e+26 -1.135769293368530162e+26 -1.341499895269017151e+26
-1.214610565357260128e+26 -1.239069662804261290e+26 -1.236392074118999935e+26
-1.115493659551249424e+26 -1.374014258504163675e+26 -1.277150258935096933e+26
-1.304594146770276752e+26 -1.056520695867875624e+26 -1.399306930857053281e+26
-1.091803791793392847e+26 -1.275311086615991062e+26 -1.347021209056171107e+26
-1.119972934394379321e+26 -1.359300699149894957e+26 -1.312629564580231966e+26
-1.191957473213178943e+26 -1.400045082790874057e+26 -1.320277545034546211e+26
-1.228160547034660892e+26 -1.095338580103521894e+26 -1.347509915296484027e+26
-1.316279664018711938e+26 -1.135622884395808356e+26 -1.386283925054026004e+26
-1.093835698427028687e+26 -1.250032637308201152e+26 -1.233972890842097463e+26
-1.306074950584390633e+26 -1.057994106912785127e+26 -1.372620118837733710e+26
-1.219678549715429680e+26 -1.281938362693930964e+26 -1.399796420570189440e+26
-1.189104125457892614e+26 -1.300929683663369647e+26 -1.332632730656427947e+26
-1.252215633662451503e+26 -1.116094764008134491e+26 -1.380626106194198675e+26
-1.105631544720220663e+26 -1.382978513479700662e+26 -1.365987037025282806e+26
-1.075021261514232930e+26 -1.340257066302716217e+26 -1.338483163296504536e+26
-1.072713592535845384e+26 -1.394730485294788346e+26 -1.243550524682084565e+26
-1.084430689765773259e+26 -1.328376002273206265e+26 -1.290119626983298750e+26
-1.119406644255513880e+26 -1.286296601030385673e+26 -1.377166310295591357e+26
-1.148366491736621748e+26 -1.256041934129985144e+26 -1.394981919803924648e+26
-1.370280227028357674e+26 -1.140862750637979970e+26 -1.388407618542267332e+26
-1.075960062847003145e+26 -1.267665215511585629e+26 -1.271049014546333459e+26
-1.138104444162872966e+26 -1.330553373694366335e+26 -1.375198306919670850e+26
-1.366348840757269354e+26 -1.056637453407592833e+26 -1.392355598365971964e+26
-1.250674542619037740e+26 -1.052979941110861583e+26 -1.364892646025425580e+26
-1.138148173999840544e+26 -1.311961282351011345e+26 -1.400603325257610973e+26
-1.093820776283101941e+26 -1.356253459950985977e+26 -1.284528716702580445e+26
-1.125487518350871599e+26 -1.388349641553343711e+26 -1.338228755608449100e+26
-1.088685509689553749e+26 -1.304786057433889511e+26 -1.312934114528977948e+26
-1.114011725010789782e+26 -1.376071141562638528e+26 -1.296714901209764338e+26
-1.237958698340834309e+26 -1.117947817858545515e+26 -1.396215467630626568e+26
-1.119830528164222731e+26 -1.318583947992721745e+26 -1.345348343910593837e+26
-1.376561871056945714e+26 -1.209254745137241272e+26 -1.368012254006350423e+26
-1.114186497421632978e+26 -1.320357129802155181e+26 -1.360346755903269191e+26
-1.111937496495377380e+26 -1.338450478417440450e+26 -1.350869667742271157e+26
-1.199119740695146129e+26 -1.365943524150020128e+26 -1.370835407924369820e+26
-1.169303296260573088e+26 -1.226305524457668322e+26 -1.343329364578542382e+26
-1.399551253843639563e+26 -1.111614022664591926e+26 -1.393199097260955394e+26
-1.199583556606534583e+26 -1.401433517168026488e+26 -1.275804734761804663e+26
-1.071791023152849865e+26 -1.268096246098676187e+26 -1.333118423539728278e+26
-1.385748511780016923e+26 -1.193215007361701552e+26 -1.335509220993571543e+26
-1.236647847862234399e+26 -1.133759062816338751e+26 -1.323240157115111560e+26
-1.101839966735064464e+26 -1.333179190036286322e+26 -1.317082129600774399e+26
-1.284039877874558984e+26 -1.199038460411991418e+26 -1.344677580684099255e+26
-1.264046495164130725e+26 -1.105642874942588307e+26 -1.335131104955623216e+26
-1.115057124565348951e+26 -1.251757543129387139e+26 -1.382347677233623915e+26
-1.329885091465145714e+26 -1.100903647834499776e+26 -1.348779985010179488e+26
-1.398291550078067787e+26 -1.055746986321305438e+26 -1.352441997253382722e+26
-1.117558733201071157e+26 -1.399082937985778953e+26 -1.304538017973654311e+26
-1.110874223428937418e+26 -1.397411248049436456e+26 -1.268961079561309161e+26
-1.389858369142441547e+26 -1.091163453428203081e+26 -1.327760192634099351e+26
-1.104828726144908215e+26 -1.256875549213966871e+26 -1.286194247337189052e+26
-1.306464533450224592e+26 -1.173780614430549441e+26 -1.348439535934889211e+26
-1.264256007850506831e+26 -1.057637566511047418e+26 -1.396824744311729976e+26
-1.337571200930193433e+26 -1.221081086603401439e+26 -1.345810321674204475e+26
-1.173566714296362992e+26 -1.390395469896377815e+26 -1.345539842748748163e+26
-1.099219281709657333e+26 -1.300568422335645434e+26 -1.349386292530173039e+26
-1.284763927297560603e+26 -1.054320583645793356e+26 -1.366386246562319772e+26
-1.232329466194533635e+26 -1.201053351623028807e+26 -1.380628697681229639e+26
-1.105441763495563444e+26 -1.343957950851383052e+26 -1.395402222840050252e+26
-1.244616851283630571e+26 -1.086561334064190441e+26 -1.388854077517262793e+26
-1.319870380234995805e+26 -1.184628265752710374e+26 -1.386175564735850933e+26
-1.187923371646052388e+26 -1.395365520151635990e+26 -1.376664144393955253e+26
-1.317461743707637566e+26 -1.061638581418174818e+26 -1.319738756800682927e+26
-1.109566988978752615e+26 -1.391249455273765296e+26 -1.399581387413766141e+26
-1.114939111460209887e+26 -1.356384733835885414e+26 -1.336947978432835413e+26
-1.110802826956784240e+26 -1.328648369569057212e+26 -1.295476250765187573e+26
-1.150832412180790643e+26 -1.298361535082546436e+26 -1.395430759330960089e+26
-1.381614909164332515e+26 -1.135979545331826603e+26 -1.338551626767832035e+26
-1.157544333457216094e+26 -1.309179953828327440e+26 -1.323612849110437227e+26
-1.279891389275232007e+26 -1.079135699179316791e+26 -1.375312774308058526e+26
-1.346187111835067228e+26 -1.116992804665047158e+26 -1.326281779416548985e+26
-1.063339561184680299e+26 -1.368752937160061809e+26 -1.325011528901432804e+26
-1.051803345731698970e+26 -1.311260616578427897e+26 -1.273790486400263248e+26
-1.077881660524928751e+26 -1.300017580673731451e+26 -1.298189075638450351e+26
-1.066151565681753116e+26 -1.384299267858348832e+26 -1.270918576365778890e+26
-1.169543521081622284e+26 -1.350392914484774953e+26 -1.358505956371376316e+26
-1.369436487064813339e+26 -1.091273019089183360e+26 -1.367707543345230276e+26
-1.090044895305104100e+26 -1.268466788565999587e+26 -1.329025682045135573e+26
-1.094977158063423688e+26 -1.388977143017659711e+26 -1.230407667626140580e+26
-1.064845998622448601e+26 -1.289499960247215653e+26 -1.340979548780071359e+26
-1.101459371134774084e+26 -1.237835231059502322e+26 -1.323058150351547061e+26
-1.131727306850553885e+26 -1.296637548335249357e+26 -1.391648122406539927e+26
-1.074035532168252034e+26 -1.248096434893287682e+26 -1.393955449871132587e+26
-1.271767680104805874e+26 -1.099342789169082776e+26 -1.398453628507255228e+26
-1.229465812758263977e+26 -1.051492246753712031e+26 -1.386856221817870240e+26
-1.394711681947029413e+26 -1.123125890192910952e+26 -1.369091276885443102e+26
-1.126727575028720849e+26 -1.249814771596185984e+26 -1.238055085587145935e+26
-1.067836333587530456e+26 -1.331161308427146891e+26 -1.230743717200192340e+26
-1.066228808066510751e+26 -1.294648662395231024e+26 -1.300843401207573902e+26
-1.349266160030601799e+26 -1.173546102934396334e+26 -1.322783814329114567e+26
-1.289075197442711349e+26 -1.063273186974214884e+26 -1.379830037538594632e+26
-1.129287542345254846e+26 -1.372782880294510751e+26 -1.313348812721059999e+26
-1.259077059633703070e+26 -1.069353378041983175e+26 -1.372373811053328429e+26
-1.136422990949809474e+26 -1.352318570150144190e+26 -1.375650149759195687e+26
-1.093435042478625610e+26 -1.301232284974580810e+26 -1.375871450698205241e+26
-1.086388608440224785e+26 -1.243725982416408279e+26 -1.302304196331123814e+26
-1.202954538829455374e+26 -1.399095152126203474e+26 -1.345781996118285451e+26
-1.126573291149672855e+26 -1.262554883442864636e+26 -1.359151176374926752e+26
-1.297990756568923901e+26 -1.074628319759782218e+26 -1.362050146355384743e+26
-1.116622282286770486e+26 -1.335436116952444450e+26 -1.372222275355875773e+26
-1.284669850291625238e+26 -1.074849500164511233e+26 -1.322789539707438658e+26
-1.178622886295042920e+26 -1.248024958064947421e+26 -1.237310424802177657e+26
-1.110292002675998366e+26 -1.261706442642380524e+26 -1.341617536726791409e+26
-1.094226832167271674e+26 -1.232721644565207835e+26 -1.382616629391527204e+26
-1.161107206254702917e+26 -1.389030057566802114e+26 -1.322271784705523657e+26
-1.290650072523032787e+26 -1.059289351071923403e+26 -1.399193637242968640e+26
-1.327219536118888331e+26 -1.116859011613684942e+26 -1.382415015718333633e+26
-1.141249183541283352e+26 -1.324181770914427088e+26 -1.392903627561340807e+26
