-1.285866420364503657e+26 -1.062631555183476341e+26 -1.393158025977528390e+26
-1.112220976800777734e+26 -1.348182639716167591e+26 -1.327233032191608687e+26
-1.101625885225484221e+26 -1.246836787377046811e+26 -1.372594356644180197e+26
-1.347833276319545429e+26 -1.133963043906426377e+26 -1.351614427427161707e+26
-1.195246009988233443e+26 -1.243441786689830429e+26 -1.235431198941659498e+26
-1.097097838194652255e+26 -1.255551395768608494e+26 -1.270813940556871461e+26
-1.142594964642910403e+26 -1.298366338215026809e+26 -1.395149275308498208e+26
-1.073654137597873865e+26 -1.379758777671959271e+26 -1.254557662946401975e+26
-1.161927537456520756e+26 -1.377144237455473799e+26 -1.364287840161676555e+26
-1.381093314284624241e+26 -1.078642877554283703e+26 -1.375666680174807997e+26
-1.288611353715719680e+26 -1.184619299856614226e+26 -1.354347208450404758e+26
-1.190761845471124323e+26 -1.298578554041241052e+26 -1.319182949126412087e+26
-1.123343753284615706e+26 -1.384228820812013883e+26 -1.295138040308454975e+26
-1.332398808056330995e+26 -1.214942094895792833e+26 -1.375812165051379127e+26
-1.297149330863565104e+26 -1.070656341560828723e+26 -1.336538330627106578e+26
-1.084555734037275260e+26 -1.335676982111858822e+26 -1.276602792233037324e+26
-1.081416823125718307e+26 -1.281714752571863191e+26 -1.320649634358469360e+26
-1.254497327503389912e+26 -1.088828865127169167e+26 -1.374878460074962433e+26
-1.118817014296877469e+26 -1.325025472526155099e+26 -1.360914868666558035e+26
