-1.121385482323982118e+26 -1.358880543433445414e+26 -1.323194441141055053e+26
-1.293827511448700012e+26 -1.060926947026065340e+26 -1.389163319374483263e+26
-1.114202366532317278e+26 -1.312168870197646397e+26 -1.379955124306156965e+26
-1.324272744162639246e+26 -1.217226631336846303e+26 -1.379820736309948889e+26
-1.106760559192153431e+26 -1.245713411900537137e+26 -1.307501303037285724e+26
-1.384671871770931101e+26 -1.078476942248878649e+26 -1.375949844339873020e+26
-1.214610565357260128e+26 -1.239069662804261290e+26 -1.236392074118999935e+26
-1.191655494662417025e+26 -1.385558188151097369e+26 -1.374721232237426832e+26
-1.069038439186203134e+26 -1.344586812631150444e+26 -1.252744856640197594e+26
-1.258156943410302167e+26 -1.095846881774008613e+26 -1.383654515642601457e+26
-1.075292441730048438e+26 -1.296226386728533896e+26 -1.300398845213188926e+26
-1.119841906230241130e+26 -1.326217958629657332e+26 -1.356799207876498479e+26
-1.295326981842719333e+26 -1.182744402609691184e+26 -1.350505274349530605e+26
-1.138050645695673514e+26 -1.252174571650892351e+26 -1.375538394392119514e+26
-1.328629606399391563e+26 -1.104033862832109036e+26 -1.367348385627687239e+26
-1.141078072346165811e+26 -1.301953459837620147e+26 -1.395915560077956967e+26
-1.190761845471124323e+26 -1.298578554041241052e+26 -1.319182949126412087e+26
-1.085658465339708666e+26 -1.240047383316937357e+26 -1.379247897141842491e+26
-1.185833897840046893e+26 -1.395999855909656755e+26 -1.321935180673781561e+26
-1.355573959998059524e+26 -1.129545505794585205e+26 -1.335935811901330129e+26
-1.085617719395818465e+26 -1.273304612715542195e+26 -1.337188986726707848e+26
-1.285814704976921341e+26 -1.064578030827836171e+26 -1.322802195806891875e+26
-1.153041976299369112e+26 -1.249938238877517972e+26 -1.235344952646147759e+26
-1.086444656880660315e+26 -1.260113461591208845e+26 -1.260522876363995329e+26
-1.076819650198570361e+26 -1.387659668893359571e+26 -1.251932576123865410e+26
-1.106834617463001120e+26 -1.332765268142368136e+26 -1.323277532786591886e+26
-1.118484898523435055e+26 -1.385805283426135337e+26 -1.291975479907557153e+26
-1.251675399017222107e+26 -1.194931234714691043e+26 -1.375477846005212000e+26
-1.125349973670028950e+26 -1.377896863547478710e+26 -1.360831574913035837e+26
-1.160706982220805001e+26 -1.368334753518368381e+26 -1.372964244208579449e+26
-1.253275024520606786e+26 -1.063027377398168862e+26 -1.372313821141920357e+26
-1.239253859273921684e+26 -1.107519774491492754e+26 -1.338347773165925751e+26
-1.091953736438342850e+26 -1.344894703101384810e+26 -1.291841780605079952e+26
-1.219678549715429680e+26 -1.281938362693930964e+26 -1.399796420570189440e+26
-1.271809247212397551e+26 -1.066509259768746960e+26 -1.395156883921671109e+26
-1.369097520561173352e+26 -1.177823575267293214e+26 -1.352782169099827745e+26
