-1.123874377941285149e+26 -1.293327722192900366e+26 -1.385018134307288695e+26
-1.332422127134813256e+26 -1.089724033050396339e+26 -1.355081185725779437e+26
-1.100795860054156959e+26 -1.332404197660588008e+26 -1.311373065017617035e+26
-1.071116312428668997e+26 -1.332034398487994564e+26 -1.246791349971105146e+26
-1.324272744162639246e+26 -1.217226631336846303e+26 -1.379820736309948889e+26
-1.243661472469481152e+26 -1.117206596318381071e+26 -1.389979723056055445e+26
-1.290905263683911461e+26 -1.060784274616039522e+26 -1.398016938548708398e+26
-1.128686235171625198e+26 -1.339867751534342713e+26 -1.379965441366250700e+26
-1.118484898523435055e+26 -1.385805283426135337e+26 -1.291975479907557153e+26
-1.214610565357260128e+26 -1.239069662804261290e+26 -1.236392074118999935e+26
-1.390168781075029609e+26 -1.085028788901264463e+26 -1.371028118132043441e+26
-1.076154745799067762e+26 -1.241047991950211854e+26 -1.373893322442722297e+26
-1.264377277390124198e+26 -1.060921884586284122e+26 -1.395449604865717288e+26
-1.190761845471124323e+26 -1.298578554041241052e+26 -1.319182949126412087e+26
-1.354672845716994086e+26 -1.135831305385986697e+26 -1.334056955105299408e+26
-1.088949705765638503e+26 -1.257567250249437694e+26 -1.269473189541087153e+26
-1.111537615984178816e+26 -1.316874078823028955e+26 -1.364357528060403670e+26
-1.277453116381654303e+26 -1.191393478247904630e+26 -1.358039503772601846e+26
-1.082963298129781268e+26 -1.274999861624892706e+26 -1.330718498353552154e+26
-1.185833897840046893e+26 -1.395999855909656755e+26 -1.321935180673781561e+26
-1.285814704976921341e+26 -1.064578030827836171e+26 -1.322802195806891875e+26
-1.142563347277665372e+26 -1.301970832949609020e+26 -1.396699322366149083e+26
-1.078279483917739960e+26 -1.393292149725506273e+26 -1.240264810418098569e+26
-1.258328525062396852e+26 -1.073537280540109734e+26 -1.370610834016051068e+26
-1.070570573384629688e+26 -1.370736529636261212e+26 -1.264086231298604132e+26
-1.153041976299369112e+26 -1.249938238877517972e+26 -1.235344952646147759e+26
-1.121624786397055035e+26 -1.250110050449856316e+26 -1.384971517674302981e+26
-1.219678549715429680e+26 -1.281938362693930964e+26 -1.399796420570189440e+26
-1.075050639005690834e+26 -1.305415054619050048e+26 -1.297738642684752089e+26
-1.170811068847294645e+26 -1.374853501611858243e+26 -1.372196944613233976e+26
-1.239253859273921684e+26 -1.107519774491492754e+26 -1.338347773165925751e+26
-1.121658662556591344e+26 -1.327820836443979079e+26 -1.353732169071709556e+26
-1.121368753505117577e+26 -1.354616869597127085e+26 -1.323661074876067856e+26
-1.375313738582302486e+26 -1.191569674254696532e+26 -1.350906470875919057e+26
-1.169303296260573088e+26 -1.226305524457668322e+26 -1.343329364578542382e+26
-1.124808081678442459e+26 -1.382377002219618929e+26 -1.356179750225099408e+26
-1.366348840757269354e+26 -1.056637453407592833e+26 -1.392355598365971964e+26
-1.114801511534488479e+26 -1.248234285932093357e+26 -1.326324830243736412e+26
-1.296407418260192506e+26 -1.064715928741084440e+26 -1.370870242331436173e+26
-1.335249740821211525e+26 -1.127550914565289509e+26 -1.384880393758240022e+26
-1.088740573766698248e+26 -1.358336706152498673e+26 -1.291275852069055952e+26
-1.265761667842165810e+26 -1.090250928568583088e+26 -1.388028166582709896e+26
-1.306464533450224592e+26 -1.173780614430549441e+26 -1.348439535934889211e+26
