-1.075292441730048438e+26 -1.296226386728533896e+26 -1.300398845213188926e+26
-1.260605741449727095e+26 -1.078431636125716263e+26 -1.379565612112559364e+26
-1.118514239489353424e+26 -1.324837588803277314e+26 -1.360648676013167713e+26
-1.324272744162639246e+26 -1.217226631336846303e+26 -1.379820736309948889e+26
-1.075331893421882677e+26 -1.365231437754358761e+26 -1.255446652985527008e+26
-1.383287661993875651e+26 -1.073264627783118978e+26 -1.380954227899891560e+26
-1.140062774949769204e+26 -1.301254246320489047e+26 -1.395026062901282568e+26
-1.205613645591705783e+26 -1.241308486619432823e+26 -1.236621661789794279e+26
-1.128426957716009760e+26 -1.242752095563487098e+26 -1.330575963827437904e+26
-1.285517365561026936e+26 -1.060586721800153401e+26 -1.397863834183691077e+26
-1.128570616498231076e+26 -1.372677099409938469e+26 -1.364782694654747682e+26
-1.173137676542709985e+26 -1.377505742865116045e+26 -1.368658807922605158e+26
-1.313598137880287489e+26 -1.173741529181190561e+26 -1.344163582333926799e+26
-1.119682415209857040e+26 -1.384726742684164638e+26 -1.295753227062335769e+26
-1.094611428695360307e+26 -1.338130026215628053e+26 -1.305020741223161301e+26
-1.328629606399391563e+26 -1.104033862832109036e+26 -1.367348385627687239e+26
-1.082681139706485477e+26 -1.239657121776140685e+26 -1.378371753545888601e+26
-1.087321041545175109e+26 -1.260078787896516485e+26 -1.281306622440750440e+26
-1.190761845471124323e+26 -1.298578554041241052e+26 -1.319182949126412087e+26
-1.239253859273921684e+26 -1.107519774491492754e+26 -1.338347773165925751e+26
-1.277453116381654303e+26 -1.191393478247904630e+26 -1.358039503772601846e+26
-1.285814704976921341e+26 -1.064578030827836171e+26 -1.322802195806891875e+26
-1.117043609864280576e+26 -1.250463758296002328e+26 -1.234167553705115180e+26
-1.125725263609578915e+26 -1.258480962515213773e+26 -1.380994037085444210e+26
-1.365366004234020680e+26 -1.125825014336289471e+26 -1.344541551052199065e+26
-1.120598005084038523e+26 -1.349774435872313983e+26 -1.326027403296995550e+26
-1.184216078691472205e+26 -1.396836219175234162e+26 -1.306118021500624787e+26
-1.219678549715429680e+26 -1.281938362693930964e+26 -1.399796420570189440e+26
-1.375313738582302486e+26 -1.191569674254696532e+26 -1.350906470875919057e+26
-1.247943376446091280e+26 -1.116105833072894332e+26 -1.391428388413177023e+26
-1.296407418260192506e+26 -1.064715928741084440e+26 -1.370870242331436173e+26
-1.082876132364687346e+26 -1.274593298279226902e+26 -1.336696925615587624e+26
