-5.057199701121867830e+25 1.090140666298313178e+26 -1.884893375152803526e+25
-2.358225731208089376e+25 -2.404017977951072174e+25 4.637007901270035853e+25
1.065313135075959807e+26 2.965631286825083290e+25 -2.688641902105923906e+25
9.105985269726662185e+25 1.650701520374458226e+25 1.238428659862124728e+26
-1.187291205267663416e+26 1.209554449084993169e+26 9.630413008165471673e+25
6.709247621543058434e+25 2.195449588647690554e+25 1.220313420319788906e+25
7.870147100673425688e+25 -1.210464288177072316e+26 9.698805731061938852e+25
1.167964644752468562e+26 1.787890767021874898e+25 -8.959728255670777022e+25
-1.180968051683188361e+26 -1.245832977824995368e+26 8.788192592123990187e+25
-1.206024976234941791e+26 -4.348162776583915627e+23 6.986754258489589730e+25
-6.899876549912252232e+25 -1.093653517304283786e+26 2.192924391450134603e+25
7.250789311240735111e+25 8.915266164054657624e+25 -5.960749782687074191e+25
-9.267464863551618885e+24 1.086777422728672230e+26 9.559205938040129712e+25
-1.199549647159288554e+26 5.758826518946443150e+25 1.364444192224539716e+25
4.552663163030706517e+25 2.575577560836559027e+25 7.173028427886221848e+25
9.793484849609260821e+25 1.197980120247517520e+26 6.799247939608368787e+25
6.119907419532538106e+25 -4.681508610292443775e+25 8.658362326854098146e+25
3.061969906756575308e+25 1.206449796500178884e+26 -5.619825162055941265e+25
-4.535266855869776316e+25 -5.778976079633177216e+25 1.123900485737653383e+26
-1.719153136558040501e+25 7.311118190647504512e+25 -2.151731066603989948e+25
-7.568033277652170076e+25 -4.495722164656037206e+25 2.902554502447483103e+25
1.223897127251246734e+26 1.514214374305997639e+25 8.411951069763884454e+25
-6.773146875105211844e+25 8.631280104356946182e+25 5.750087701463053076e+25
3.580727542935828298e+25 1.107027327986919367e+26 2.553296025734846573e+25
-8.143558747778811329e+25 1.036790596726508492e+25 3.674840992275597435e+25
2.501896383030126926e+25 1.465870475309047986e+25 1.211911042307713837e+26
5.607067355814636258e+25 2.127784899922299648e+25 -1.181072444849552379e+26
3.618666651731358141e+25 -1.000825456553679793e+26 4.572305201592941074e+25
-1.191575466686191095e+26 5.578876131971676657e+25 7.598424964516736262e+25
3.108064270209881132e+25 6.480541200393040319e+24 -4.554408182932581651e+25
1.213274451861697450e+26 5.900590878359694398e+25 3.569820222090355934e+25
1.113338123503387371e+26 -1.091373790009249019e+26 3.022295974417404554e+25
1.101060683705858336e+26 9.704559942848013315e+25 -2.802718810606634331e+25
1.200116319188825105e+26 -3.561617443208336731e+25 1.163858764079334273e+26
4.460985057706491648e+25 5.899533426980463510e+25 -2.636445884919065862e+25
-8.149830906456206838e+25 -8.901269536235014356e+24 1.048771861620947257e+26
1.161478544769312925e+26 9.825451057181195705e+25 -1.080591722979082831e+26
7.758420674347628086e+23 4.483090361395597611e+25 3.444460786732570693e+25
-8.668295081779392378e+25 1.150007968512154632e+26 5.053687276792494086e+24
-3.757547417086341873e+25 2.437640165626458067e+25 6.363747555041457098e+25
-8.565507607037232722e+24 -1.286642161377866261e+25 9.806301115085195762e+25
-1.217348100724761084e+26 -8.834149430279573597e+25 1.279849214046287667e+26
-1.143552717678423836e+26 8.393696198792543735e+25 -3.986404311581077806e+25
-1.521006278981749360e+25 -9.913115581531377695e+25 6.238491084641853390e+25
1.075464363622798549e+26 -3.210412525488380210e+25 3.556433084208728999e+25
1.145261441600328210e+26 8.469545204392973395e+25 1.156860495215513953e+26
4.501615058486040569e+25 9.419930231217684329e+25 -1.067056768261183159e+26
-8.844257901255920030e+25 6.488566032459499484e+25 1.155342836044529107e+26
-6.313515279779199454e+25 -1.088627488857509309e+26 9.424990692479798862e+25
