-1.122301586382098160e+26 -1.362671244436048820e+26 -1.312809376615438974e+26
-1.323572912085496200e+26 -1.123113635874392804e+26 -1.383704652163564366e+26
-1.120890334196010845e+26 -1.324871156687259711e+26 -1.359026312904845472e+26
-1.271636749742605961e+26 -1.096916705304621269e+26 -1.396413234251367320e+26
-1.166199176934693330e+26 -1.249999972518184137e+26 -1.233989886175648671e+26
-1.106833713455897343e+26 -1.242240799190102609e+26 -1.313220383445180604e+26
-1.145446980177201710e+26 -1.297475104573008265e+26 -1.396385541500420905e+26
-1.319870380234995805e+26 -1.184628265752710374e+26 -1.386175564735850933e+26
-1.182396483148424971e+26 -1.394641440595064279e+26 -1.333467792151775785e+26
-1.066489387109728079e+26 -1.362716291110031099e+26 -1.262831847112612100e+26
-1.293256825435784926e+26 -1.057913778348220214e+26 -1.399250362612533113e+26
-1.386545825956519629e+26 -1.078106256067605596e+26 -1.377964769547758915e+26
-1.094136166281474861e+26 -1.329268389872363026e+26 -1.290092193381055501e+26
-1.285814704976921341e+26 -1.064578030827836171e+26 -1.322802195806891875e+26
-1.189104125457892614e+26 -1.300929683663369647e+26 -1.332632730656427947e+26
-1.117936166211429884e+26 -1.254456878207756642e+26 -1.376548552018949624e+26
-1.283793957808755960e+26 -1.183244773281058624e+26 -1.362413647611821842e+26
-1.104799657294259408e+26 -1.249960015404196210e+26 -1.235333622423780287e+26
-1.086925186878945618e+26 -1.272971938101344638e+26 -1.309501499110624802e+26
-1.381614909164332515e+26 -1.135979545331826603e+26 -1.338551626767832035e+26
-1.114011725010789782e+26 -1.376071141562638528e+26 -1.296714901209764338e+26
-1.261851731650745974e+26 -1.082407150220109465e+26 -1.374244486513323367e+26
-1.165529819941471575e+26 -1.362102669168115441e+26 -1.373008912204030344e+26
-1.078213411042975804e+26 -1.388849718194117731e+26 -1.247813782005500304e+26
-1.089203345047655660e+26 -1.239591897663601719e+26 -1.384107136215221896e+26
-1.296407418260192506e+26 -1.064715928741084440e+26 -1.370870242331436173e+26
-1.323383134878648257e+26 -1.220101022368604451e+26 -1.382586294930933006e+26
-1.105441763495563444e+26 -1.343957950851383052e+26 -1.395402222840050252e+26
-1.103487435738218701e+26 -1.332123187052372423e+26 -1.315737696693200304e+26
-1.199583556606534583e+26 -1.401433517168026488e+26 -1.275804734761804663e+26
-1.236647847862234399e+26 -1.133759062816338751e+26 -1.323240157115111560e+26
-1.381155191418481319e+26 -1.201234876249471498e+26 -1.351760737499961069e+26
-1.306464533450224592e+26 -1.173780614430549441e+26 -1.348439535934889211e+26
-1.264521641297886652e+26 -1.060167159188893762e+26 -1.395933337058054626e+26
-1.342289033203492240e+26 -1.114081037961808683e+26 -1.332144305662769557e+26
-1.096374712867801140e+26 -1.304314105458567066e+26 -1.362062199783435271e+26
-1.136475677823088563e+26 -1.311461815077988638e+26 -1.397361748638241883e+26
-1.243661472469481152e+26 -1.117206596318381071e+26 -1.389979723056055445e+26
-1.109566988978752615e+26 -1.391249455273765296e+26 -1.399581387413766141e+26
-1.187923371646052388e+26 -1.395365520151635990e+26 -1.376664144393955253e+26
-1.076212803144178294e+26 -1.299196355509333370e+26 -1.302870707449503603e+26
-1.121119717628163344e+26 -1.398732163140458791e+26 -1.302346443596441273e+26
-1.067770642404654469e+26 -1.322576555633783988e+26 -1.251372647038160315e+26
-1.124883486632888490e+26 -1.291004193629568970e+26 -1.385329414086696355e+26
-1.219678549715429680e+26 -1.281938362693930964e+26 -1.399796420570189440e+26
-1.214610565357260128e+26 -1.239069662804261290e+26 -1.236392074118999935e+26
-1.112029082459515419e+26 -1.391562000663118175e+26 -1.271008374404756104e+26
-1.075960062847003145e+26 -1.267665215511585629e+26 -1.271049014546333459e+26
-1.069180411349456614e+26 -1.354505001731389099e+26 -1.331747346098968670e+26
-1.148366491736621748e+26 -1.256041934129985144e+26 -1.394981919803924648e+26
-1.070054767020249678e+26 -1.273447174635811011e+26 -1.335083704849814091e+26
-1.370280227028357674e+26 -1.140862750637979970e+26 -1.388407618542267332e+26
-1.169303296260573088e+26 -1.226305524457668322e+26 -1.343329364578542382e+26
-1.118527400250011352e+26 -1.318271841214222822e+26 -1.346665164184253311e+26
-1.228160547034660892e+26 -1.095338580103521894e+26 -1.347509915296484027e+26
-1.245706649927400557e+26 -1.061005053239833468e+26 -1.377895341802187284e+26
-1.121383816846344318e+26 -1.347288734891755012e+26 -1.332003877486252009e+26
-1.093820776283101941e+26 -1.356253459950985977e+26 -1.284528716702580445e+26
-1.366348840757269354e+26 -1.056637453407592833e+26 -1.392355598365971964e+26
-1.331731877532970312e+26 -1.083546209215417931e+26 -1.358818461582635739e+26
-1.125487518350871599e+26 -1.388349641553343711e+26 -1.338228755608449100e+26
-1.397131467895334402e+26 -1.117369956428751525e+26 -1.381145187073199248e+26
-1.337571200930193433e+26 -1.221081086603401439e+26 -1.345810321674204475e+26
-1.104828726144908215e+26 -1.256875549213966871e+26 -1.286194247337189052e+26
-1.111937496495377380e+26 -1.338450478417440450e+26 -1.350869667742271157e+26
-1.389858369142441547e+26 -1.091163453428203081e+26 -1.327760192634099351e+26
-1.163909688543615644e+26 -1.378001713304734081e+26 -1.370393489073940142e+26
-1.232329466194533635e+26 -1.201053351623028807e+26 -1.380628697681229639e+26
-1.353151542384630116e+26 -1.135769293368530162e+26 -1.341499895269017151e+26
-1.284039877874558984e+26 -1.199038460411991418e+26 -1.344677580684099255e+26
-1.116742170847917004e+26 -1.322321634240104571e+26 -1.378582128913329570e+26
-1.356448496470273309e+26 -1.172892686599771553e+26 -1.335990875978474971e+26
-1.264046495164130725e+26 -1.105642874942588307e+26 -1.335131104955623216e+26
-1.127759541324703927e+26 -1.371215452510806410e+26 -1.360189289919215718e+26
-1.209028321491310146e+26 -1.290926724525569178e+26 -1.303518217604383572e+26
-1.398291550078067787e+26 -1.055746986321305438e+26 -1.352441997253382722e+26
-1.157544333457216094e+26 -1.309179953828327440e+26 -1.323612849110437227e+26
-1.140842983015976905e+26 -1.337732917756539604e+26 -1.379765792767084585e+26
-1.279583015711254332e+26 -1.069539389222200088e+26 -1.395609260555866655e+26
-1.199119740695146129e+26 -1.365943524150020128e+26 -1.370835407924369820e+26
-1.063114523682974929e+26 -1.239852794113757757e+26 -1.361165605537889060e+26
-1.096378730677151316e+26 -1.274800081533784467e+26 -1.342136340376946729e+26
-1.134016965998528928e+26 -1.383606818505886800e+26 -1.295045019287629394e+26
