-1.166199176934693330e+26 -1.249999972518184137e+26 -1.233989886175648671e+26
-1.256676340486655906e+26 -1.064675253204519936e+26 -1.370236335331070472e+26
-1.125160485888947404e+26 -1.327484048597459303e+26 -1.357723665931979625e+26
-1.306464533450224592e+26 -1.173780614430549441e+26 -1.348439535934889211e+26
-1.076273853757254687e+26 -1.324097155849511630e+26 -1.286037341837540003e+26
-1.133463392226256715e+26 -1.387125073530539547e+26 -1.295226694581922543e+26
-1.347720287794061178e+26 -1.124925165665169423e+26 -1.336822100465893354e+26
-1.098967083816744520e+26 -1.275580962870044684e+26 -1.343375920944388085e+26
-1.191655494662417025e+26 -1.385558188151097369e+26 -1.374721232237426832e+26
-1.366348840757269354e+26 -1.056637453407592833e+26 -1.392355598365971964e+26
-1.146046822900975063e+26 -1.297663238143392406e+26 -1.396521383634551579e+26
-1.323063793547407110e+26 -1.216876226312613986e+26 -1.382912592185925529e+26
-1.094977158063423688e+26 -1.388977143017659711e+26 -1.230407667626140580e+26
-1.293110791507840515e+26 -1.058800764859444282e+26 -1.399213630233689398e+26
-1.134293029678981892e+26 -1.341113944502835921e+26 -1.318479173569391689e+26
-1.071261266954405795e+26 -1.360982526019227893e+26 -1.259629106638422089e+26
-1.104799657294259408e+26 -1.249960015404196210e+26 -1.235333622423780287e+26
-1.164557741102757947e+26 -1.371642095650086625e+26 -1.371439658325976188e+26
-1.077641351329883367e+26 -1.294722963743544428e+26 -1.303059681094481408e+26
-1.279485297230778096e+26 -1.065165920709768579e+26 -1.323414883608133665e+26
-1.090672372662564096e+26 -1.237731668005691216e+26 -1.387540061004894855e+26
-1.243661472469481152e+26 -1.117206596318381071e+26 -1.389979723056055445e+26
-1.228160547034660892e+26 -1.095338580103521894e+26 -1.347509915296484027e+26
-1.370280227028357674e+26 -1.140862750637979970e+26 -1.388407618542267332e+26
-1.283899352122671444e+26 -1.190013496337172581e+26 -1.354812476071369304e+26
-1.098682020243347072e+26 -1.252492360281447340e+26 -1.291564230335167249e+26
-1.132247731686781949e+26 -1.379117462979097198e+26 -1.351061614566168094e+26
-1.178584194791000384e+26 -1.303679773718355578e+26 -1.329626103474431040e+26
-1.169303296260573088e+26 -1.226305524457668322e+26 -1.343329364578542382e+26
-1.111937496495377380e+26 -1.338450478417440450e+26 -1.350869667742271157e+26
-1.323572912085496200e+26 -1.123113635874392804e+26 -1.383704652163564366e+26
-1.376561871056945714e+26 -1.209254745137241272e+26 -1.368012254006350423e+26
-1.116790126272375645e+26 -1.317075841155168517e+26 -1.381126070336310882e+26
-1.199583556606534583e+26 -1.401433517168026488e+26 -1.275804734761804663e+26
-1.120390800474602834e+26 -1.347763718767825579e+26 -1.333044239326010442e+26
-1.295045935348161173e+26 -1.064541456709321345e+26 -1.372077790913832953e+26
-1.232329466194533635e+26 -1.201053351623028807e+26 -1.380628697681229639e+26
-1.098351650847264179e+26 -1.348106936654617140e+26 -1.288341369676203775e+26
-1.273939326147641853e+26 -1.091229084343938712e+26 -1.397317492468249249e+26
-1.112029082459515419e+26 -1.391562000663118175e+26 -1.271008374404756104e+26
-1.075960062847003145e+26 -1.267665215511585629e+26 -1.271049014546333459e+26
-1.219678549715429680e+26 -1.281938362693930964e+26 -1.399796420570189440e+26
-1.388223786545312199e+26 -1.074912074675277002e+26 -1.374318659219990937e+26
-1.069362418113021113e+26 -1.242866211393556524e+26 -1.363091241114211569e+26
-1.107599266849486639e+26 -1.387113984376732979e+26 -1.382784212219524559e+26
-1.105441763495563444e+26 -1.343957950851383052e+26 -1.395402222840050252e+26
-1.114723820494353353e+26 -1.322491324504768079e+26 -1.361910808727119501e+26
-1.122301586382098160e+26 -1.362671244436048820e+26 -1.312809376615438974e+26
-1.148366491736621748e+26 -1.256041934129985144e+26 -1.394981919803924648e+26
-1.263884277937892807e+26 -1.086017998400653364e+26 -1.374651797186747191e+26
-1.073093074628972912e+26 -1.326348535318902742e+26 -1.243900033917459337e+26
-1.118675915224467573e+26 -1.396612387016334000e+26 -1.310543889612967109e+26
-1.366215168240187847e+26 -1.179666793520414886e+26 -1.335830324316840381e+26
-1.066151565681753116e+26 -1.384299267858348832e+26 -1.270918576365778890e+26
-1.103939846093314197e+26 -1.330658749354167172e+26 -1.317416612229179510e+26
-1.214610565357260128e+26 -1.239069662804261290e+26 -1.236392074118999935e+26
-1.270247381224779318e+26 -1.062835092347775600e+26 -1.396023609929045981e+26
-1.128762876711257447e+26 -1.294845401126413064e+26 -1.389644420794542745e+26
-1.076718143115201152e+26 -1.271787045945873869e+26 -1.333064363914921195e+26
-1.069180411349456614e+26 -1.354505001731389099e+26 -1.331747346098968670e+26
-1.389858369142441547e+26 -1.091163453428203081e+26 -1.327760192634099351e+26
-1.138092890091127156e+26 -1.314458632108822128e+26 -1.398557431481681779e+26
-1.167336960275533040e+26 -1.389712763731590051e+26 -1.333905813727135825e+26
-1.119086244048881199e+26 -1.271005119979182439e+26 -1.364975694144694388e+26
-1.119830528164222731e+26 -1.318583947992721745e+26 -1.345348343910593837e+26
-1.250347171513182476e+26 -1.119700968879463615e+26 -1.329185631035367302e+26
-1.115057124565348951e+26 -1.251757543129387139e+26 -1.382347677233623915e+26
-1.072713592535845384e+26 -1.394730485294788346e+26 -1.243550524682084565e+26
-1.114011725010789782e+26 -1.376071141562638528e+26 -1.296714901209764338e+26
-1.117056265963733622e+26 -1.241498207576949688e+26 -1.318678477002208827e+26
-1.328164344076637168e+26 -1.078069302266107066e+26 -1.349048535387147536e+26
-1.197456006021317244e+26 -1.399570117458538852e+26 -1.333029770576415745e+26
-1.209028321491310146e+26 -1.290926724525569178e+26 -1.303518217604383572e+26
-1.239566505108508373e+26 -1.074871638294030914e+26 -1.388188125617465333e+26
-1.391959281651667221e+26 -1.123573152729776551e+26 -1.366947333638076901e+26
-1.136422990949809474e+26 -1.352318570150144190e+26 -1.375650149759195687e+26
-1.140537880618445396e+26 -1.330700355204920396e+26 -1.379355102339829346e+26
-1.096374712867801140e+26 -1.304314105458567066e+26 -1.362062199783435271e+26
-1.337571200930193433e+26 -1.221081086603401439e+26 -1.345810321674204475e+26
