-1.132247731686781949e+26 -1.379117462979097198e+26 -1.351061614566168094e+26
-1.271717353024885158e+26 -1.069221336755497777e+26 -1.396746726489767656e+26
-1.093820776283101941e+26 -1.356253459950985977e+26 -1.284528716702580445e+26
-1.283899352122671444e+26 -1.190013496337172581e+26 -1.354812476071369304e+26
-1.116728566128022534e+26 -1.325004044818379585e+26 -1.370848118812132341e+26
-1.101938615434067441e+26 -1.254932898215046254e+26 -1.328516344353809266e+26
-1.342289033203492240e+26 -1.114081037961808683e+26 -1.332144305662769557e+26
-1.214610565357260128e+26 -1.239069662804261290e+26 -1.236392074118999935e+26
-1.082681139706485477e+26 -1.239657121776140685e+26 -1.378371753545888601e+26
-1.366348840757269354e+26 -1.056637453407592833e+26 -1.392355598365971964e+26
-1.295045935348161173e+26 -1.064541456709321345e+26 -1.372077790913832953e+26
-1.121301266361462039e+26 -1.396825877333966826e+26 -1.307589455783334017e+26
-1.324272744162639246e+26 -1.217226631336846303e+26 -1.379820736309948889e+26
-1.178584194791000384e+26 -1.303679773718355578e+26 -1.329626103474431040e+26
-1.144670488826315582e+26 -1.297216100828251673e+26 -1.396368528086727436e+26
-1.124861322674594445e+26 -1.338979523463629639e+26 -1.330011672548724101e+26
-1.093835698427028687e+26 -1.250032637308201152e+26 -1.233972890842097463e+26
-1.260978421932031804e+26 -1.081880315497722177e+26 -1.376370475307320558e+26
-1.070793903317361142e+26 -1.364238667197491564e+26 -1.262465145671027777e+26
-1.379647428103627443e+26 -1.091218236258693220e+26 -1.347733867989664899e+26
-1.075960062847003145e+26 -1.267665215511585629e+26 -1.271049014546333459e+26
-1.164557741102757947e+26 -1.371642095650086625e+26 -1.371439658325976188e+26
-1.279485297230778096e+26 -1.065165920709768579e+26 -1.323414883608133665e+26
-1.112600957353377686e+26 -1.315989915679612164e+26 -1.352039027046793936e+26
-1.368801843944377228e+26 -1.187063781424621525e+26 -1.343875806739218020e+26
-1.182396483148424971e+26 -1.394641440595064279e+26 -1.333467792151775785e+26
-1.077641351329883367e+26 -1.294722963743544428e+26 -1.303059681094481408e+26
-1.247943376446091280e+26 -1.116105833072894332e+26 -1.391428388413177023e+26
-1.293110791507840515e+26 -1.058800764859444282e+26 -1.399213630233689398e+26
-1.323572912085496200e+26 -1.123113635874392804e+26 -1.383704652163564366e+26
-1.148366491736621748e+26 -1.256041934129985144e+26 -1.394981919803924648e+26
-1.136163950727573342e+26 -1.310454435096689248e+26 -1.396001145626458150e+26
-1.122301586382098160e+26 -1.362671244436048820e+26 -1.312809376615438974e+26
-1.117936166211429884e+26 -1.254456878207756642e+26 -1.376548552018949624e+26
-1.239253859273921684e+26 -1.107519774491492754e+26 -1.338347773165925751e+26
-1.110874223428937418e+26 -1.397411248049436456e+26 -1.268961079561309161e+26
-1.199583556606534583e+26 -1.401433517168026488e+26 -1.275804734761804663e+26
-1.153041976299369112e+26 -1.249938238877517972e+26 -1.235344952646147759e+26
-1.232329466194533635e+26 -1.201053351623028807e+26 -1.380628697681229639e+26
-1.103487435738218701e+26 -1.332123187052372423e+26 -1.315737696693200304e+26
-1.169303296260573088e+26 -1.226305524457668322e+26 -1.343329364578542382e+26
-1.391355003125395399e+26 -1.072185250606292695e+26 -1.375420511865784352e+26
-1.388181054273008941e+26 -1.125200887831827673e+26 -1.383565997562888552e+26
-1.122380272910103965e+26 -1.328536896096669341e+26 -1.356182113766252944e+26
-1.107599266849486639e+26 -1.387113984376732979e+26 -1.382784212219524559e+26
-1.075392796380465570e+26 -1.392249552305982430e+26 -1.245250210713979203e+26
-1.117398328859112799e+26 -1.352124938524859755e+26 -1.335132404047313095e+26
-1.105441763495563444e+26 -1.343957950851383052e+26 -1.395402222840050252e+26
-1.138774356474744238e+26 -1.339965304467159263e+26 -1.377767265519557876e+26
-1.094136166281474861e+26 -1.329268389872363026e+26 -1.290092193381055501e+26
-1.219678549715429680e+26 -1.281938362693930964e+26 -1.399796420570189440e+26
-1.119602421147487792e+26 -1.377939336814572114e+26 -1.294480875024212301e+26
-1.067770642404654469e+26 -1.322576555633783988e+26 -1.251372647038160315e+26
-1.081477589848844637e+26 -1.275760332946223168e+26 -1.338674873069649846e+26
-1.328164344076637168e+26 -1.078069302266107066e+26 -1.349048535387147536e+26
-1.306464533450224592e+26 -1.173780614430549441e+26 -1.348439535934889211e+26
-1.243604965998779819e+26 -1.052484042991811732e+26 -1.372213837956240524e+26
-1.098682020243347072e+26 -1.252492360281447340e+26 -1.291564230335167249e+26
-1.191655494662417025e+26 -1.385558188151097369e+26 -1.374721232237426832e+26
-1.116806910670936212e+26 -1.295319355310061717e+26 -1.381768816373753934e+26
-1.209028321491310146e+26 -1.290926724525569178e+26 -1.303518217604383572e+26
-1.069180411349456614e+26 -1.354505001731389099e+26 -1.331747346098968670e+26
-1.360267384079555672e+26 -1.135821856359354315e+26 -1.340762828143720872e+26
-1.132653160792693160e+26 -1.245161184094397225e+26 -1.314298803652870765e+26
