-1.095166899109987452e+26 -1.331452700050270948e+26 -1.292407709141103952e+26
-1.290319214532634409e+26 -1.067347463764979552e+26 -1.371845364660732481e+26
-1.139969536831118668e+26 -1.299776092069013996e+26 -1.395194925792903006e+26
-1.280785241365896797e+26 -1.196481124760581840e+26 -1.351089934095373031e+26
-1.120488888078435735e+26 -1.352598423964084360e+26 -1.324806881782179744e+26
-1.110009161453397702e+26 -1.316232037911126869e+26 -1.359492574657675857e+26
-1.368801843944377228e+26 -1.187063781424621525e+26 -1.343875806739218020e+26
-1.092803603561146345e+26 -1.262732149191396075e+26 -1.300532864722896025e+26
-1.214610565357260128e+26 -1.239069662804261290e+26 -1.236392074118999935e+26
-1.332422127134813256e+26 -1.089724033050396339e+26 -1.355081185725779437e+26
-1.191655494662417025e+26 -1.385558188151097369e+26 -1.374721232237426832e+26
-1.070793903317361142e+26 -1.364238667197491564e+26 -1.262465145671027777e+26
-1.128433295810259733e+26 -1.261032876993864337e+26 -1.380116868948106178e+26
-1.324272744162639246e+26 -1.217226631336846303e+26 -1.379820736309948889e+26
-1.381661302808899242e+26 -1.069429688294971752e+26 -1.379729740963785193e+26
-1.263072178907835354e+26 -1.087274090931787074e+26 -1.380366196618464466e+26
-1.285814704976921341e+26 -1.064578030827836171e+26 -1.322802195806891875e+26
-1.178584194791000384e+26 -1.303679773718355578e+26 -1.329626103474431040e+26
-1.121483199386408071e+26 -1.383118446689116838e+26 -1.301575545334707516e+26
-1.143890541630729234e+26 -1.341933035206016694e+26 -1.381522097768342540e+26
-1.069362418113021113e+26 -1.242866211393556524e+26 -1.363091241114211569e+26
-1.271523857799076932e+26 -1.065453361590052242e+26 -1.396500902078733311e+26
-1.127604685768782688e+26 -1.375989350443723484e+26 -1.355295887412931386e+26
-1.153041976299369112e+26 -1.249938238877517972e+26 -1.235344952646147759e+26
-1.199583556606534583e+26 -1.401433517168026488e+26 -1.275804734761804663e+26
-1.076212803144178294e+26 -1.299196355509333370e+26 -1.302870707449503603e+26
-1.069180411349456614e+26 -1.354505001731389099e+26 -1.331747346098968670e+26
-1.355573959998059524e+26 -1.129545505794585205e+26 -1.335935811901330129e+26
-1.093835698427028687e+26 -1.250032637308201152e+26 -1.233972890842097463e+26
-1.239253859273921684e+26 -1.107519774491492754e+26 -1.338347773165925751e+26
-1.253275024520606786e+26 -1.063027377398168862e+26 -1.372313821141920357e+26
-1.093806488953052614e+26 -1.238637969278627688e+26 -1.387326225155657866e+26
-1.209028321491310146e+26 -1.290926724525569178e+26 -1.303518217604383572e+26
-1.247943376446091280e+26 -1.116105833072894332e+26 -1.391428388413177023e+26
-1.084679191274083883e+26 -1.274198789579129541e+26 -1.339001835698221074e+26
-1.093820776283101941e+26 -1.356253459950985977e+26 -1.284528716702580445e+26
-1.164557741102757947e+26 -1.371642095650086625e+26 -1.371439658325976188e+26
-1.121947388468943400e+26 -1.328347730640517976e+26 -1.354185741313830035e+26
-1.388181054273008941e+26 -1.125200887831827673e+26 -1.383565997562888552e+26
-1.182396483148424971e+26 -1.394641440595064279e+26 -1.333467792151775785e+26
-1.299559645830779485e+26 -1.176634130933828489e+26 -1.352690659474067339e+26
-1.291810459270064097e+26 -1.059064933460803460e+26 -1.399377767347028194e+26
-1.112029082459515419e+26 -1.391562000663118175e+26 -1.271008374404756104e+26
-1.219678549715429680e+26 -1.281938362693930964e+26 -1.399796420570189440e+26
-1.075392796380465570e+26 -1.392249552305982430e+26 -1.245250210713979203e+26
-1.323572912085496200e+26 -1.123113635874392804e+26 -1.383704652163564366e+26
-1.308035239766358774e+26 -1.057139096994013331e+26 -1.378611948233367534e+26
-1.075960062847003145e+26 -1.267665215511585629e+26 -1.271049014546333459e+26
-1.134471942729346720e+26 -1.236433979870522680e+26 -1.326895439527653460e+26
-1.389858369142441547e+26 -1.091163453428203081e+26 -1.327760192634099351e+26
-1.106816838656626501e+26 -1.359721785658843800e+26 -1.396795277697955548e+26
-1.232329466194533635e+26 -1.201053351623028807e+26 -1.380628697681229639e+26
-1.122083202920559870e+26 -1.323276218780306808e+26 -1.378481302770376072e+26
-1.067770642404654469e+26 -1.322576555633783988e+26 -1.251372647038160315e+26
-1.105316287309556283e+26 -1.328904725894647295e+26 -1.319570521078666235e+26
