-9.563979578600602937e+25 5.519796336221868433e+25 1.159998562882706166e+26
3.181645844611852969e+25 9.939986948640108435e+24 -6.208764666620798498e+25
5.950486030150208826e+25 -3.362332296778200835e+25 7.497155095794295340e+25
1.222641913683574656e+26 1.511798799301202721e+25 8.177853365194761133e+25
-4.091052834553307492e+25 2.134576622990486590e+25 6.275362915763399661e+25
4.732493246106232664e+25 1.082905169975482988e+26 -6.640500404914618839e+25
-3.281779789299199191e+25 -9.753584351114887484e+25 7.425798879477923541e+25
-1.714167994590480556e+25 8.458628391816497249e+25 -1.994966469464646949e+25
1.129228986753069017e+26 2.625019313324067897e+25 -5.488614969077217070e+25
-1.194855881276087823e+26 7.948002212666056773e+25 -1.783267205823043378e+25
1.245605586215967705e+26 6.651685226604483712e+25 2.728351369307823037e+25
8.731438149872300216e+24 3.350117021442900136e+24 1.096432095070077322e+26
-9.415432015688643534e+24 1.070250080395335665e+26 9.787378765571350841e+25
9.048923912377974575e+25 2.104432121654167530e+25 6.747269666442381843e+24
-9.010698997167997301e+25 5.430532001154697905e+24 2.920225308998695936e+25
1.076362926382759218e+26 -8.665606347439658934e+25 2.953447720430295058e+25
7.625469876926106506e+25 2.122209157491892447e+25 -1.193100524577270711e+26
-1.183370660084340125e+26 1.206396172004648128e+26 9.552398421386659096e+25
-4.990472106923876233e+25 -4.883613146189670938e+25 1.153589909446506463e+26
-6.510086269459909136e+25 1.124221806889719685e+26 -1.197056086530376420e+25
4.752775610013307293e+25 6.004203685681155655e+25 -2.804638013019722594e+25
-7.246619721736896340e+25 -9.519299188292813211e+25 2.121469171465780559e+25
-6.799415352505686318e+25 8.674740732807951298e+25 5.641257485908898431e+25
8.418758239118839586e+24 4.770047655782918185e+25 4.561743924939983921e+25
8.708008215138830759e+25 1.811133827532138226e+25 1.227151954052105621e+26
-1.128507675477516355e+26 -1.104146823895849508e+26 1.055618015718752964e+26
1.180814336836999105e+26 -3.453032147473651272e+25 1.157924478501555789e+26
1.099773342326548541e+26 9.073333454038843253e+25 -1.045875040666216754e+26
-3.262010230819816878e+25 -3.084138948344554073e+25 4.707582694040229279e+25
-1.088599973559045745e+26 -3.611818517646612204e+24 8.114965277211578485e+25
3.350889725294598266e+25 -1.097580079093849863e+26 5.952227837405469832e+25
3.442952863954338212e+25 1.635801243740640049e+25 4.753593642788515981e+24
1.115997336509048750e+26 9.770286001246483342e+25 1.054210200142342809e+26
8.887173903634289657e+25 -1.164700347774934830e+26 1.029193091714136163e+26
1.046433612967049538e+26 9.922998288523582317e+25 -3.304051067563853932e+25
-1.186175468104420804e+26 5.608420247785306051e+25 6.858440758268603358e+25
4.557029795723488246e+25 1.132915451945742528e+26 3.181413463602006885e+25
