-1.125531302428265617e+26 -1.330669445695363146e+26 -1.382008016653418816e+26
-1.264032036291090780e+26 -1.082931627628473192e+26 -1.379498175220635198e+26
-1.091953736438342850e+26 -1.344894703101384810e+26 -1.291841780605079952e+26
-1.394074959610254753e+26 -1.073455219874754346e+26 -1.340101094943741036e+26
-1.214610565357260128e+26 -1.239069662804261290e+26 -1.236392074118999935e+26
-1.324272744162639246e+26 -1.217226631336846303e+26 -1.379820736309948889e+26
-1.173137676542709985e+26 -1.377505742865116045e+26 -1.368658807922605158e+26
-1.087000155548866528e+26 -1.280497802719290248e+26 -1.346420279921875881e+26
-1.073282156754803252e+26 -1.295770454854856770e+26 -1.298640436340853037e+26
-1.118960883761220821e+26 -1.325067607475438425e+26 -1.355882970487839890e+26
-1.130706969099282579e+26 -1.248098619577121809e+26 -1.378400817374275641e+26
-1.352562376561242846e+26 -1.126504362760406114e+26 -1.337069175651884594e+26
-1.290249446170100357e+26 -1.060929549813185153e+26 -1.392248379356765290e+26
-1.306464533450224592e+26 -1.173780614430549441e+26 -1.348439535934889211e+26
-1.139969536831118668e+26 -1.299776092069013996e+26 -1.395194925792903006e+26
-1.105233118656006937e+26 -1.251636185197964136e+26 -1.315416015809837273e+26
-1.121300005192253417e+26 -1.381241874597893921e+26 -1.300288787034143669e+26
-1.285814704976921341e+26 -1.064578030827836171e+26 -1.322802195806891875e+26
-1.379813497556769537e+26 -1.070949988514268066e+26 -1.382761712487163265e+26
-1.125349973670028950e+26 -1.377896863547478710e+26 -1.360831574913035837e+26
-1.239253859273921684e+26 -1.107519774491492754e+26 -1.338347773165925751e+26
-1.087036022167680564e+26 -1.390585142640182671e+26 -1.257041127155098501e+26
-1.079082044205308595e+26 -1.241240703305830934e+26 -1.377036414519299123e+26
-1.099777275072214619e+26 -1.328406001916354543e+26 -1.319820264759700953e+26
-1.082749136107476129e+26 -1.265153873732712520e+26 -1.273797869124944263e+26
-1.324288770917150939e+26 -1.100000923559830414e+26 -1.370263713831928274e+26
-1.069038439186203134e+26 -1.344586812631150444e+26 -1.252744856640197594e+26
-1.368801843944377228e+26 -1.187063781424621525e+26 -1.343875806739218020e+26
-1.209028321491310146e+26 -1.290926724525569178e+26 -1.303518217604383572e+26
-1.184216078691472205e+26 -1.396836219175234162e+26 -1.306118021500624787e+26
-1.178584194791000384e+26 -1.303679773718355578e+26 -1.329626103474431040e+26
-1.388181054273008941e+26 -1.125200887831827673e+26 -1.383565997562888552e+26
-1.277453116381654303e+26 -1.191393478247904630e+26 -1.358039503772601846e+26
-1.120800999614866615e+26 -1.350593616749637087e+26 -1.327488381487648018e+26
-1.104799657294259408e+26 -1.249960015404196210e+26 -1.235333622423780287e+26
-1.247943376446091280e+26 -1.116105833072894332e+26 -1.391428388413177023e+26
-1.219678549715429680e+26 -1.281938362693930964e+26 -1.399796420570189440e+26
-1.254210234936270391e+26 -1.057415723167775530e+26 -1.385201030011172011e+26
-1.166199176934693330e+26 -1.249999972518184137e+26 -1.233989886175648671e+26
