2.403089866882119168e+04 8.908592161707336345e+03 -2.315853907490543861e+04
-3.924506007112437601e+03 -6.444836300906853467e+03 3.207448685197471059e+04
-4.338504322770145518e+04 9.151212879226630321e+03 -2.558015639577476395e+04
4.018859273450216278e+04 5.225057858479553943e+03 2.865522880192726006e+04
-3.067080205017485787e+04 4.043866172972523054e+04 2.826724032819646891e+04
-2.256544397229179594e+04 -3.064113252932015166e+04 -4.526347417977272926e+03
-3.355474972997166333e+03 4.081182448074144486e+04 7.199417795482356269e+03
-2.711952125097453609e+04 -5.787190635619631394e+03 8.725033075221768740e+03
3.135488558830856709e+04 3.058600623693813031e+04 -1.293104454119701950e+04
-2.314958542155864052e+03 -1.597634712734401182e+04 -2.159225870208184278e+04
3.942627754131091933e+04 -1.740890437724415824e+04 1.460912840281614990e+04
-3.633131176331110328e+04 -4.350007303016149672e+04 3.160116552548083928e+04
-4.717198154382551365e+03 5.976814473135593289e+03 -3.299634652393042052e+04
-1.772935021591644909e+04 3.305258738291666668e+04 -5.470122687663308170e+03
3.518213161163797486e+04 3.509286679172181266e+03 -4.112675141421366425e+04
-4.078485590816305194e+04 1.157957176608661757e+04 2.585030488123042960e+04
1.067823107190123847e+04 -3.987171804005769809e+04 -3.968672869650722714e+04
-5.896479847016549684e+03 -3.347873386222001136e+04 1.789926867936419512e+04
2.637506425540719647e+04 8.468647225958966374e+03 3.093022653455997897e+03
-3.318423479936845979e+04 -2.365924027827604732e+04 -3.328235035567563318e+04
1.427327265435307345e+04 3.940457778595336276e+04 3.387652990594792936e+04
5.247071476161591818e+03 1.610541923355671315e+04 -8.123569764663850947e+03
8.150161281801457335e+03 1.419644018979588873e+04 2.272538138229336619e+04
2.153008591367975896e+04 -2.999174349808831903e+04 2.809589606951986207e+04
-3.981992948747561604e+04 1.828100196753361888e+04 -2.642077237645527930e+04
-2.555472705427007168e+04 2.616757028029783396e+04 2.198752658606264959e+04
3.491383881235191802e+04 2.455246199737774077e+04 3.135357433897463488e+04
3.138176636178997069e+04 -9.497967858456089743e+03 3.350239766152667289e+04
-4.327980838095446961e+04 2.329273010818035254e+04 -8.063703524501256652e+02
-1.665593397707350960e+04 -1.733441741307436314e+04 4.288037975483448827e+04
2.287344208366550811e+04 2.878559055058179001e+04 -2.050210307433778871e+04
-1.384574558065524570e+03 9.639375443301614723e+03 4.076644533150691859e+04
4.246717140458208451e+04 5.778232446682632144e+03 -1.496016120265181053e+04
3.101834690459472404e+04 2.191206203213727713e+04 6.364439912136481325e+03
7.879082685503512948e+02 5.160870644254823674e+02 -1.665160007782054527e+04
-3.273581883054679565e+03 -4.151107337928191555e+04 -1.994910268596736569e+04
-1.406698749952530125e+04 1.279489260748675588e+04 4.915367291697793007e+03
-6.922423710002251937e+03 3.600668674231116256e+03 2.362814130303641650e+04
-4.185631342735350336e+04 -3.501101338925043092e+04 4.277745796113077813e+04
3.234102757222466971e+04 3.284369625918771362e+03 4.213011092035583715e+04
-1.904445044967344438e+04 -2.965325754450486420e+04 2.857647170556739002e+04
2.751477921513697220e+04 -2.447476875449578438e+04 -8.722523118110148062e+03
-3.971317225762605085e+04 6.856609711419641826e+02 4.051591356543010625e+04
-2.135504351265501828e+04 1.440222840284252743e+04 -1.437384353343869770e+04
-2.157660599338317115e+04 -3.180045649850106565e+04 -3.525236403859045822e+04
4.050339344317976793e+04 2.857119535113614984e+04 -3.961759409419928124e+04
-2.982742484070069986e+04 -1.855962086416519924e+03 2.752572978884553959e+04
-4.054626075220209168e+04 3.782625307670162874e+04 -4.001181147226820758e+04
-1.259458919084199806e+04 -4.560958639684577975e+03 -1.137172058099768947e+04
1.183448807632068201e+04 3.548817361070527113e+04 1.092916765043348641e+04
1.030153021025658381e+04 -2.711756201947369846e+04 -3.761046568400804244e+04
1.977005338360128371e+04 -9.466757332674562349e+03 1.780566629337444465e+04
7.049139152983146232e+03 3.930540737912683107e+04 -1.698348952527121219e+04
-3.972843341661249724e+04 1.291487698714513954e+03 -1.861672483449017454e+04
-9.907258043611191169e+03 -8.871314421805571328e+03 1.803744738630026768e+04
-4.091644157475813699e+04 9.542512323130718869e+03 5.912814342521252911e+03
3.927284280382419820e+04 -2.154242868579029891e+04 -3.743834524732457794e+04
-2.242019550018529117e+04 1.970479479646793334e+04 4.019738279004412470e+04
-4.223906893867456529e+04 -5.268357092261715479e+03 1.861684789803362946e+04
3.533488722821968258e+04 4.265074839357048404e+02 -2.012640130596706149e+04
-1.122834369645105471e+04 2.823352724872813997e+04 2.473159469821690436e+04
6.593567812599069839e+03 1.411880287599944495e+03 -4.859848895769817318e+03
3.074308251785723769e+04 3.223644962714171197e+04 3.974034626012469380e+04
4.344398698382778821e+04 2.358944439841397980e+04 -2.340576456310422600e+03
-2.104580307990728033e+04 -7.556796375591747164e+03 -3.315773381516781956e+04
-3.103434585725943180e+04 -4.432375654705257148e+03 -3.988378439234549296e+04
3.846326410219277750e+04 2.627100911597721642e+04 1.666409264225548031e+04
-1.517010982091900951e+04 -2.200424980365366355e+04 1.383097499239423632e+04
9.676733202736195381e+03 -1.066944526458987093e+04 -3.004607291744963004e+04
-4.140151122646383010e+04 -3.198451940396366990e+04 -8.472019887856711648e+03
-1.720603455652582852e+04 4.419435574864151022e+03 1.909225268528493689e+04
2.947400656214165792e+04 -4.080966825007794978e+04 3.892950036531433580e+04
3.636321685003440507e+04 -3.352033057479148556e+04 -1.512947492557336773e+02
2.137449643279494558e+04 2.994254348628026491e+03 4.365216549555319216e+04
-3.338750044305542542e+04 2.509158694219752579e+04 -1.575375027946297450e+04
3.685679978763141116e+04 1.118471558594470844e+04 -2.481709147490646865e+04
-2.522906606919088881e+04 4.057431244893244002e+04 5.852205588961917783e+03
-9.369061269522768271e+03 -3.406882777621704008e+03 5.309181257146456119e+03
9.541222141779635422e+03 2.377616423843486336e+04 -5.637312423009652775e+03
-2.253497573674993328e+04 1.336280595861711845e+04 -3.402400477969919302e+04
1.337986221786418537e+04 5.220551551986458435e+03 -4.188716839253604849e+04
7.880748474055292718e+03 -3.985337473744794261e+04 -5.706709604911635324e+03
1.789489648050778487e+04 -3.313855174039891426e+04 -3.020957527251882857e+04
-1.937992646482998316e+04 2.985528790818651760e+04 1.031368838486518143e+04
-2.781172779235531561e+04 -1.781704701162080710e+03 3.584090646022427973e+04
2.497507372724858214e+02 1.067552706824554480e+04 1.284483005486231377e+04
2.577805087082844329e+04 -1.154644565043032344e+04 -3.052930878592199588e+04
3.992561732560762903e+04 -5.179481073589530752e+03 1.458497579176248473e+04
-1.522103337766403638e+04 -4.327665379538558045e+04 -1.106852978892489955e+04
1.008075007904319136e+04 -4.082279725294408854e+04 3.848662631996596610e+04
3.755446545842466003e+04 1.434711367604973202e+04 -1.483681239601692687e+04
-1.132382310634892929e+04 9.167218302119035798e+03 -3.766840869201722671e+04
-5.419994915956046498e+03 1.787406088798807104e+04 -7.606177442402800807e+03
-2.400133685035460439e+04 -3.850897848943585268e+04 2.999584736293380047e+04
-2.795399158781976439e+04 -2.006541496511970399e+04 8.260729449751461289e+02
1.698686276581043421e+04 9.484971536432634821e+03 1.275735088334815373e+03
2.339740457870333194e+04 -1.820007933704138486e+04 -4.106488378766062669e+04
-3.787377341519448237e+04 1.347172591281758287e+03 -9.317756531952411024e+03
1.846713873627367502e+04 -6.110077848766723037e+02 -1.875787396218577851e+04
1.277732629722615911e+03 3.818463193003292690e+04 3.912934169565881166e+04
-8.349897114591582067e+03 -2.499914838790064096e+02 -2.584152883346134695e+04
2.681477051878371276e+04 1.275463214430015069e+04 -3.595491071390455909e+04
4.236170963069424033e+04 -1.524778573775669793e+04 3.986457029153218173e+04
1.426396984946240264e+04 -2.073518179992223304e+04 2.438374151262197483e+04
4.267300078813436994e+04 1.746281403026828457e+03 -2.470957305255423125e+04
-3.717261194257809984e+04 1.732895228878127455e+04 4.153159294931654586e+04
-3.284308550358602952e+04 2.317176149790601994e+04 2.453084367322679100e+04
-8.744938164377654175e+02 1.938288147877931988e+04 -3.160164746986494720e+04
-2.496696103804542872e+04 -3.727500084018816415e+04 1.576702795771409546e+04
-1.939846824893897792e+04 1.756313372964095834e+04 1.964458400418409656e+04
-2.345296060216473779e+04 1.913419398368477459e+03 1.746973656912011575e+04
3.270012996200792622e+04 2.628530530898834513e+03 2.155283799779431138e+04
-2.825053017890612318e+04 3.585796184549609461e+04 3.717073650583068229e+04
-4.420495342928144964e+04 2.233232131468144507e+04 -3.072393560045491176e+04
3.025588488733557824e+04 -1.102954237765772268e+04 -7.891811384028103930e+03
1.951564444719559106e+04 3.668430416885044542e+04 -3.102671112197455659e+04
-2.073894878877208976e+04 -2.180620176325675493e+04 -1.452705867357331408e+04
4.121356944995500817e+04 1.414493370859971037e+04 1.120514594072606087e+03
3.810264284016771853e+04 -4.048157281261163007e+04 -1.665078497081620662e+04
-4.090257192392273282e+03 -2.983072267559518514e+04 -3.406871543161123100e+03
-3.348096357103388436e+04 1.191767735657525554e+04 3.053666732082816452e+03
-4.285844365040881530e+04 1.415748503109345620e+03 -2.793460078090199750e+04
3.859314106076962344e+04 3.506623738166503608e+04 6.319872737542509640e+02
1.427098488116102089e+04 2.350720597108994298e+03 -1.092156334161532322e+04
-3.456149071451780037e+04 -2.900369097780335505e+04 -9.930643957714955832e+03
-2.029750299705603902e+04 3.833113127581824756e+03 -6.928901113535735021e+02
-2.138716541011823938e+04 2.940647346230117910e+04 -2.845749003673603875e+04
4.329864743351865036e+04 -5.533250191099693438e+03 -3.963012429729113501e+04
-4.143188331904234656e+04 -3.455492897151334910e+04 2.524936690294389700e+04
-5.617697275282054761e+03 -2.953726604352491267e+04 -2.219279740039440003e+04
3.170701819822650941e+04 9.100580626167742594e+03 3.641303510038278910e+04
1.030319833452264356e+04 -5.165767557793742526e+01 1.925327114774048459e+04
-3.610296922438602633e+04 1.421230750207984966e+04 -3.373262735241172777e+04
-4.628196244015701268e+03 -1.469753302337608693e+04 -6.799268597780413984e+03
-2.190665078115457800e+04 4.004813864284240844e+04 -1.607339794614544644e+03
-4.053227354075812036e+04 3.727954937088036968e+04 3.125340125367011206e+04
7.167903490881983998e+03 3.071402091358361940e+04 -2.055691269107810876e+04
1.099515041487573035e+04 -3.544837338028226077e+04 2.459363465613684093e+04
-3.759599328760603385e+04 -3.971647913727123523e+04 -2.842556839167832368e+04
1.886794119168103498e+04 3.548649626704076945e+04 -1.710279310293346498e+04
-1.079625415266827258e+04 1.030311739073886565e+04 -1.157444087997531460e+04
2.591229139850523643e+04 2.976246188505137252e+04 -1.313954118457353161e+03
-1.508693985545572286e+04 -2.025510686205095408e+04 3.608334650355289341e+04
2.056201124903827804e+04 -3.546350450423279835e+04 -1.204461522516192599e+04
4.116443189723134128e+04 -3.587452120724111592e+04 -3.591343301455600886e+04
-1.921574340541453421e+04 -2.189584809504686200e+04 -4.070951271326443384e+04
-9.630113895366419456e+03 1.485531204675474874e+04 2.390257730287963932e+04
4.123599117103697790e+04 -1.226314787359132242e+04 2.780552569367890101e+04
-6.510327981962673221e+03 -3.894750826627330389e+04 3.882691591982940736e+04
-1.501559912177735168e+04 -3.555616051169944694e+04 9.975908869340226374e+03
-3.666243885284486169e+04 3.086045464141054981e+04 8.888527558304622289e+03
-1.414570470663947344e+04 4.172108748246334289e+04 -8.883198209858344853e+03
-3.635941383533499902e+04 2.262884815596224871e+04 -2.091740695140589378e+04
-4.276487229756070883e+04 2.341148582409517985e+04 -1.097735392923770269e+04
-2.369012124387172298e+04 -3.618128586535687646e+04 -1.395021105636667016e+04
4.044374175078282860e+04 -3.945131298733645963e+04 1.208551847623585309e+04
-2.139427441406069556e+04 -4.130081825096334796e+04 -1.503245238564695228e+03
-1.188287844318225325e+04 2.338988027798070470e+04 1.042453001715897881e+04
6.092330201632575154e+03 1.308684032525299699e+03 4.160559757254197757e+04
4.145678782373177819e+04 3.052471735281170550e+04 -1.051297386250710224e+04
-3.371555170649162756e+04 -5.833171236856101132e+03 -1.156712228349892030e+04
-7.074425387151310133e+03 -7.670952417303337825e+03 -3.355507759726152290e+04
-3.380146588607598096e+04 5.067838846078684583e+03 2.433766704179923909e+04
1.358231419663609631e+04 1.423043662027223490e+03 -2.459121449176323949e+04
3.959972686059866828e+04 -5.022083059324167152e+03 4.193295158921006077e+04
-2.972915799637470991e+04 3.534194827077544323e+04 -1.328307894890216176e+03
3.831368612894041871e+04 2.284326296845352408e+04 4.062069058682723698e+04
4.273784829801323940e+04 -1.356750965107037700e+03 2.449031368076000217e+04
3.963419375115367438e+04 3.415498869356029172e+04 -2.484007438547873971e+04
4.140099013375641516e+04 1.909188954530336923e+04 1.391525098769892611e+04
-4.073081897137749183e+04 -2.994247819125625392e+04 -4.026353212756520225e+04
8.656794156946285511e+03 4.590094327300007535e+02 -1.777519248314838478e+04
1.447150325145492843e+03 -1.761888710279406223e+04 7.463394772899689997e+03
1.071860713217280590e+03 4.191278848327101150e+04 -1.655401244840618892e+04
-4.031663956702897849e+04 -4.263400108499726048e+04 1.544951466101060760e+04
2.233279637161954815e+04 -4.068313247989123920e+04 2.750082400136474098e+04
2.960109299088470652e+04 1.136733305548113822e+04 -1.192672320089106506e+04
-1.671318684641646541e+04 -1.245834649151480335e+04 3.523590456726656703e+04
2.466948524249704860e+04 -3.070900285611134677e+03 2.750767596421666894e+04
2.175830061444547027e+04 1.461463689071200861e+04 -1.012800749915289271e+04
1.644853004465163758e+04 3.613012975462400391e+03 -3.283816582459364145e+04
9.590264187712466082e+03 9.429596672035198935e+03 3.668415734809755668e+04
2.893428925977388644e+04 2.926646427545400002e+03 -1.453053818743221382e+04
9.536297206757139065e+03 1.550845804722079993e+04 9.475606996793118014e+03
2.298358268596386188e+04 3.052692119017017376e+03 1.406239016343090043e+04
2.606424966873268568e+04 5.801831832121587468e+03 3.800641037000150391e+04
-4.042428925234109192e+04 2.927470973024186605e+04 -2.902192444993313256e+04
-4.246784283011525258e+04 -1.185025003612964792e+04 -1.854291158431428994e+04
-3.684401416982816590e+04 8.085800052693569341e+03 3.485194121785320021e+04
7.017435728099101652e+03 2.722320285238846554e+04 2.246230671851512670e+04
-4.256276061137404758e+04 4.041357210050161666e+04 4.037839710617672972e+04
3.031147128324301957e+04 4.189012458475066524e+04 3.473218398891021207e+04
2.868066456718958216e+04 2.251261275562491937e+04 -2.733292880203069944e+04
-2.985714212297566337e+04 -3.058120009674479661e+04 4.125707556467325776e+04
-3.308928451034420868e+04 1.119481815339728928e+04 1.902986808649562590e+04
2.290174539883188845e+04 -1.651052095200891927e+04 2.982350640375231887e+04
-3.918093552157565136e+04 -4.132306994858816324e+04 4.064868106325170811e+04
-9.218792971386985300e+03 -2.612810380871565576e+04 -4.233802926376141841e+04
3.369472366236847301e+04 4.003368181197427475e+04 -1.343755035213840347e+04
-2.326909989353819401e+04 3.616665445998094219e+04 2.196502071169252304e+04
-3.676265754267162265e+04 -2.401194337966394232e+04 1.573792316473394385e+04
-4.035809518414002378e+04 2.010507768338778260e+04 8.830598291930784399e+03
-3.350430573277428630e+04 -2.164832694268233354e+03 -2.632666243836472495e+04
2.369436552384786410e+01 -2.296578921166128202e+04 2.393149593589752840e+04
2.946392325025155515e+04 7.757601295224623755e+03 -2.021902623580841009e+03
-2.132232055076686447e+04 -1.520504174039666395e+04 2.096385682571326470e+04
-5.133334445095215415e+03 3.476859542448657157e+04 -6.673031510505488768e+03
-2.149881487355193894e+04 -2.672373460503838942e+04 -2.600075087040752987e+04
2.267516512307744415e+04 -8.347395723444868054e+03 6.267693779337698288e+03
3.843504897585269646e+04 1.149564066335417738e+04 2.064321627005483242e+04
3.751689241050731653e+04 -3.854249491474795650e+04 2.554840305471449756e+04
9.627742201817305613e+03 -1.138093593566757045e+04 2.948604907030335380e+04
2.584524720393847383e+04 -1.658044480515220494e+04 4.210765764726995258e+04
1.478069104388103369e+04 1.459824406438352980e+03 3.278255425767398992e+04
-4.243125805749723804e+04 1.823005571527246138e+04 1.912370960247390758e+04
-8.095548520548592933e+03 2.164675202458052081e+04 3.851153901754803519e+04
1.964344448665892924e+04 2.624259785446317983e+04 1.442732160124197981e+04
2.690502623912290801e+03 -3.666597416803318629e+04 2.072644006011198508e+04
-3.718716019917842459e+02 6.065884186445144223e+03 2.809968761660355813e+04
-2.779582419183386082e+04 2.425990689857537291e+03 4.248316237558223293e+03
1.519008154613045463e+03 2.868150838987376846e+04 6.125990155127681646e+03
7.610769792777145085e+03 -2.802917851562283249e+04 -2.424617357509449721e+04
-2.968074174731935636e+04 2.687210280744246120e+04 -7.664670371755497399e+03
-2.354312941093879999e+04 -3.521739245358366315e+04 3.039435028012805560e+03
-2.778358863749322336e+04 1.645769778935338036e+04 -2.381975727439976617e+04
1.323201256250892038e+04 4.046572407834329351e+04 -1.988578415243309428e+04
-2.973614977216530679e+04 2.143843145990334597e+04 1.456746848070720080e+04
1.790691731727681326e+04 2.231394006306096344e+04 -4.000749935461804853e+04
-9.532409979487583769e+03 -2.702334355463182510e+04 2.198592923387305927e+04
-3.681522432144955383e+04 -2.026820535962227586e+04 2.962234019979982986e+04
2.721589199058649683e+04 -2.956629882784445726e+02 -2.490140466656202625e+04
-4.218446010647657386e+04 1.864886595921887783e+04 3.383850137152320531e+04
-4.200473023598841246e+04 -2.803310905029121932e+04 4.346476324411342648e+04
-9.179907230884546152e+03 3.584834077073689696e+04 -4.040261173102466273e+04
-4.149674006870311132e+04 3.483999177314827648e+03 2.642967490487267787e+04
-2.340556046579980466e+04 -6.593120257112576837e+03 4.042927573298456264e+04
4.103000844245958433e+04 1.835708715727538947e+04 -3.193947180554875376e+04
-3.987964739796645881e+04 3.709894718443055899e+04 -1.248748933072194995e+04
3.853669692054549523e+04 -1.696829784039037804e+03 7.872798177973754719e+02
-4.092427197537517350e+04 -2.550147665394927390e+04 -2.069495105102798334e+04
-9.792119652135394062e+03 3.919083208465542702e+04 2.285233672263880726e+04
-1.952299240443786766e+04 -2.120017038202393451e+04 3.072555600415734261e+03
2.066982495194045623e+04 4.058250047120687668e+04 1.826796559023350346e+04
-1.623322872489001838e+03 5.615721719549272166e+03 -4.178716467837292294e+04
-3.866683576970193099e+04 1.689731257735988765e+04 2.369044693861857013e+04
4.126161009210027987e+04 1.574950873634425807e+04 3.583516082182832906e+04
3.060589213247884982e+04 8.563928545530376141e+03 1.142554843829208585e+04
-3.793723486425323063e+04 1.636037634208538657e+04 -4.095705397366565740e+04
-1.495655012248688945e+04 2.137818437694355816e+04 -1.447181097742415113e+04
-1.754409780868934467e+04 -1.338941165233450738e+04 9.284560555999974895e+03
1.915821798103610854e+04 8.034162112242443982e+03 3.876072342151134944e+04
-3.556350541315592272e+04 -3.879591154235644353e+04 3.383235569823745209e+03
-2.523083434201996715e+04 -2.975256009644781443e+02 -2.041312931068441685e+04
-3.733538519762043870e+04 4.022735594427210890e+04 -2.953699564885505970e+04
3.037506669653259087e+04 -4.024344238579661032e+04 -3.898047782277243823e+04
-2.344847352223869530e+04 6.278860232273933434e+03 -4.247334203511218948e+04
-3.876006714180095150e+04 4.087549885911282036e+04 8.132576608922950982e+03
1.574797229756538218e+04 -2.284505982306254009e+04 1.402247639286356753e+04
-2.813555016501290083e+04 2.460323616374943231e+04 3.312411555649217917e+04
-1.353381629298421831e+04 3.783323783292606822e+04 3.737389468024151574e+04
-1.007324372802477228e+04 -1.282955563620389512e+04 3.853329342301778524e+04
2.478650920989404403e+04 4.805425852544564805e+03 -4.188166775236981630e+04
3.996460489632986719e+04 3.009754606446267189e+03 -3.264826477700300165e+04
6.814722724467622356e+03 3.996424971967531746e+04 1.488673307271878002e+03
-1.239085383858050409e+04 1.308462243311498969e+04 -2.708363484347672420e+04
-2.557756505094552631e+04 -1.619297192475699921e+04 -2.443260707452381030e+04
2.270247013536932718e+04 2.359033145929153761e+04 -1.345663118337711967e+04
3.300687058108924248e+04 -4.135071501837956748e+04 -3.396170720891309884e+03
-1.865450535405417031e+04 -1.309862221346013757e+04 -4.227053610744588514e+04
-2.273446170172714483e+04 3.598007754050342101e+03 4.200217883569809055e+04
2.080775421340371031e+04 1.363444752149576379e+04 2.629678130919516116e+04
1.084517112540869857e+04 7.194907281575426168e+03 5.703634568181967552e+03
-4.216045457442434781e+03 1.871446154395246776e+04 1.285727767072250390e+04
-2.339328155955277180e+04 3.973021545079449425e+04 -1.959509010807374943e+04
2.352163289492299373e+04 3.866551443073299743e+04 3.217099100867318157e+03
4.175564847009984805e+04 -1.024301632423037154e+04 -2.206255798832057189e+04
-1.554785913278005683e+04 -4.032426274906883918e+04 2.162755088723230074e+04
-1.483642896264814408e+04 1.919442711315091583e+04 -4.187451268925813201e+04
-4.244224735783742653e+04 -3.919025699951838760e+03 -3.688498872092374950e+04
2.819583547292386720e+04 -2.106224248890084345e+04 7.054614099497746793e+03
3.549849519185935060e+04 4.143222068262925313e+04 -4.066693526108040533e+04
-2.914567529643628950e+04 -1.283439137263074372e+04 -6.968458667549091842e+03
-4.094126675072246144e+04 -2.980943564355668059e+03 1.714509703069548095e+03
-1.343088878754947291e+04 -3.576004879016828636e+04 -1.613046277132510477e+04
4.462998012588045640e+03 -3.988993733194260858e+04 1.008145812803876470e+04
3.423475937174403953e+03 4.115917260982374864e+04 1.845440286446810933e+04
-2.149316690649187512e+04 -5.254465309586989861e+03 2.557557811331447374e+04
3.826209318961494864e+04 -2.944452283918494504e+04 -2.346415794588385688e+04
-2.879226705989670882e+04 -3.812339517881852225e+04 -3.876853801822769310e+04
4.084472883108932729e+04 -4.052754306954618369e+04 3.903261204678186914e+04
-4.192675160498016339e+04 -1.711498251181494561e+04 -3.503683190249938343e+04
-4.096518266224137915e+04 1.073213081370606233e+04 -7.431156686366472059e+03
2.429497787068827893e+04 -2.651560506495585651e+04 -3.625374233606597409e+04
-7.855103422979327661e+03 -3.679542585807658907e+04 -3.635023369482322596e+04
-3.233881749804364154e+04 2.346293095089405688e+04 1.544411503797527985e+02
1.130421876600546238e+04 3.749942392291268334e+04 -3.997303698215847544e+04
2.968781648562410192e+04 3.428594499331108091e+04 -3.232217998457755311e+04
-1.915358851605837799e+03 1.236069493886583587e+03 -2.299405454880482012e+03
-1.543962751586730519e+04 -2.317744650981007726e+04 2.908370251376383021e+04
4.167689492340147990e+04 2.059908873964355735e+04 -1.785286247529891989e+04
4.272156066100562020e+04 4.053665288931336545e+04 1.750881850787067742e+04
-1.521244951435547046e+04 6.916341874175806879e+03 3.390754932668105903e+04
-2.976900087397715106e+04 7.225318089012749624e+03 1.282826572239578491e+04
3.930548976592292456e+04 3.426796026539967716e+04 2.968803454732796672e+04
3.466639727207151736e+04 7.541118175578500995e+03 -4.032869437249540624e+03
-2.981206522609562398e+03 2.619384572339795704e+04 -1.855560490077660143e+04
-6.682144060454278588e+03 -1.032925194018921320e+04 2.364648307317601575e+04
2.702634014656186991e+03 2.915268529036918335e+04 -3.131726492323130969e+03
1.942739188015462059e+04 -4.276757734755262936e+04 2.165854135448056695e+04
-1.071578924379565069e+04 2.896695545193669022e+04 -4.602426316435556146e+03
2.371616078993735755e+03 4.221106573666193071e+02 3.201627372084357557e+04
3.973675847979742684e+04 4.320038183037738054e+04 4.256810929543912061e+04
1.569123915581122492e+04 -8.483305711166638503e+03 -4.032579719233415381e+04
-1.635778938976357676e+04 3.900941657607338129e+04 1.396630778986536643e+04
-4.116184936061962799e+04 -1.968890380756962259e+04 -7.029159578312413942e+03
-1.343545353520462595e+04 9.190299312744578856e+03 1.695629077771725497e+04
-3.337540230225805135e+04 -8.221571990650383668e+03 1.378956153954076035e+04
4.076842966866718052e+04 1.138484252484922763e+04 -6.710126754473274559e+03
3.117720242465142292e+04 -1.609779230118081978e+04 -2.179517961317584923e+04
2.896993958107443905e+04 3.549548670910534565e+04 1.915140308485959031e+04
3.962774627833138948e+04 -2.567741508818748480e+04 2.853177279914355677e+04
4.310869437942214427e+04 3.301642842014221242e+04 4.141541304607915663e+04
-3.898284230352010491e+04 -3.995104308840485464e+04 -1.454593985109478490e+04
8.111525417888055927e+02 -9.174652048719872255e+03 -3.905139064006109402e+04
-5.425899273769087813e+03 -1.650547292537718022e+03 1.332484004021097098e+04
1.257603994491254343e+04 -1.514628881567903227e+04 -1.191762245964270369e+04
6.116667511008848123e+03 6.663742344292029884e+03 -3.067257974024114083e+04
-4.289638257427165809e+04 -1.776324385037176035e+04 4.176983190272765933e+04
1.041060158396059342e+04 -7.546079327918548188e+03 1.704903420050415662e+03
-9.165188577302633348e+03 -2.771424609043904638e+04 3.787396617856155353e+04
-4.479393327428243538e+03 -2.413989809165076076e+04 -3.199648525415879703e+04
-4.321864030073650792e+04 3.868293975952548499e+04 2.093496986533641757e+04
-1.665230256927134178e+04 -1.912830600923386555e+03 -2.267669973444519928e+04
-3.483623005676016328e+04 -2.186604729264642447e+04 -4.324548107024417550e+04
-2.572322101749436843e+04 -1.284266489983218344e+04 6.637735306319940719e+03
1.062702282311698582e+04 2.397024222450384332e+04 3.892876751821461949e+04
1.943860569393109108e+04 -3.448846393038527458e+04 1.184354176679289594e+04
5.509906636941838769e+03 -2.304578571663747425e+04 3.666844636398414150e+04
1.140765161777382673e+03 -3.837857433243938431e+03 3.956598696003662189e+04
-3.903736377230474318e+04 4.327022454314785136e+04 3.267981046832471839e+04
3.233974817524684113e+04 -3.910891241556648311e+03 -3.837496544422252191e+04
2.398232678877002763e+04 2.951352661302726119e+03 -4.009418439098428735e+03
-4.809410705927882191e+03 3.986699438476528303e+04 -2.704988775925301161e+04
1.218118011036410462e+04 2.080668500029121424e+04 -2.768726161255517945e+04
-3.951927255248591246e+04 2.789777439067760133e+04 2.751980328682779873e+04
1.508083127896784208e+04 1.955459616498147079e+04 -8.743510719993422754e+03
-2.746068289042125252e+04 3.865956135762226040e+04 -3.740393454771924007e+04
-2.070207741729768532e+04 -3.913439087997476599e+04 -2.652993585171284576e+04
1.431050342109564372e+04 -4.203605428715215385e+04 -2.405476566638027725e+04
4.064034760441774415e+04 -1.728885027043880473e+04 -6.570693884828884620e+03
