-1.122008213691978103e+26 -1.328255340570746323e+26 -1.355933289907431828e+26
-1.293110791507840515e+26 -1.058800764859444282e+26 -1.399213630233689398e+26
-1.299559645830779485e+26 -1.176634130933828489e+26 -1.352690659474067339e+26
-1.067770642404654469e+26 -1.322576555633783988e+26 -1.251372647038160315e+26
-1.128433295810259733e+26 -1.261032876993864337e+26 -1.380116868948106178e+26
-1.120408972176372683e+26 -1.373955324774388660e+26 -1.299397941560087648e+26
-1.331731877532970312e+26 -1.083546209215417931e+26 -1.358818461582635739e+26
-1.205613645591705783e+26 -1.241308486619432823e+26 -1.236621661789794279e+26
-1.164557741102757947e+26 -1.371642095650086625e+26 -1.371439658325976188e+26
-1.077641351329883367e+26 -1.294722963743544428e+26 -1.303059681094481408e+26
-1.219678549715429680e+26 -1.281938362693930964e+26 -1.399796420570189440e+26
-1.388181054273008941e+26 -1.125200887831827673e+26 -1.383565997562888552e+26
-1.259541842832692442e+26 -1.080395395411496002e+26 -1.374799222939176190e+26
-1.324272744162639246e+26 -1.217226631336846303e+26 -1.379820736309948889e+26
-1.070088781794208443e+26 -1.390557998320212678e+26 -1.254497745355562261e+26
-1.096378730677151316e+26 -1.274800081533784467e+26 -1.342136340376946729e+26
-1.093835698427028687e+26 -1.250032637308201152e+26 -1.233972890842097463e+26
-1.381661302808899242e+26 -1.069429688294971752e+26 -1.379729740963785193e+26
-1.121580541453294477e+26 -1.349262338384884568e+26 -1.329379521060939500e+26
-1.209028321491310146e+26 -1.290926724525569178e+26 -1.303518217604383572e+26
-1.285814704976921341e+26 -1.064578030827836171e+26 -1.322802195806891875e+26
-1.368801843944377228e+26 -1.187063781424621525e+26 -1.343875806739218020e+26
-1.128762876711257447e+26 -1.294845401126413064e+26 -1.389644420794542745e+26
-1.105316287309556283e+26 -1.328904725894647295e+26 -1.319570521078666235e+26
-1.199583556606534583e+26 -1.401433517168026488e+26 -1.275804734761804663e+26
-1.232329466194533635e+26 -1.201053351623028807e+26 -1.380628697681229639e+26
-1.143819721714217587e+26 -1.302365948453712687e+26 -1.397091477031748069e+26
-1.095166899109987452e+26 -1.331452700050270948e+26 -1.292407709141103952e+26
-1.243661472469481152e+26 -1.117206596318381071e+26 -1.389979723056055445e+26
-1.130544353288094399e+26 -1.380798008167247465e+26 -1.347311596226957577e+26
-1.342289033203492240e+26 -1.114081037961808683e+26 -1.332144305662769557e+26
-1.075960062847003145e+26 -1.267665215511585629e+26 -1.271049014546333459e+26
-1.296407418260192506e+26 -1.064715928741084440e+26 -1.370870242331436173e+26
-1.169303296260573088e+26 -1.226305524457668322e+26 -1.343329364578542382e+26
-1.069362418113021113e+26 -1.242866211393556524e+26 -1.363091241114211569e+26
-1.114230969214060752e+26 -1.327129704598166456e+26 -1.382319927563711886e+26
-1.323572912085496200e+26 -1.123113635874392804e+26 -1.383704652163564366e+26
-1.106031718531501760e+26 -1.248094699199648313e+26 -1.302409929001983914e+26
-1.074856708114485614e+26 -1.271809143897300095e+26 -1.332241633076469139e+26
-1.069180411349456614e+26 -1.354505001731389099e+26 -1.331747346098968670e+26
-1.106899957087559028e+26 -1.395302721791492227e+26 -1.259322726577517016e+26
-1.140251521301532294e+26 -1.250894879283803333e+26 -1.234362216568132896e+26
-1.272289066201921112e+26 -1.090891965028147586e+26 -1.393483045892258254e+26
-1.093806488953052614e+26 -1.238637969278627688e+26 -1.387326225155657866e+26
-1.107599266849486639e+26 -1.387113984376732979e+26 -1.382784212219524559e+26
-1.243604965998779819e+26 -1.052484042991811732e+26 -1.372213837956240524e+26
-1.239253859273921684e+26 -1.107519774491492754e+26 -1.338347773165925751e+26
-1.138774356474744238e+26 -1.339965304467159263e+26 -1.377767265519557876e+26
-1.178584194791000384e+26 -1.303679773718355578e+26 -1.329626103474431040e+26
-1.389858369142441547e+26 -1.091163453428203081e+26 -1.327760192634099351e+26
-1.121119717628163344e+26 -1.398732163140458791e+26 -1.302346443596441273e+26
-1.093570060961839418e+26 -1.358852974564954106e+26 -1.280545870329334730e+26
-1.182396483148424971e+26 -1.394641440595064279e+26 -1.333467792151775785e+26
-1.110794938657759948e+26 -1.316549439827531921e+26 -1.358001406569525663e+26
-1.191655494662417025e+26 -1.385558188151097369e+26 -1.374721232237426832e+26
-1.280785241365896797e+26 -1.196481124760581840e+26 -1.351089934095373031e+26
-1.065997462604125672e+26 -1.358265520615336307e+26 -1.259378473682251287e+26
-1.271292815217704307e+26 -1.062846435354082133e+26 -1.394933786447909104e+26
-1.360267384079555672e+26 -1.135821856359354315e+26 -1.340762828143720872e+26
