-1.353486185725409219e+26 -1.137190697889210487e+26 -1.351705870295474399e+26
-1.109602649400153086e+26 -1.346107782552864589e+26 -1.316948569008381976e+26
-1.290631713107333731e+26 -1.061266962931284972e+26 -1.392387536183609983e+26
-1.159616051559250655e+26 -1.376892089785177805e+26 -1.366109309008333122e+26
-1.288611353715719680e+26 -1.184619299856614226e+26 -1.354347208450404758e+26
-1.179395097772698266e+26 -1.280622782679752924e+26 -1.321934701980496128e+26
-1.261497377876943705e+26 -1.076346878090228640e+26 -1.380969879682709364e+26
-1.161328627727993180e+26 -1.245886122457717490e+26 -1.235394607747454729e+26
-1.142594964642910403e+26 -1.298366338215026809e+26 -1.395149275308498208e+26
-1.118821934207651168e+26 -1.325561091851849161e+26 -1.360085456798741337e+26
-1.075331893421882677e+26 -1.365231437754358761e+26 -1.255446652985527008e+26
-1.092401674697690039e+26 -1.256684036678735089e+26 -1.361421609392022499e+26
-1.124650101414792277e+26 -1.385848233808089125e+26 -1.298103390831795356e+26
-1.291505002803083540e+26 -1.068780960743858573e+26 -1.331290927979046362e+26
-1.376852926906002521e+26 -1.075297371112506986e+26 -1.374358676601119047e+26
-1.080275574650882405e+26 -1.286289024589896755e+26 -1.296106524517955258e+26
-1.244467569577223442e+26 -1.112671409640333804e+26 -1.370196142314276549e+26
-1.328294984692970552e+26 -1.216613409321492109e+26 -1.378912391517364260e+26
