-1.381661302808899242e+26 -1.069429688294971752e+26 -1.379729740963785193e+26
-1.129668463123191999e+26 -1.332547721537133906e+26 -1.384703136508920924e+26
-1.247943376446091280e+26 -1.116105833072894332e+26 -1.391428388413177023e+26
-1.077641351329883367e+26 -1.294722963743544428e+26 -1.303059681094481408e+26
-1.120608483530823847e+26 -1.380358140408491055e+26 -1.300868669210577432e+26
-1.256987052695303093e+26 -1.062542365997146765e+26 -1.381013276210986720e+26
-1.324272744162639246e+26 -1.217226631336846303e+26 -1.379820736309948889e+26
-1.214610565357260128e+26 -1.239069662804261290e+26 -1.236392074118999935e+26
-1.118645965803936114e+26 -1.295993650860609926e+26 -1.381989583278937489e+26
-1.066261811500459005e+26 -1.336728769624551763e+26 -1.254600430231043954e+26
-1.293301511009151922e+26 -1.183249795542746387e+26 -1.352157084347835903e+26
-1.098114398487668248e+26 -1.331684608005965089e+26 -1.308203264553384654e+26
-1.288347440385241290e+26 -1.061014585090735960e+26 -1.398053340590188642e+26
-1.112600957353377686e+26 -1.315989915679612164e+26 -1.352039027046793936e+26
-1.110926495128583676e+26 -1.388286803015106492e+26 -1.370385172208585259e+26
-1.182396483148424971e+26 -1.394641440595064279e+26 -1.333467792151775785e+26
-1.209028321491310146e+26 -1.290926724525569178e+26 -1.303518217604383572e+26
-1.102190441679615277e+26 -1.237743233269905849e+26 -1.387302138388603366e+26
-1.352562376561242846e+26 -1.126504362760406114e+26 -1.337069175651884594e+26
-1.093835698427028687e+26 -1.250032637308201152e+26 -1.233972890842097463e+26
-1.076122161365237486e+26 -1.384985574984766915e+26 -1.253041188016424554e+26
-1.279485297230778096e+26 -1.065165920709768579e+26 -1.323414883608133665e+26
-1.121541634484378019e+26 -1.349872862635181453e+26 -1.328355156539027669e+26
-1.142436352455385893e+26 -1.300224975528156823e+26 -1.396916329829444820e+26
-1.120758572816910392e+26 -1.328331115307145660e+26 -1.358108151058707196e+26
-1.169303296260573088e+26 -1.226305524457668322e+26 -1.343329364578542382e+26
-1.328164344076637168e+26 -1.078069302266107066e+26 -1.349048535387147536e+26
-1.199583556606534583e+26 -1.401433517168026488e+26 -1.275804734761804663e+26
-1.081477589848844637e+26 -1.275760332946223168e+26 -1.338674873069649846e+26
-1.323572912085496200e+26 -1.123113635874392804e+26 -1.383704652163564366e+26
-1.296407418260192506e+26 -1.064715928741084440e+26 -1.370870242331436173e+26
-1.170811068847294645e+26 -1.374853501611858243e+26 -1.372196944613233976e+26
-1.239253859273921684e+26 -1.107519774491492754e+26 -1.338347773165925751e+26
-1.088740573766698248e+26 -1.358336706152498673e+26 -1.291275852069055952e+26
-1.368801843944377228e+26 -1.187063781424621525e+26 -1.343875806739218020e+26
-1.087507528166165208e+26 -1.263349348992538194e+26 -1.277107107662675696e+26
-1.219678549715429680e+26 -1.281938362693930964e+26 -1.399796420570189440e+26
-1.232329466194533635e+26 -1.201053351623028807e+26 -1.380628697681229639e+26
-1.153041976299369112e+26 -1.249938238877517972e+26 -1.235344952646147759e+26
-1.134004060794895909e+26 -1.371662899866902007e+26 -1.355099416535706116e+26
-1.104971523107024019e+26 -1.250737172231188784e+26 -1.320430406609084441e+26
-1.388600382990367049e+26 -1.116691529230921568e+26 -1.369614546330691381e+26
-1.178584194791000384e+26 -1.303679773718355578e+26 -1.329626103474431040e+26
-1.110874223428937418e+26 -1.397411248049436456e+26 -1.268961079561309161e+26
-1.072432884267783549e+26 -1.241890703354562598e+26 -1.372804504144433722e+26
-1.263607268245965650e+26 -1.086803941209842513e+26 -1.381408986981465057e+26
-1.131800115582693634e+26 -1.257348381089537259e+26 -1.381980200354834906e+26
