-1.141643518672016622e+26 -1.297284498005725074e+26 -1.395339438944020091e+26
-1.265582543856809998e+26 -1.085352787056170334e+26 -1.374509222482539486e+26
-1.124194482551944208e+26 -1.326471728528239572e+26 -1.357230066573850763e+26
-1.283899352122671444e+26 -1.190013496337172581e+26 -1.354812476071369304e+26
-1.075960062847003145e+26 -1.267665215511585629e+26 -1.271049014546333459e+26
-1.069801352305076384e+26 -1.367644452258976708e+26 -1.262854669417666840e+26
-1.388223786545312199e+26 -1.074912074675277002e+26 -1.374318659219990937e+26
-1.119804206490717113e+26 -1.389916587199926244e+26 -1.337074298358806168e+26
-1.205613645591705783e+26 -1.241308486619432823e+26 -1.236621661789794279e+26
-1.323063793547407110e+26 -1.216876226312613986e+26 -1.382912592185925529e+26
-1.072432884267783549e+26 -1.241890703354562598e+26 -1.372804504144433722e+26
-1.112642180077311003e+26 -1.327625234418025898e+26 -1.306758982626264142e+26
-1.191655494662417025e+26 -1.385558188151097369e+26 -1.374721232237426832e+26
-1.077641351329883367e+26 -1.294722963743544428e+26 -1.303059681094481408e+26
-1.292655761994037085e+26 -1.060002174544276165e+26 -1.399266116610403999e+26
-1.360267384079555672e+26 -1.135821856359354315e+26 -1.340762828143720872e+26
-1.285814704976921341e+26 -1.064578030827836171e+26 -1.322802195806891875e+26
-1.122301586382098160e+26 -1.362671244436048820e+26 -1.312809376615438974e+26
-1.157544333457216094e+26 -1.309179953828327440e+26 -1.323612849110437227e+26
-1.243661472469481152e+26 -1.117206596318381071e+26 -1.389979723056055445e+26
-1.120081254534461109e+26 -1.272257973379812171e+26 -1.375239348842183274e+26
-1.137117485367230858e+26 -1.344508647872160321e+26 -1.374297272994792494e+26
-1.114196966828347258e+26 -1.375814031180329086e+26 -1.294269320925430762e+26
-1.076718143115201152e+26 -1.271787045945873869e+26 -1.333064363914921195e+26
-1.140251521301532294e+26 -1.250894879283803333e+26 -1.234362216568132896e+26
-1.117056265963733622e+26 -1.241498207576949688e+26 -1.318678477002208827e+26
-1.331731877532970312e+26 -1.083546209215417931e+26 -1.358818461582635739e+26
-1.114230969214060752e+26 -1.327129704598166456e+26 -1.382319927563711886e+26
-1.199583556606534583e+26 -1.401433517168026488e+26 -1.275804734761804663e+26
-1.229465812758263977e+26 -1.051492246753712031e+26 -1.386856221817870240e+26
-1.067770642404654469e+26 -1.322576555633783988e+26 -1.251372647038160315e+26
-1.164557741102757947e+26 -1.371642095650086625e+26 -1.371439658325976188e+26
-1.219678549715429680e+26 -1.281938362693930964e+26 -1.399796420570189440e+26
-1.096364852015710153e+26 -1.335013532374580596e+26 -1.319330610507705480e+26
-1.236647847862234399e+26 -1.133759062816338751e+26 -1.323240157115111560e+26
-1.209028321491310146e+26 -1.290926724525569178e+26 -1.303518217604383572e+26
-1.337571200930193433e+26 -1.221081086603401439e+26 -1.345810321674204475e+26
-1.323572912085496200e+26 -1.123113635874392804e+26 -1.383704652163564366e+26
-1.271292815217704307e+26 -1.062846435354082133e+26 -1.394933786447909104e+26
-1.112122658296600118e+26 -1.317517716021159036e+26 -1.356532949765496561e+26
-1.078279483917739960e+26 -1.393292149725506273e+26 -1.240264810418098569e+26
-1.356448496470273309e+26 -1.172892686599771553e+26 -1.335990875978474971e+26
-1.135914426686783042e+26 -1.376238718650908075e+26 -1.352430245161033453e+26
-1.232329466194533635e+26 -1.201053351623028807e+26 -1.380628697681229639e+26
-1.297925411922104397e+26 -1.063050987050363150e+26 -1.370611410030833897e+26
-1.120746864920463856e+26 -1.349247286371179147e+26 -1.330895540383153720e+26
-1.366348840757269354e+26 -1.056637453407592833e+26 -1.392355598365971964e+26
-1.093820776283101941e+26 -1.356253459950985977e+26 -1.284528716702580445e+26
-1.107599266849486639e+26 -1.387113984376732979e+26 -1.382784212219524559e+26
-1.148366491736621748e+26 -1.256041934129985144e+26 -1.394981919803924648e+26
-1.098682020243347072e+26 -1.252492360281447340e+26 -1.291564230335167249e+26
-1.240122529744484113e+26 -1.098773345049877308e+26 -1.343383645182863814e+26
-1.388181054273008941e+26 -1.125200887831827673e+26 -1.383565997562888552e+26
-1.090280268621362891e+26 -1.328903520551842260e+26 -1.289813620578663293e+26
-1.139164811013882944e+26 -1.317602701852340846e+26 -1.395865168226079419e+26
-1.110874223428937418e+26 -1.397411248049436456e+26 -1.268961079561309161e+26
-1.263992771313390719e+26 -1.091438719286513716e+26 -1.394493532118495896e+26
-1.182396483148424971e+26 -1.394641440595064279e+26 -1.333467792151775785e+26
-1.102190441679615277e+26 -1.237743233269905849e+26 -1.387302138388603366e+26
-1.099203017617407734e+26 -1.280205875266501151e+26 -1.345611223149664062e+26
-1.189104125457892614e+26 -1.300929683663369647e+26 -1.332632730656427947e+26
-1.063339561184680299e+26 -1.368752937160061809e+26 -1.325011528901432804e+26
-1.126647109786891549e+26 -1.392249872582784958e+26 -1.299217261749807611e+26
-1.169303296260573088e+26 -1.226305524457668322e+26 -1.343329364578542382e+26
-1.256676340486655906e+26 -1.064675253204519936e+26 -1.370236335331070472e+26
-1.093835698427028687e+26 -1.250032637308201152e+26 -1.233972890842097463e+26
-1.306464533450224592e+26 -1.173780614430549441e+26 -1.348439535934889211e+26
-1.342289033203492240e+26 -1.114081037961808683e+26 -1.332144305662769557e+26
-1.115254504471939765e+26 -1.337722215316882974e+26 -1.347815725832913804e+26
-1.381155191418481319e+26 -1.201234876249471498e+26 -1.351760737499961069e+26
-1.389858369142441547e+26 -1.091163453428203081e+26 -1.327760192634099351e+26
