-1.093835698427028687e+26 -1.250032637308201152e+26 -1.233972890842097463e+26
-1.332422127134813256e+26 -1.089724033050396339e+26 -1.355081185725779437e+26
-1.165376738665812920e+26 -1.373346947854294853e+26 -1.369085129637137386e+26
-1.100325023020928931e+26 -1.331858538972735781e+26 -1.320049931112595009e+26
-1.148366491736621748e+26 -1.256041934129985144e+26 -1.394981919803924648e+26
-1.269376333550351308e+26 -1.092183615400315261e+26 -1.388993910675347948e+26
-1.283899352122671444e+26 -1.190013496337172581e+26 -1.354812476071369304e+26
-1.072432884267783549e+26 -1.241890703354562598e+26 -1.372804504144433722e+26
-1.070793903317361142e+26 -1.364238667197491564e+26 -1.262465145671027777e+26
-1.120758572816910392e+26 -1.328331115307145660e+26 -1.358108151058707196e+26
-1.205613645591705783e+26 -1.241308486619432823e+26 -1.236621661789794279e+26
-1.284740265171390862e+26 -1.060737284257511352e+26 -1.397742042605948261e+26
-1.120533800490622103e+26 -1.379892740740095820e+26 -1.299411151562139149e+26
-1.355573959998059524e+26 -1.129545505794585205e+26 -1.335935811901330129e+26
-1.138092890091127156e+26 -1.314458632108822128e+26 -1.398557431481681779e+26
-1.092551429775089708e+26 -1.262227174841024107e+26 -1.296464768470857433e+26
-1.381661302808899242e+26 -1.069429688294971752e+26 -1.379729740963785193e+26
-1.324272744162639246e+26 -1.217226631336846303e+26 -1.379820736309948889e+26
-1.190761845471124323e+26 -1.298578554041241052e+26 -1.319182949126412087e+26
-1.259168304084046395e+26 -1.078413232773199100e+26 -1.375668310257458648e+26
-1.296407418260192506e+26 -1.064715928741084440e+26 -1.370870242331436173e+26
-1.285814704976921341e+26 -1.064578030827836171e+26 -1.322802195806891875e+26
-1.121541634484378019e+26 -1.349872862635181453e+26 -1.328355156539027669e+26
-1.085617719395818465e+26 -1.273304612715542195e+26 -1.337188986726707848e+26
-1.076212803144178294e+26 -1.299196355509333370e+26 -1.302870707449503603e+26
-1.195770514909856677e+26 -1.400739299979450187e+26 -1.298041139898175351e+26
-1.110147051594097944e+26 -1.246518710038191294e+26 -1.381306530817248532e+26
-1.075392796380465570e+26 -1.392249552305982430e+26 -1.245250210713979203e+26
-1.141643518672016622e+26 -1.297284498005725074e+26 -1.395339438944020091e+26
-1.131250608837936269e+26 -1.382099577506248532e+26 -1.346516049886569141e+26
-1.239253859273921684e+26 -1.107519774491492754e+26 -1.338347773165925751e+26
-1.243661472469481152e+26 -1.117206596318381071e+26 -1.389979723056055445e+26
-1.323572912085496200e+26 -1.123113635874392804e+26 -1.383704652163564366e+26
-1.356448496470273309e+26 -1.172892686599771553e+26 -1.335990875978474971e+26
-1.219678549715429680e+26 -1.281938362693930964e+26 -1.399796420570189440e+26
-1.091953736438342850e+26 -1.344894703101384810e+26 -1.291841780605079952e+26
-1.106816838656626501e+26 -1.359721785658843800e+26 -1.396795277697955548e+26
-1.306464533450224592e+26 -1.173780614430549441e+26 -1.348439535934889211e+26
-1.117056265963733622e+26 -1.241498207576949688e+26 -1.318678477002208827e+26
-1.115067289623005015e+26 -1.305055699315731195e+26 -1.379222303696281525e+26
-1.067770642404654469e+26 -1.322576555633783988e+26 -1.251372647038160315e+26
-1.110874223428937418e+26 -1.397411248049436456e+26 -1.268961079561309161e+26
-1.075960062847003145e+26 -1.267665215511585629e+26 -1.271049014546333459e+26
-1.381155191418481319e+26 -1.201234876249471498e+26 -1.351760737499961069e+26
-1.388181054273008941e+26 -1.125200887831827673e+26 -1.383565997562888552e+26
-1.194480255704176527e+26 -1.388942429144873896e+26 -1.367486423207641444e+26
-1.232329466194533635e+26 -1.201053351623028807e+26 -1.380628697681229639e+26
-1.389858369142441547e+26 -1.091163453428203081e+26 -1.327760192634099351e+26
-1.140251521301532294e+26 -1.250894879283803333e+26 -1.234362216568132896e+26
-1.138774356474744238e+26 -1.339965304467159263e+26 -1.377767265519557876e+26
-1.243604965998779819e+26 -1.052484042991811732e+26 -1.372213837956240524e+26
-1.112600957353377686e+26 -1.315989915679612164e+26 -1.352039027046793936e+26
-1.169303296260573088e+26 -1.226305524457668322e+26 -1.343329364578542382e+26
