-5.513791008027957556e+25 -8.160629330690407997e+24 4.299444827243021471e+25
1.077999381047007566e+26 7.723325472810726804e+24 1.024266160556168140e+26
5.392255888415977932e+24 8.815962880039255070e+25 3.859176623409901047e+25
9.199529760806026246e+25 2.802853808029446196e+25 -1.003237817090848050e+26
-7.832788324207335566e+25 9.812656456296569023e+25 -1.447252566959590886e+25
-1.132016622262429741e+26 3.282526512059212102e+25 6.274319913554454112e+25
-5.133824070846372915e+25 -4.501563443371183671e+25 1.110524226306473312e+26
3.482172735451346950e+25 3.414465940515604823e+25 -2.470701457001802616e+25
-3.799220474791152890e+25 -9.775087443467844569e+25 4.504965161402964908e+25
-1.014489129915698292e+26 1.012110685409558061e+26 9.205864460725527530e+25
7.665525010980570138e+25 -9.439057665897948264e+25 7.133906104018141045e+25
7.023044692029796840e+25 1.053439979813347985e+26 -5.815034337990517233e+25
-1.094996689173293058e+26 -1.085269707343571693e+26 9.972551155897290016e+25
1.052651841748045385e+26 9.851232200821801865e+25 8.825334977658131937e+25
1.229088745910804781e+25 8.142063681701812514e+24 1.011545361507912555e+26
1.046301189410538670e+26 3.597487205775491398e+25 -2.425036663542788810e+23
