-1.117558733201071157e+26 -1.399082937985778953e+26 -1.304538017973654311e+26
-1.293414994034248567e+26 -1.075764033928806400e+26 -1.365680397815674739e+26
-1.125331038069378745e+26 -1.326517731966988997e+26 -1.357136211504051247e+26
-1.284039877874558984e+26 -1.199038460411991418e+26 -1.344677580684099255e+26
-1.059602395817581171e+26 -1.298626534720501329e+26 -1.290465279121697511e+26
-1.398291550078067787e+26 -1.055746986321305438e+26 -1.352441997253382722e+26
-1.214610565357260128e+26 -1.239069662804261290e+26 -1.236392074118999935e+26
-1.110292002675998366e+26 -1.261706442642380524e+26 -1.341617536726791409e+26
-1.108694381055027093e+26 -1.330606971271098167e+26 -1.290051042977690713e+26
-1.131118247131155204e+26 -1.295807202743626084e+26 -1.393368794461123158e+26
-1.394711681947029413e+26 -1.123125890192910952e+26 -1.369091276885443102e+26
-1.323383134878648257e+26 -1.220101022368604451e+26 -1.382586294930933006e+26
-1.125487518350871599e+26 -1.388349641553343711e+26 -1.338228755608449100e+26
-1.293256825435784926e+26 -1.057913778348220214e+26 -1.399250362612533113e+26
-1.268739095594710007e+26 -1.088763093588106270e+26 -1.380862554274458599e+26
-1.093835698427028687e+26 -1.250032637308201152e+26 -1.233972890842097463e+26
-1.209028321491310146e+26 -1.290926724525569178e+26 -1.303518217604383572e+26
-1.164557741102757947e+26 -1.371642095650086625e+26 -1.371439658325976188e+26
-1.110874223428937418e+26 -1.397411248049436456e+26 -1.268961079561309161e+26
-1.065997462604125672e+26 -1.358265520615336307e+26 -1.259378473682251287e+26
-1.118775687475156594e+26 -1.353520643462848999e+26 -1.333498031189397940e+26
-1.252215633662451503e+26 -1.116094764008134491e+26 -1.380626106194198675e+26
-1.334492875940342090e+26 -1.108257504555331734e+26 -1.343869358155210874e+26
-1.109938403310704889e+26 -1.245248330379203292e+26 -1.386131425082329389e+26
-1.219678549715429680e+26 -1.281938362693930964e+26 -1.399796420570189440e+26
-1.389967693734860922e+26 -1.075472903463290147e+26 -1.380016214788264746e+26
-1.086925186878945618e+26 -1.272971938101344638e+26 -1.309501499110624802e+26
-1.356448496470273309e+26 -1.172892686599771553e+26 -1.335990875978474971e+26
-1.276028928523546439e+26 -1.058710201073273305e+26 -1.323831779541930164e+26
-1.070054767020249678e+26 -1.273447174635811011e+26 -1.335083704849814091e+26
-1.073093074628972912e+26 -1.326348535318902742e+26 -1.243900033917459337e+26
-1.167336960275533040e+26 -1.389712763731590051e+26 -1.333905813727135825e+26
-1.306464533450224592e+26 -1.173780614430549441e+26 -1.348439535934889211e+26
-1.323572912085496200e+26 -1.123113635874392804e+26 -1.383704652163564366e+26
-1.166199176934693330e+26 -1.249999972518184137e+26 -1.233989886175648671e+26
-1.116790126272375645e+26 -1.317075841155168517e+26 -1.381126070336310882e+26
-1.229465812758263977e+26 -1.051492246753712031e+26 -1.386856221817870240e+26
-1.103487435738218701e+26 -1.332123187052372423e+26 -1.315737696693200304e+26
-1.109566988978752615e+26 -1.391249455273765296e+26 -1.399581387413766141e+26
-1.114196966828347258e+26 -1.375814031180329086e+26 -1.294269320925430762e+26
-1.197456006021317244e+26 -1.399570117458538852e+26 -1.333029770576415745e+26
-1.072713592535845384e+26 -1.394730485294788346e+26 -1.243550524682084565e+26
-1.264046495164130725e+26 -1.105642874942588307e+26 -1.335131104955623216e+26
-1.146596587632422055e+26 -1.297979695776124528e+26 -1.396266801053618638e+26
-1.075960062847003145e+26 -1.267665215511585629e+26 -1.271049014546333459e+26
-1.082674856857114092e+26 -1.241645590868438989e+26 -1.380257180895138916e+26
-1.114186497421632978e+26 -1.320357129802155181e+26 -1.360346755903269191e+26
-1.169303296260573088e+26 -1.226305524457668322e+26 -1.343329364578542382e+26
-1.093570060961839418e+26 -1.358852974564954106e+26 -1.280545870329334730e+26
-1.261302459947835597e+26 -1.069756083073154881e+26 -1.378464552888450402e+26
-1.366348840757269354e+26 -1.056637453407592833e+26 -1.392355598365971964e+26
-1.189104125457892614e+26 -1.300929683663369647e+26 -1.332632730656427947e+26
-1.360267384079555672e+26 -1.135821856359354315e+26 -1.340762828143720872e+26
-1.075021261514232930e+26 -1.340257066302716217e+26 -1.338483163296504536e+26
-1.191655494662417025e+26 -1.385558188151097369e+26 -1.374721232237426832e+26
-1.148366491736621748e+26 -1.256041934129985144e+26 -1.394981919803924648e+26
-1.288051499798370972e+26 -1.181389991772626958e+26 -1.359775865372697611e+26
-1.228160547034660892e+26 -1.095338580103521894e+26 -1.347509915296484027e+26
-1.142574658845918026e+26 -1.345530280362494618e+26 -1.378087634157688385e+26
-1.306074950584390633e+26 -1.057994106912785127e+26 -1.372620118837733710e+26
-1.232329466194533635e+26 -1.201053351623028807e+26 -1.380628697681229639e+26
-1.237958698340834309e+26 -1.117947817858545515e+26 -1.396215467630626568e+26
-1.279181819032676119e+26 -1.070360411822043522e+26 -1.397192202105924577e+26
-1.111937496495377380e+26 -1.338450478417440450e+26 -1.350869667742271157e+26
-1.236647847862234399e+26 -1.133759062816338751e+26 -1.323240157115111560e+26
-1.104828726144908215e+26 -1.256875549213966871e+26 -1.286194247337189052e+26
-1.376561871056945714e+26 -1.209254745137241272e+26 -1.368012254006350423e+26
-1.389858369142441547e+26 -1.091163453428203081e+26 -1.327760192634099351e+26
-1.331731877532970312e+26 -1.083546209215417931e+26 -1.358818461582635739e+26
-1.337571200930193433e+26 -1.221081086603401439e+26 -1.345810321674204475e+26
-1.119406644255513880e+26 -1.286296601030385673e+26 -1.377166310295591357e+26
-1.139164811013882944e+26 -1.317602701852340846e+26 -1.395865168226079419e+26
-1.317461743707637566e+26 -1.061638581418174818e+26 -1.319738756800682927e+26
-1.259465607052670171e+26 -1.082008496001722017e+26 -1.369615583786462878e+26
-1.122301586382098160e+26 -1.362671244436048820e+26 -1.312809376615438974e+26
-1.101459371134774084e+26 -1.237835231059502322e+26 -1.323058150351547061e+26
-1.319870380234995805e+26 -1.184628265752710374e+26 -1.386175564735850933e+26
-1.084430689765773259e+26 -1.328376002273206265e+26 -1.290119626983298750e+26
-1.132653160792693160e+26 -1.245161184094397225e+26 -1.314298803652870765e+26
-1.105441763495563444e+26 -1.343957950851383052e+26 -1.395402222840050252e+26
-1.199583556606534583e+26 -1.401433517168026488e+26 -1.275804734761804663e+26
-1.250674542619037740e+26 -1.052979941110861583e+26 -1.364892646025425580e+26
-1.092900412677439596e+26 -1.278073491256635324e+26 -1.342266041289485601e+26
-1.271767680104805874e+26 -1.099342789169082776e+26 -1.398453628507255228e+26
-1.244616851283630571e+26 -1.086561334064190441e+26 -1.388854077517262793e+26
-1.157544333457216094e+26 -1.309179953828327440e+26 -1.323612849110437227e+26
-1.096374712867801140e+26 -1.304314105458567066e+26 -1.362062199783435271e+26
-1.370280227028357674e+26 -1.140862750637979970e+26 -1.388407618542267332e+26
-1.119830528164222731e+26 -1.318583947992721745e+26 -1.345348343910593837e+26
-1.135601188225317200e+26 -1.373246374781151219e+26 -1.356394436845466226e+26
-1.063339561184680299e+26 -1.368752937160061809e+26 -1.325011528901432804e+26
-1.063114523682974929e+26 -1.239852794113757757e+26 -1.361165605537889060e+26
-1.385748511780016923e+26 -1.193215007361701552e+26 -1.335509220993571543e+26
-1.126573291149672855e+26 -1.262554883442864636e+26 -1.359151176374926752e+26
-1.080449763905396910e+26 -1.301491976081931812e+26 -1.304226718105199923e+26
-1.287997379906423705e+26 -1.061035036142109416e+26 -1.376469089794525831e+26
-1.105631544720220663e+26 -1.382978513479700662e+26 -1.365987037025282806e+26
-1.066151565681753116e+26 -1.384299267858348832e+26 -1.270918576365778890e+26
-1.122813284536417718e+26 -1.335660642183457577e+26 -1.366270232317332518e+26
-1.133463392226256715e+26 -1.387125073530539547e+26 -1.295226694581922543e+26
-1.369436487064813339e+26 -1.091273019089183360e+26 -1.367707543345230276e+26
-1.124861322674594445e+26 -1.338979523463629639e+26 -1.330011672548724101e+26
-1.271021331839910580e+26 -1.188809117806353278e+26 -1.370326994329194189e+26
-1.284669850291625238e+26 -1.074849500164511233e+26 -1.322789539707438658e+26
-1.346187111835067228e+26 -1.116992804665047158e+26 -1.326281779416548985e+26
-1.399551253843639563e+26 -1.111614022664591926e+26 -1.393199097260955394e+26
-1.264256007850506831e+26 -1.057637566511047418e+26 -1.396824744311729976e+26
-1.094977158063423688e+26 -1.388977143017659711e+26 -1.230407667626140580e+26
-1.126727575028720849e+26 -1.249814771596185984e+26 -1.238055085587145935e+26
-1.086388608440224785e+26 -1.243725982416408279e+26 -1.302304196331123814e+26
