5.981219211082113978e-29
8.153350334431125615e-29
3.148722856901491368e-28
inf
7.105000703752289794e-29
3.623693946332212007e-29
5.867542486014017954e-30
3.566694388917429010e-28
4.747067179095680765e-29
9.611684556596804301e-30
3.222363704105679691e-28
2.625807620953332019e-29
1.122620428698224173e-29
4.731914816388665759e-30
2.228166209136685189e-29
1.229626385621226853e-26
2.152690815457411893e-28
1.311420950962368641e-29
1.280128130756665954e-29
4.030002321019098149e-27
1.972219383159385791e-29
2.175154569380234625e-29
inf
5.700131994022362375e-30
3.697953288856372700e-28
1.965200976939611511e-29
6.986649898956892108e-30
3.701485957933943405e-29
4.714668106083188162e-29
1.872915260005648921e-26
inf
5.250500935431207539e-30
1.436120615197797623e-28
3.245518030547429827e-28
2.033699951820738782e-28
9.673280860112678882e-30
1.219925210124559195e-29
inf
inf
2.198057108747417519e-29
inf
3.638327788607664427e-29
inf
2.226269768439672647e-27
5.121387890751557524e-27
1.443243047720881226e-28
3.188000215308512930e-29
1.651817457859643009e-29
3.960257409375461614e-29
inf
2.327708951235021584e-27
7.777708781926053543e-29
6.066277581666652462e-27
6.377940744321450065e-30
2.866144408596010001e-29
2.641019976038232509e-29
inf
1.395949601571698198e-28
inf
1.675858653944203137e-29
inf
inf
inf
2.255396079731303466e-29
inf
2.613136928501060042e-29
6.142688278168588914e-29
1.723233845155198918e-26
5.258027135554884323e-30
inf
3.860311787450257618e-30
2.659215222614449194e-27
8.905625304689481620e-29
1.462832581453351325e-29
2.447957698575027546e-28
inf
1.762407127033455153e-29
4.514604547130138030e-27
inf
7.559386137937451617e-29
1.731214538483911810e-28
5.638864311010408712e-30
4.839827023881085029e-29
inf
2.088996403933075652e-29
8.115383649120016040e-29
4.363103318914918729e-28
inf
4.902851636327444446e-30
inf
inf
inf
5.615067450709924042e-29
1.209017481730567312e-29
3.467908537094676417e-29
5.773756997193877541e-30
2.154861530075189367e-29
