7.105000703752289794e-29
1.088911350936307103e-28
inf
1.651817457859643009e-29
2.594813440556790063e-29
2.979214183610277668e-28
1.395949601571698198e-28
2.327708951235021584e-27
4.897432298612994833e-29
4.902851636327444446e-30
5.972556748939269294e-30
1.029597238743757769e-29
1.046675365476106626e-28
3.889191764304316987e-28
2.152690815457411893e-28
inf
3.212563539523601504e-28
1.872960141115402201e-27
1.144544190704728860e-28
1.522437018537341410e-29
5.699940788920499777e-30
4.714668106083188162e-29
6.536795952581877643e-30
1.390844354758740282e-29
7.018368642680122343e-30
7.922435993583241071e-29
2.088996403933075652e-29
6.857323462079338044e-30
1.220802349940028404e-28
3.467908537094676417e-29
7.973982445658209060e-30
4.844031145056674822e-30
4.747067179095680765e-29
inf
2.012918159678271903e-30
6.986649898956892108e-30
6.158190336901567526e-30
5.706622474681613061e-29
inf
6.142688278168588914e-29
1.209017481730567312e-29
5.527311650305406782e-29
inf
inf
inf
6.066277581666652462e-27
3.559700285961960981e-29
1.622926503256146655e-29
3.730973373101676707e-28
5.981219211082113978e-29
1.972834065240026395e-29
6.062897759784879371e-28
2.633536952177586122e-29
inf
5.121387890751557524e-27
3.188000215308512930e-29
2.255396079731303466e-29
1.436120615197797623e-28
5.700131994022362375e-30
1.723233845155198918e-26
7.034824514066934727e-30
inf
4.030002321019098149e-27
inf
6.377940744321450065e-30
1.872915260005648921e-26
5.773756997193877541e-30
5.043473401534430589e-29
5.665131738817864189e-29
3.860311787450257618e-30
2.228166209136685189e-29
inf
3.960257409375461614e-29
3.697953288856372700e-28
3.524757352337304826e-29
5.098118246616229532e-28
1.037498980338090316e-28
2.099137057902945589e-29
inf
1.731214538483911810e-28
inf
inf
inf
2.285502620316235440e-30
1.431465312787686552e-29
inf
1.762407127033455153e-29
1.250337333345197243e-29
inf
