8.115383649120016040e-29
1.645968347900200564e-28
5.527311650305406782e-29
3.212563539523601504e-28
5.796829568096700160e-27
1.569718146460674441e-28
2.152690815457411893e-28
1.731214538483911810e-28
9.997814674906322526e-29
3.697953288856372700e-28
8.632710141121368424e-29
2.255396079731303466e-29
3.524581363803533269e-28
1.229626385621226853e-26
6.536795952581877643e-30
4.030002321019098149e-27
3.524757352337304826e-29
1.395949601571698198e-28
6.142688278168588914e-29
4.714668106083188162e-29
1.390844354758740282e-29
3.188000215308512930e-29
2.447957698575027546e-28
1.436120615197797623e-28
2.910204811726275300e-28
6.157759753237064234e-29
8.903019961383269896e-29
1.183407705284539242e-29
1.872915260005648921e-26
8.382335045017724750e-30
1.435283654922746319e-29
2.633536952177586122e-29
4.297809425082442613e-28
4.514604547130138030e-27
8.387673757843702179e-29
1.723233845155198918e-26
2.154861530075189367e-29
8.289303119135304060e-29
9.226318166470346848e-29
1.622926503256146655e-29
5.121387890751557524e-27
2.327708951235021584e-27
1.598844328583036986e-28
8.024599766234570098e-29
2.840046851796237245e-29
9.056458589958781990e-29
3.245518030547429827e-28
4.363103318914918729e-28
3.889191764304316987e-28
9.281368126073576570e-28
1.528017564000435898e-28
6.066277581666652462e-27
1.651817457859643009e-29
2.659215222614449194e-27
6.687132583809277498e-29
6.407493753186955073e-29
2.613136928501060042e-29
2.076865670994446392e-29
2.887480484123184054e-27
3.664815466279737595e-29
5.643755875451307532e-28
2.088996403933075652e-29
5.088068484934721827e-28
1.280128130756665954e-29
3.467908537094676417e-29
8.300220441065280044e-29
1.762407127033455153e-29
1.972834065240026395e-29
7.933613972239089684e-30
3.861206094187825028e-27
1.871814057399548256e-28
7.777708781926053543e-29
6.034024463765540710e-29
9.702929860582819474e-28
4.790439368387563378e-29
