2.072125461626124918e-29
3.245518030547429827e-28
3.222363704105679691e-28
1.872915260005648921e-26
2.292204894573674284e-28
1.461390072053419890e-29
2.556061081852457760e-29
2.633536952177586122e-29
1.872452188973240305e-29
5.768417403999491446e-30
3.144406424882661232e-29
6.066277581666652462e-27
2.659215222614449194e-27
2.979214183610277668e-28
3.697953288856372700e-28
8.632710141121368424e-29
4.514604547130138030e-27
4.714668106083188162e-29
5.258027135554884323e-30
1.326801657482322178e-29
3.148722856901491368e-28
1.675858653944203137e-29
2.697074334970482561e-29
1.522437018537341410e-29
2.870862332656052997e-30
2.286798693517714840e-30
2.198057108747417519e-29
2.375799189919511102e-29
3.268284595079077974e-29
1.333800140109192071e-29
1.965200976939611511e-29
2.826647523757834355e-30
7.862183193020604085e-29
1.134698078037826443e-29
9.007055837567407979e-30
1.084605297429117253e-28
2.099137057902945589e-29
1.723233845155198918e-26
6.986649898956892108e-30
2.770414388114558316e-30
2.152690815457411893e-28
3.077756732333350814e-30
2.623154928322400439e-29
1.015759323073559813e-28
4.030002321019098149e-27
2.500450305965672565e-29
5.121387890751557524e-27
7.559386137937451617e-29
5.458916297040984320e-29
6.034024463765540710e-29
1.024760385743820338e-29
2.492472005624223325e-30
1.311420950962368641e-29
2.327708951235021584e-27
1.144544190704728860e-28
1.436120615197797623e-28
1.150091806951628214e-29
3.889191764304316987e-28
3.188000215308512930e-29
2.226269768439672647e-27
2.840046851796237245e-29
2.916188681130178899e-29
2.088996403933075652e-29
3.467908537094676417e-29
3.518041893549256343e-27
1.030579091072822774e-29
5.981219211082113978e-29
1.037498980338090316e-28
2.154861530075189367e-29
1.569718146460674441e-28
3.791132075466386286e-29
9.228036166775870243e-29
