1.144544190704728860e-28
3.222363704105679691e-28
1.219925210124559195e-29
2.152690815457411893e-28
1.523086945387573717e-27
1.965200976939611511e-29
3.144406424882661232e-29
4.910667970069468659e-29
6.986649898956892108e-30
2.633536952177586122e-29
8.310587669048843498e-28
2.228166209136685189e-29
7.937961978763731296e-29
6.066277581666652462e-27
1.229626385621226853e-26
2.714684843589140805e-29
1.029597238743757769e-29
4.514604547130138030e-27
4.030002321019098149e-27
1.395949601571698198e-28
1.134698078037826443e-29
3.697953288856372700e-28
1.084605297429117253e-28
3.188000215308512930e-29
1.333800140109192071e-29
2.072125461626124918e-29
1.283433807740707716e-29
7.105000703752289794e-29
2.088996403933075652e-29
2.157254530832771280e-29
2.590539460124618111e-28
1.723233845155198918e-26
3.559700285961960981e-29
6.536795952581877643e-30
inf
2.594813440556790063e-29
6.377940744321450065e-30
2.556061081852457760e-29
1.015759323073559813e-28
inf
2.826647523757834355e-30
inf
1.202394585387708514e-28
inf
inf
2.411182448459856697e-30
7.559386137937451617e-29
inf
2.327708951235021584e-27
1.675858653944203137e-29
3.467908537094676417e-29
inf
5.981219211082113978e-29
3.077756732333350814e-30
2.014730211556099332e-29
1.476901027000725762e-29
inf
2.315500463440331889e-30
5.121387890751557524e-27
1.024760385743820338e-29
inf
5.088068484934721827e-28
3.865123160067588348e-28
3.889191764304316987e-28
2.659215222614449194e-27
2.107340339807629708e-28
1.436120615197797623e-28
3.245518030547429827e-28
inf
inf
5.768417403999491446e-30
2.198057108747417519e-29
inf
1.435283654922746319e-29
inf
5.080058481066060760e-29
3.860311787450257618e-30
inf
inf
inf
2.840046851796237245e-29
1.143166885620577063e-28
inf
1.872915260005648921e-26
