1.383843937688979930e-28
1.201164413147577651e-27
1.508934082377438868e-26
1.791310804841644065e-28
5.796829568096700160e-27
2.912064015651114070e-29
2.521679216045296867e-28
3.317685363821051150e-28
2.374267306027835941e-28
6.157759753237064234e-29
1.229626385621226853e-26
4.210053605655265517e-28
4.030002321019098149e-27
2.107340339807629708e-28
1.569718146460674441e-28
9.702929860582819474e-28
3.889457740401723580e-27
8.873200012530676991e-28
1.723233845155198918e-26
8.977074762913827692e-29
8.903019961383269896e-29
7.777708781926053543e-29
4.363103318914918729e-28
5.643755875451307532e-28
1.290602488066990310e-28
1.395949601571698198e-28
1.636473526434518714e-28
3.664815466279737595e-29
3.188000215308512930e-29
5.088068484934721827e-28
2.659215222614449194e-27
5.121387890751557524e-27
2.327708951235021584e-27
1.474518131553469021e-28
3.505693003458262201e-28
1.436120615197797623e-28
1.306935349956263011e-27
1.349959379674388238e-27
6.587768094554954109e-29
8.632710141121368424e-29
9.226318166470346848e-29
3.889191764304316987e-28
6.066277581666652462e-27
3.861206094187825028e-27
1.652289811821373414e-27
1.872915260005648921e-26
1.144544190704728860e-28
6.407493753186955073e-29
4.196094688855104969e-26
4.514604547130138030e-27
1.685317320939221855e-28
1.871814057399548256e-28
3.467908537094676417e-29
9.249977530927536131e-29
7.326311933465023322e-29
3.146320884385574528e-29
5.079277305286555964e-29
6.034024463765540710e-29
1.731214538483911810e-28
5.294510263401221716e-29
3.518041893549256343e-27
8.300220441065280044e-29
3.926260719330653428e-28
3.559700285961960981e-29
3.757798127471988990e-29
9.707018667154732955e-28
6.143949377779658459e-27
1.624283400996162707e-24
3.662339339969354418e-27
8.289303119135304060e-29
8.921229830859542248e-29
4.985940229721627652e-28
2.061924713254897619e-28
3.381082374988551871e-27
4.560328149255578045e-29
3.887100729861579687e-27
8.368663553642933177e-27
7.653182614703150343e-28
3.274041915054431743e-29
8.314754603295152917e-26
2.616991233097453728e-27
2.523542796951493952e-27
9.949688740897505631e-29
8.089611175632619104e-28
4.522461945991811113e-28
1.363352455874812047e-27
3.601831442971258771e-29
1.350118972005512963e-27
8.428096903473901247e-27
2.540185425327150847e-27
1.222788517984727665e-27
