1.965200976939611511e-29
4.833909573269498181e-29
3.923557777189963365e-28
2.411182448459856697e-30
3.079152238254810611e-30
1.559780340825999287e-29
1.728068937467029835e-29
5.884640285290059551e-30
6.377940744321450065e-30
3.730973373101676707e-28
1.015759323073559813e-28
8.816850937311897619e-29
2.633536952177586122e-29
2.375799189919511102e-29
2.228166209136685189e-29
5.842718912455433735e-30
1.057173121074669490e-29
9.431743090908102705e-29
3.107849747156795025e-30
1.524610137072901015e-29
2.492472005624223325e-30
5.699940788920499777e-30
4.714668106083188162e-29
0.000000000000000000e+00
2.079208842882384898e-30
1.436120615197797623e-28
4.910667970069468659e-29
4.030002321019098149e-27
5.458916297040984320e-29
1.325407979779524030e-29
2.051091358729835233e-29
1.871151504156967946e-29
3.697953288856372700e-28
0.000000000000000000e+00
6.158190336901567526e-30
3.075551879210133738e-29
1.856394305532447200e-30
7.973982445658209060e-30
3.188000215308512930e-29
8.412388043767907902e-30
1.021582204909551150e-28
2.488580869339831551e-29
6.986649898956892108e-30
7.678383865463684799e-29
0.000000000000000000e+00
2.770414388114558316e-30
7.379832677123785604e-30
4.061440632859392828e-28
6.066277581666652462e-27
9.560694332422702819e-30
0.000000000000000000e+00
6.636303759266259011e-29
0.000000000000000000e+00
5.981219211082113978e-29
1.451765252563301798e-29
4.562660512007896614e-29
1.216690476473804616e-29
3.077756732333350814e-30
5.972556748939269294e-30
