1.644393793405430817e-29
3.241298419337606996e-29
8.444699376876418892e-30
2.384411102860943790e-29
2.054712201641208272e-30
7.680474092075848964e-31
6.202487965332618897e-29
2.520171050406161417e-29
1.551820714303327515e-30
5.448320230544491571e-30
9.224312174415703084e-30
6.839096004984696516e-30
1.055461767716898250e-29
5.867542486014017954e-30
9.431743090908102705e-29
1.590546089471294287e-30
6.205053003626903409e-30
2.341638079011527328e-28
1.283433807740707716e-29
2.834814893571488722e-30
1.368862214248248954e-28
2.038895292642136024e-30
4.534456514077934847e-29
4.508709147695972050e-30
1.325407979779524030e-29
4.955072884771130066e-30
3.886364635496101741e-30
8.666377279048859956e-30
5.498248264680421924e-30
1.524195799775173793e-29
7.500812536050815540e-30
