3.889457740401723580e-27
2.887480484123184054e-27
3.697953288856372700e-28
5.079277305286555964e-29
6.157759753237064234e-29
6.591675764040625684e-28
7.672656655867877641e-29
5.527311650305406782e-29
1.028402071535896487e-28
8.289303119135304060e-29
1.229626385621226853e-26
4.158520788253255174e-29
4.030002321019098149e-27
2.198057108747417519e-29
5.960039027293882467e-29
4.514604547130138030e-27
2.072125461626124918e-29
5.121387890751557524e-27
1.023456506260131043e-27
3.518041893549256343e-27
2.154861530075189367e-29
9.611684556596804301e-30
6.066277581666652462e-27
1.993461722095309578e-29
1.425418732328944878e-29
3.889191764304316987e-28
2.166551200581601481e-29
8.048463531318316991e-30
5.796829568096700160e-27
2.659215222614449194e-27
2.947500980968612642e-28
1.436120615197797623e-28
6.142688278168588914e-29
3.853372185675762795e-28
8.632710141121368424e-29
1.871814057399548256e-28
1.723233845155198918e-26
3.268284595079077974e-29
2.327708951235021584e-27
2.633536952177586122e-29
2.706264757311947262e-29
1.443243047720881226e-28
1.144544190704728860e-28
1.569718146460674441e-28
9.997814674906322526e-29
2.061924713254897619e-28
2.910204811726275300e-28
3.245518030547429827e-28
2.613136928501060042e-29
3.188000215308512930e-29
1.395949601571698198e-28
1.872915260005648921e-26
2.152690815457411893e-28
1.675858653944203137e-29
3.212563539523601504e-28
9.707018667154732955e-28
8.300220441065280044e-29
1.768849164894369585e-28
5.088068484934721827e-28
7.777708781926053543e-29
2.107340339807629708e-28
8.905625304689481620e-29
1.462832581453351325e-29
5.421585340039269272e-29
6.857323462079338044e-30
1.551113740191437443e-29
5.544415357643491914e-29
3.467908537094676417e-29
5.615067450709924042e-29
1.304834137346312225e-28
8.115383649120016040e-29
1.383135661274424925e-28
1.651817457859643009e-29
1.652289811821373414e-27
2.912064015651114070e-29
2.866960016181236500e-29
1.915946698799899756e-29
4.326886862793340710e-27
