1.005386928088845817e-29
1.516213469955124369e-28
1.223001100058721334e-28
3.860311787450257618e-30
5.773756997193877541e-30
9.169971432813834291e-30
9.431743090908102705e-29
1.015759323073559813e-28
4.606124334793400536e-29
2.633536952177586122e-29
6.066277581666652462e-27
6.377940744321450065e-30
2.205636558789113023e-29
5.699940788920499777e-30
1.750605017280449097e-29
1.872915260005648921e-26
1.224931663120026814e-29
4.714668106083188162e-29
1.879594616959510072e-29
8.816850937311897619e-29
6.986649898956892108e-30
6.614976953164828559e-30
2.411182448459856697e-30
2.826647523757834355e-30
3.077756732333350814e-30
2.255396079731303466e-29
4.508709147695972050e-30
7.678383865463684799e-29
2.072178974741518992e-30
4.910667970069468659e-29
4.514604547130138030e-27
2.675675759865888968e-29
inf
3.188000215308512930e-29
inf
3.373242333974708353e-28
7.973982445658209060e-30
2.700715628433689922e-29
3.227906169867720861e-29
2.088996403933075652e-29
2.375799189919511102e-29
2.917933088552127996e-30
2.488580869339831551e-29
3.679665508758392706e-30
inf
1.476901027000725762e-29
1.436120615197797623e-28
inf
1.325407979779524030e-29
2.228166209136685189e-29
2.012918159678271903e-30
3.159733888399374367e-30
2.840046851796237245e-29
2.556061081852457760e-29
4.061440632859392828e-28
2.770414388114558316e-30
inf
1.024760385743820338e-29
2.152690815457411893e-28
4.030002321019098149e-27
4.592679467229856939e-29
