3.697953288856372700e-28
1.972834065240026395e-29
1.015759323073559813e-28
1.872915260005648921e-26
8.067947871960907315e-30
2.375799189919511102e-29
2.613136928501060042e-29
3.860311787450257618e-30
4.514604547130138030e-27
3.245518030547429827e-28
2.488580869339831551e-29
3.188000215308512930e-29
5.867542486014017954e-30
9.226318166470346848e-29
8.632710141121368424e-29
1.229626385621226853e-26
2.198057108747417519e-29
2.659215222614449194e-27
4.910667970069468659e-29
5.773756997193877541e-30
1.326801657482322178e-29
7.532369552960782428e-29
1.024760385743820338e-29
2.537277247833426839e-29
3.760810399898452761e-30
3.148722856901491368e-28
5.527311650305406782e-29
3.467908537094676417e-29
5.088068484934721827e-28
4.061440632859392828e-28
5.981219211082113978e-29
6.142688278168588914e-29
7.034824514066934727e-30
6.833219347828529039e-29
6.986649898956892108e-30
2.152690815457411893e-28
1.258104394366178433e-29
1.731214538483911810e-28
1.311420950962368641e-29
2.072125461626124918e-29
1.436120615197797623e-28
4.902851636327444446e-30
2.327708951235021584e-27
4.030002321019098149e-27
1.723233845155198918e-26
6.066277581666652462e-27
5.121387890751557524e-27
3.212563539523601504e-28
2.088996403933075652e-29
4.731914816388665759e-30
7.933613972239089684e-30
1.030579091072822774e-29
3.524581363803533269e-28
6.687132583809277498e-29
1.443243047720881226e-28
3.889191764304316987e-28
8.905625304689481620e-29
2.226269768439672647e-27
3.559700285961960981e-29
1.965200976939611511e-29
1.209017481730567312e-29
9.997814674906322526e-29
1.395949601571698198e-28
2.228166209136685189e-29
6.173690254119222329e-29
8.289303119135304060e-29
3.889457740401723580e-27
1.645968347900200564e-28
9.281368126073576570e-28
2.154861530075189367e-29
2.255396079731303466e-29
3.518041893549256343e-27
1.435283654922746319e-29
6.034024463765540710e-29
5.700131994022362375e-30
8.300220441065280044e-29
