3.097994964773579051e-28
5.981219211082113978e-29
1.229626385621226853e-26
7.922435993583241071e-29
1.436120615197797623e-28
5.258027135554884323e-30
1.398096797405935165e-29
4.297809425082442613e-28
5.972556748939269294e-30
2.327708951235021584e-27
1.872915260005648921e-26
9.181050560839519535e-29
9.611684556596804301e-30
3.889191764304316987e-28
7.667405068264915877e-30
4.030002321019098149e-27
7.672656655867877641e-29
7.105000703752289794e-29
2.228166209136685189e-29
5.088068484934721827e-28
2.520171050406161417e-29
1.144544190704728860e-28
3.245518030547429827e-28
3.268284595079077974e-29
2.152690815457411893e-28
2.072125461626124918e-29
6.986649898956892108e-30
2.198057108747417519e-29
6.157759753237064234e-29
4.714668106083188162e-29
3.559700285961960981e-29
1.675858653944203137e-29
2.226269768439672647e-27
1.443243047720881226e-28
3.730973373101675810e-28
1.054979750642850394e-27
8.905625304689481620e-29
1.324482604797270758e-29
7.163242758287682832e-29
2.633536952177586122e-29
5.700131994022362375e-30
4.514604547130138030e-27
1.723233845155198918e-26
2.556061081852457760e-29
1.965200976939611511e-29
5.773756997193877541e-30
3.188000215308512930e-29
2.659215222614449194e-27
6.173690254119222329e-29
3.212563539523601504e-28
2.107340339807629708e-28
3.524757352337304826e-29
2.995943450135305679e-29
2.154861530075189367e-29
8.403617198119361753e-29
1.462832581453351325e-29
7.034824514066934727e-30
8.632710141121368424e-29
6.066277581666652462e-27
5.022218094759774263e-29
4.902851636327444446e-30
3.467908537094676417e-29
6.278305846734798539e-30
2.088996403933075652e-29
5.121387890751557524e-27
1.395949601571698198e-28
2.916188681130178899e-29
2.613136928501060042e-29
1.598844328583036986e-28
1.731214538483911810e-28
6.473438089963153793e-29
8.300220441065280044e-29
1.059972356030268390e-29
