8.905625304689481620e-29
1.383843937688979930e-28
1.871814057399548256e-28
1.144544190704728860e-28
1.030579091072822774e-29
1.161256289128556256e-28
1.229626385621226853e-26
1.675858653944203137e-29
7.672656655867877641e-29
5.796829568096700160e-27
4.030002321019098149e-27
8.089611175632619104e-28
8.953719958512656066e-29
1.238801193707127506e-29
3.518041893549256343e-27
1.872960141115402201e-27
5.079277305286555964e-29
5.088068484934721827e-28
3.889457740401723580e-27
1.652289811821373414e-27
6.157759753237064234e-29
2.633536952177586122e-29
3.861906375919656302e-29
2.070882637748494477e-28
9.056458589958781990e-29
1.723233845155198918e-26
4.514604547130138030e-27
4.363103318914918729e-28
2.659215222614449194e-27
6.407493753186955073e-29
1.569718146460674441e-28
3.889191764304316987e-28
3.524757352337304826e-29
3.188000215308512930e-29
1.436120615197797623e-28
4.560328149255578045e-29
6.066277581666652462e-27
7.777708781926053543e-29
3.662339339969354418e-27
6.142688278168588914e-29
1.435283654922746319e-29
1.634618825320293381e-29
1.054979750642850394e-27
8.903019961383269896e-29
1.731214538483911810e-28
5.430271135198664785e-28
3.245518030547429827e-28
2.866960016181236500e-29
5.665131738817864189e-29
1.872915260005648921e-26
5.022218094759774263e-29
1.326801657482322178e-29
2.107340339807629708e-28
2.327708951235021584e-27
1.395949601571698198e-28
2.152690815457411893e-28
9.997814674906322526e-29
1.150091806951628214e-29
5.121387890751557524e-27
8.300220441065280044e-29
8.632710141121368424e-29
1.015533673537780553e-28
3.559700285961960981e-29
1.940893070795994672e-28
9.949688740897505631e-29
6.034024463765540710e-29
1.400334897749465103e-28
3.467908537094676417e-29
1.468538002494328004e-29
1.383615062916320705e-28
1.404063847274259704e-29
7.359174308938817454e-29
1.685317320939221855e-28
3.861206094187825028e-27
8.289303119135304060e-29
2.154861530075189367e-29
2.175154569380234625e-29
3.887100729861579687e-27
9.707018667154732955e-28
1.270692075454346276e-29
6.111053743129402732e-28
8.048463531318316991e-30
6.587768094554954109e-29
