4.955072884771130066e-30
2.391059624255346375e-30
7.187735735884474728e-29
3.623693946332212007e-29
8.444699376876418892e-30
2.837182748949615961e-29
5.867542486014017954e-30
2.405997852880225671e-29
2.917123571601282358e-29
2.401964042201877143e-30
2.726677428069633710e-29
6.205053003626903409e-30
9.881899568625829914e-30
2.079208842882384898e-30
2.038895292642136024e-30
1.230711299048893889e-29
6.751899035130684352e-30
2.834814893571488722e-30
2.820801545443497579e-28
1.135493081815723153e-29
9.373402828526318369e-30
4.083576443534641820e-30
1.283433807740707716e-29
6.651593082798655623e-30
2.488580869339831551e-29
5.777648646398598519e-30
8.212860406221401369e-31
1.368862214248248954e-28
1.040292417088440483e-30
7.021402926061018444e-30
1.450555490804196598e-29
2.411182448459856697e-30
