5.725667899856317084e-28
1.565483681433059992e-29
1.229626385621226853e-26
9.056458589958781990e-29
1.395949601571698198e-28
3.188000215308512930e-29
4.910667970069468659e-29
5.796829568096700160e-27
2.228166209136685189e-29
3.144406424882661232e-29
7.933613972239089684e-30
2.633536952177586122e-29
1.872915260005648921e-26
4.061440632859392828e-28
7.132440096092130474e-29
1.015533673537780553e-28
1.965200976939611511e-29
1.311420950962368641e-29
4.030002321019098149e-27
2.866960016181236500e-29
6.407493753186955073e-29
4.902851636327444446e-30
5.121387890751557524e-27
4.442967026774970974e-29
2.327708951235021584e-27
1.622926503256146655e-29
1.664261807807151296e-27
6.986649898956892108e-30
2.198057108747417519e-29
4.714668106083188162e-29
4.747067179095680765e-29
3.222363704105679691e-28
2.152690815457411893e-28
3.697953288856372700e-28
6.142688278168588914e-29
6.066277581666652462e-27
3.679665508758392706e-30
4.897432298612994833e-29
2.613136928501060042e-29
1.462832581453351325e-29
1.161256289128556256e-28
1.015759323073559813e-28
9.555744496431922590e-29
2.255396079731303466e-29
3.860311787450257618e-30
9.611684556596804301e-30
6.687132583809277498e-29
2.659215222614449194e-27
4.514604547130138030e-27
1.436120615197797623e-28
8.632710141121368424e-29
3.524068713078389529e-29
1.762407127033455153e-29
8.903019961383269896e-29
5.972556748939269294e-30
2.154861530075189367e-29
1.972219383159385791e-29
5.527311650305406782e-29
3.245518030547429827e-28
5.700131994022362375e-30
5.638864311010408712e-30
1.652289811821373414e-27
3.212563539523601504e-28
3.467908537094676417e-29
5.773756997193877541e-30
2.088996403933075652e-29
1.651817457859643009e-29
1.731214538483911810e-28
9.226318166470346848e-29
8.300220441065280044e-29
9.281368126073576570e-28
1.209017481730567312e-29
3.861206094187825028e-27
1.110143471266456563e-29
