1.393855006201585286e-29
8.164830691251925385e-30
2.366993643179734040e-30
2.372555547569978434e-28
6.579355867251820726e-29
6.317532530732159338e-30
2.224063455202247353e-30
2.254428799335016975e-29
5.231109559206856659e-30
2.726677428069633710e-29
1.402304983070062089e-30
7.914913012036879827e-30
4.114520002782199593e-30
5.611878896489606544e-29
8.444699376876418892e-30
1.106774440831786714e-30
4.815248227077567370e-30
2.790014926554723687e-30
2.179945426672445014e-29
1.998580277497504971e-30
5.517947580611260419e-30
1.519925152744492944e-29
