3.926260719330653428e-28
1.229626385621226853e-26
1.436120615197797623e-28
7.396381183663157200e-28
7.128924430688007528e-28
1.569718146460674441e-28
9.226318166470346848e-29
1.872915260005648921e-26
3.518041893549256343e-27
4.030002321019098149e-27
3.222525382864753965e-28
1.624283400996162707e-24
5.796829568096700160e-27
4.196094688855104969e-26
1.871814057399548256e-28
1.054979750642850394e-27
8.903019961383269896e-29
9.707018667154732955e-28
2.885723083622290556e-28
5.121387890751557524e-27
2.521679216045296867e-28
1.395949601571698198e-28
8.977074762913827692e-29
5.088068484934721827e-28
4.363103318914918729e-28
9.249977530927536131e-29
3.212563539523601504e-28
2.540185425327150847e-27
1.182355900232195577e-27
1.508934082377438868e-26
2.107340339807629708e-28
7.684969925888814557e-28
1.723233845155198918e-26
2.659215222614449194e-27
2.327708951235021584e-27
4.560328149255578045e-29
1.474518131553469021e-28
6.066277581666652462e-27
8.921229830859542248e-29
4.514604547130138030e-27
1.144544190704728860e-28
3.889191764304316987e-28
3.120509443132308617e-28
1.290602488066990310e-28
8.632710141121368424e-29
2.926137306066246003e-27
2.866960016181236500e-29
3.454395459817370083e-28
9.702929860582819474e-28
3.505693003458262201e-28
1.373288293379736612e-28
2.616991233097453728e-27
6.407493753186955073e-29
4.326886862793340710e-27
6.034024463765540710e-29
3.467908537094676417e-29
3.889457740401723580e-27
8.300220441065280044e-29
1.349959379674388238e-27
3.757798127471988990e-29
3.381082374988551871e-27
1.652289811821373414e-27
4.425713871643555729e-29
2.912064015651114070e-29
3.887100729861579687e-27
3.074250977117345758e-29
1.350118972005512963e-27
4.985940229721627652e-28
9.997814674906322526e-29
3.861206094187825028e-27
4.143417159121688063e-28
1.791310804841644065e-28
7.777708781926053543e-29
4.522461945991811113e-28
1.685317320939221855e-28
9.949688740897505631e-29
6.447542963120487804e-29
2.374267306027835941e-28
4.210053605655265517e-28
2.151317659178023180e-28
3.045785868115866696e-28
3.487609470115682172e-28
3.274041915054431743e-29
7.326311933465023322e-29
8.314754603295152917e-26
1.556712795959227307e-27
8.428096903473901247e-27
8.368663553642933177e-27
4.451028950780656040e-29
1.019363759301035006e-25
