3.350405173510939349e-27
1.194917179235231281e-28
3.697953288856372700e-28
8.428096903473901247e-27
3.518041893549256343e-27
1.624283400996162707e-24
4.196094688855104969e-26
4.997067737606596357e-29
7.128924430688007528e-28
4.158520788253255174e-29
2.521679216045296867e-28
1.871814057399548256e-28
2.659215222614449194e-27
4.514604547130138030e-27
1.229626385621226853e-26
3.664815466279737595e-29
9.707018667154732955e-28
8.903019961383269896e-29
8.977074762913827692e-29
1.150071892995011172e-28
1.349959379674388238e-27
3.889191764304316987e-28
6.066277581666652462e-27
4.747067179095680765e-29
5.725667899856317084e-28
3.467908537094676417e-29
1.436120615197797623e-28
5.796829568096700160e-27
2.154861530075189367e-29
1.598844328583036986e-28
1.453283314003304736e-28
8.921229830859542248e-29
1.922478173154652695e-28
1.872915260005648921e-26
3.208053259868920848e-29
9.281368126073576570e-28
3.274041915054431743e-29
2.327708951235021584e-27
1.395949601571698198e-28
6.591675764040625684e-28
4.030002321019098149e-27
3.212563539523601504e-28
6.687132583809277498e-29
2.374267306027835941e-28
1.462832581453351325e-29
1.569718146460674441e-28
9.249977530927536131e-29
7.777708781926053543e-29
1.731214538483911810e-28
1.652289811821373414e-27
3.074250977117345758e-29
3.188000215308512930e-29
1.723233845155198918e-26
4.326886862793340710e-27
3.894709065906926302e-29
8.632710141121368424e-29
1.685317320939221855e-28
3.245518030547429827e-28
9.226318166470346848e-29
9.148274095001532157e-29
3.889457740401723580e-27
2.912064015651114070e-29
5.121387890751557524e-27
2.251610720506689713e-29
2.175154569380234625e-29
2.866960016181236500e-29
8.300220441065280044e-29
8.314754603295152917e-26
4.560328149255578045e-29
1.912282822290447569e-29
6.407493753186955073e-29
4.268933509812100454e-28
5.079277305286555964e-29
3.381082374988551871e-27
1.791310804841644065e-28
4.363103318914918729e-28
9.949688740897505631e-29
1.148999834201107718e-28
1.508934082377438868e-26
2.410781895590187683e-27
1.599846410230072370e-27
1.475639678224237807e-28
4.522461945991811113e-28
3.887100729861579687e-27
3.861206094187825028e-27
1.350118972005512963e-27
2.947500980968612642e-28
2.885723083622290556e-28
