3.918961998118306826e+35
2.800255757193607073e+35
2.461734241094458747e+36
6.739218661469027622e+34
5.933287188986579859e+35
1.348653090660593468e+37
5.924857098354396220e+35
9.988276445790129535e+35
9.857408259729197980e+34
7.934260884514248289e+34
3.432818910599609754e+36
1.171642506415219069e+36
7.788175020921905601e+34
1.558318602401031354e+35
2.558846693460479015e+36
3.540933757215736108e+35
1.722822557687459797e+35
2.604323666498473785e+35
1.687216505424485818e+35
1.867235810195696910e+36
1.883795028450271691e+35
2.162551104415867865e+36
2.495822126296177694e+37
5.233023935673833603e+34
1.116658949649153819e+36
5.488314861850910588e+35
3.229653349633923606e+35
3.682665071414020538e+35
1.095734285647581921e+35
8.675954843724237673e+35
1.432411405160995298e+35
2.540390266723771571e+35
2.298031726409383182e+35
2.339095441477739220e+36
4.362258428508696725e+36
9.121769198282422006e+35
2.941211121545973032e+34
8.185495772257254349e+34
6.396688222205450724e+35
6.874383588200948823e+34
1.018481265911560809e+36
4.241035981127970500e+35
4.835168777257942737e+35
9.634368443704118868e+34
1.225758192908956064e+35
6.959853752404362591e+35
4.205359803031593234e+35
2.213046501047962216e+36
1.385868042636220840e+36
9.621675247946134906e+34
1.523029603773217652e+35
4.742748906282191046e+35
1.186227884399002018e+35
1.600061794987664740e+36
5.043150626619360812e+35
1.434127713244138600e+35
1.264967025049193593e+35
6.528215950030858830e+35
4.192094256683378467e+35
2.792659924987726167e+36
7.000073878637310361e+35
3.139357153322788531e+36
4.718078178428437353e+35
6.164432687663151257e+35
1.000818442112886201e+36
4.552604235399223548e+34
2.568707362235531092e+35
1.472911683488148967e+35
8.382619056422776175e+35
1.075031527740578098e+35
1.165361142510658057e+35
1.208929998061372271e+36
3.907975368764598113e+35
5.153983420577576740e+35
3.705946364524859306e+35
9.022400653279324806e+35
9.560370962748122503e+34
3.667373461366024863e+36
3.714924428585647989e+36
4.350025248080013120e+35
2.637360805075266013e+35
7.429514439181594443e+35
7.773667158989500831e+34
4.187807953378436019e+35
6.522330456250701962e+35
1.061987433595983529e+36
1.252836236308071565e+35
6.295519104235108063e+34
9.394769414756633962e+36
3.893270475766711083e+35
3.994455997586689489e+35
3.869211906381787532e+36
6.336255111937776166e+35
3.813565709870511621e+35
1.978847124030516097e+35
5.976482028327952359e+34
7.771862791642788882e+34
1.572874808207572477e+35
3.259698102505204830e+35
3.947823226733587395e+35
8.972008959699841911e+35
1.502921803471845323e+36
1.668628412834409178e+35
8.323143776456141237e+34
1.842723599325399398e+36
3.041057095191201015e+35
8.994201831319676724e+35
9.434965928109253232e+34
3.150317500605059925e+35
9.755488366688271809e+35
3.678472998103049962e+35
1.038969440617295249e+35
7.755393754620691670e+34
1.487207984600359691e+35
6.483840787637552296e+35
1.342477837683547139e+35
8.944349951388186704e+34
1.607235720167376248e+35
1.977794293435365393e+35
1.310356141098427244e+35
5.607371483626299433e+35
1.334525342975695707e+35
1.161971897997948939e+35
9.908712020880993382e+34
4.689211904464687632e+35
1.835718018418242869e+36
3.060991582156438453e+35
6.413868832933234746e+35
1.093307274479654585e+36
3.565695553690383585e+34
4.776418464276247970e+35
2.025359011857374161e+35
1.913855864595426481e+35
1.322007310694838000e+35
4.141828895072652655e+35
1.065744435796557573e+36
1.625791102748685889e+35
1.223583704833813712e+36
1.110557854238783832e+35
2.049022016290357999e+35
4.361477253230256261e+35
6.754455827503092981e+34
3.038452654048461880e+35
1.741847355538805714e+36
1.289082494010789469e+35
1.532570505037548315e+35
2.601275549836087717e+36
9.436708665319947450e+34
3.916537945416213630e+36
4.651707727719403307e+35
2.954565395830576329e+35
1.120331725721523992e+35
5.904578262679104901e+34
1.230258393197945092e+35
8.437244575324973937e+34
3.529026105131194460e+35
5.023783488557464208e+34
2.359824841686650832e+35
3.198269424295170305e+35
4.652657705256481680e+35
6.285881185181954065e+34
1.233494340327065042e+36
4.455886799483018930e+35
1.890623067484195851e+35
5.703647628098550781e+35
9.307741091524167164e+35
6.447255793056127326e+36
4.544041594254166148e+34
4.999332101201255754e+35
5.481641609350290707e+34
5.933514734147883894e+34
2.671972773145492436e+35
2.048706953261676080e+35
3.676760936556166817e+34
2.516087064903584581e+35
7.228615401048916522e+35
1.262837131609151963e+36
7.465197284001843909e+36
8.989244153290227226e+35
5.191378579144976184e+35
2.858871060744830000e+35
3.976129717393525561e+35
1.285372520101351302e+35
6.568625571256181877e+34
9.218050976085308357e+34
1.446898855045871823e+35
2.076286010412155064e+35
4.429324400667362769e+35
9.325349248177196597e+34
7.935294899634321283e+34
1.703357625237775598e+35
1.950588901762438121e+35
5.098225031264390736e+35
4.548843048537173868e+35
2.800622161984017057e+35
1.343438943113111967e+35
3.430686973883351953e+35
1.632346996481840340e+36
6.865745948615687056e+35
5.190948471873264150e+35
