3.730973373101675810e-28
3.963011069174361615e-27
2.107340339807629708e-28
2.152690815457411893e-28
6.536795952581877643e-30
1.209017481730567312e-29
8.903019961383269896e-29
5.098118246616229532e-28
5.796829568096700160e-27
7.672656655867877641e-29
5.665131738817864189e-29
1.645968347900200564e-28
1.229626385621226853e-26
6.142688278168588914e-29
1.395949601571698198e-28
1.675858653944203137e-29
1.569718146460674441e-28
4.030002321019098149e-27
6.157759753237064234e-29
4.714668106083188162e-29
1.651817457859643009e-29
9.056458589958781990e-29
3.697953288856372700e-28
8.637202203588868413e-29
5.088068484934721827e-28
1.652585625629646664e-29
1.872915260005648921e-26
1.871814057399548256e-28
6.377940744321450065e-30
5.121387890751557524e-27
1.436120615197797623e-28
2.659215222614449194e-27
2.214236804435514371e-29
1.443243047720881226e-28
1.220802349940028404e-28
2.198057108747417519e-29
7.777708781926053543e-29
6.066277581666652462e-27
1.972834065240026395e-29
5.430271135198664785e-28
5.258027135554884323e-30
1.723233845155198918e-26
4.363103318914918729e-28
3.559700285961960981e-29
2.327708951235021584e-27
1.059972356030268390e-29
3.188000215308512930e-29
3.889191764304316987e-28
1.461390072053419890e-29
5.080058481066060760e-29
7.072693988047614789e-29
4.514604547130138030e-27
8.115383649120016040e-29
1.144544190704728860e-28
1.435283654922746319e-29
8.905625304689481620e-29
6.350297155310248542e-29
3.518041893549256343e-27
8.300220441065280044e-29
3.245518030547429827e-28
3.467908537094676417e-29
2.166551200581601481e-29
1.731214538483911810e-28
6.034024463765540710e-29
8.067947871960907315e-30
2.175154569380234625e-29
5.079277305286555964e-29
5.773756997193877541e-30
8.289303119135304060e-29
6.407493753186955073e-29
5.531205731960746348e-29
3.861206094187825028e-27
1.624283400996162707e-24
5.700131994022362375e-30
3.524757352337304826e-29
3.662339339969354418e-27
3.638327788607664427e-29
5.972556748939269294e-30
