2.658513258391204879e-30
2.296925218426859958e-28
4.534456514077934847e-29
7.574795678006025981e-29
2.678845750912550694e-30
7.554974702274093401e-30
2.611176167569923373e-29
1.464719390280381742e-29
2.452579475807342406e-30
2.834814893571488722e-30
4.955072884771130066e-30
1.325407979779524030e-29
2.224063455202247353e-30
9.431743090908102705e-29
6.205053003626903409e-30
1.283433807740707716e-29
1.761801152450316149e-29
1.230711299048893889e-29
8.792168737685587095e-30
2.384411102860943790e-29
1.590546089471294287e-30
3.326509701062922165e-29
1.965200976939611511e-29
2.504207675860297238e-30
1.040292417088440483e-30
7.680474092075848964e-31
5.419729675234737239e-29
7.953793843554456170e-30
1.026152781295859405e-29
1.340348695352855680e-29
3.075551879210133738e-29
1.968285622201271646e-29
2.079208842882384898e-30
