3.095153590999964748e-28
3.861206094187825028e-27
3.853372185675762795e-28
8.428096903473901247e-27
8.977074762913827692e-29
1.279127486564968256e-27
2.521679216045296867e-28
1.791310804841644065e-28
5.796829568096700160e-27
1.182355900232195577e-27
1.229626385621226853e-26
2.659215222614449194e-27
2.912064015651114070e-29
3.518041893549256343e-27
9.702929860582819474e-28
9.707018667154732955e-28
1.624283400996162707e-24
4.350519367380542287e-29
1.872915260005648921e-26
3.467908537094676417e-29
2.410781895590187683e-27
1.871814057399548256e-28
4.363103318914918729e-28
6.407493753186955073e-29
5.088068484934721827e-28
4.514604547130138030e-27
2.540185425327150847e-27
6.157759753237064234e-29
3.188000215308512930e-29
1.723233845155198918e-26
7.568214733873069838e-28
3.682893904249081734e-28
1.436120615197797623e-28
6.591675764040625684e-28
1.054979750642850394e-27
2.107340339807629708e-28
1.395949601571698198e-28
5.121387890751557524e-27
9.226318166470346848e-29
4.522461945991811113e-28
4.196094688855104969e-26
6.066277581666652462e-27
4.985940229721627652e-28
8.632710141121368424e-29
4.030002321019098149e-27
3.662339339969354418e-27
9.056458589958781990e-29
1.569718146460674441e-28
1.144544190704728860e-28
3.664815466279737595e-29
2.866960016181236500e-29
7.481837828632143170e-29
2.327708951235021584e-27
3.889191764304316987e-28
1.435168558637494700e-28
1.193892063100533401e-26
8.300220441065280044e-29
4.326886862793340710e-27
3.505693003458262201e-28
1.558412805371012028e-28
3.889457740401723580e-27
9.997814674906322526e-29
7.777708781926053543e-29
3.381082374988551871e-27
7.455279304762596673e-28
3.887100729861579687e-27
1.349959379674388238e-27
1.652289811821373414e-27
6.034024463765540710e-29
2.061924713254897619e-28
8.903019961383269896e-29
1.685317320939221855e-28
5.643755875451307532e-28
3.454395459817370083e-28
9.949688740897505631e-29
2.374267306027835941e-28
2.549443552618187995e-28
8.314754603295152917e-26
7.155650115977106303e-29
7.326311933465023322e-29
1.194917179235231281e-28
1.350118972005512963e-27
8.921229830859542248e-29
1.474518131553469021e-28
1.508934082377438868e-26
3.287932940355347075e-28
8.368663553642933177e-27
3.274041915054431743e-29
4.451028950780656040e-29
1.504251836391867517e-27
