1.643843391668475744e-28
4.855894094856653082e-29
4.844031145056674822e-30
8.648930568370634019e-29
1.029597238743757769e-29
6.835523540613379821e-30
1.493876245888078482e-29
1.887529142144457818e-29
2.633536952177586122e-29
2.594813440556790063e-29
8.074184275382269267e-29
2.520171050406161417e-29
2.228166209136685189e-29
1.092511621270807580e-29
1.057173121074669490e-29
2.834814893571488722e-30
4.482312817552582580e-29
9.431743090908102705e-29
1.283433807740707716e-29
9.806166122713754671e-31
5.618912087439298862e-30
2.692857808596066324e-30
7.132440096092130474e-29
2.054712201641208272e-30
3.069934498259521422e-28
1.811768103198514337e-30
1.551820714303327515e-30
1.403339800715434894e-29
2.079208842882384898e-30
8.412388043767907902e-30
2.397011844238327683e-28
2.826647523757834355e-30
1.590546089471294287e-30
4.896779396992738804e-30
1.683637130801892886e-29
1.324482604797270758e-29
2.634713476567439415e-29
1.126902419282288531e-30
6.536795952581877643e-30
1.559780340825999287e-29
inf
5.187301947218710888e-30
inf
1.325407979779524030e-29
