6.157759753237064234e-29
8.403617198119361753e-29
1.326801657482322178e-29
3.697953288856372700e-28
5.101419299318584541e-28
2.633536952177586122e-29
3.889191764304316987e-28
2.154861530075189367e-29
1.229626385621226853e-26
1.006536764524136074e-27
1.723233845155198918e-26
4.196094688855104969e-26
8.300220441065280044e-29
1.443243047720881226e-28
5.796829568096700160e-27
1.872915260005648921e-26
1.040660193136682581e-28
9.707018667154732955e-28
1.731214538483911810e-28
4.030002321019098149e-27
3.467908537094676417e-29
2.856590728841604845e-29
1.103563910954825235e-28
7.933613972239089684e-30
5.527311650305406782e-29
1.435283654922746319e-29
1.349959379674388238e-27
2.088996403933075652e-29
2.511915252676409728e-29
4.902851636327444446e-30
8.048463531318316991e-30
5.665131738817864189e-29
1.965200976939611511e-29
6.142688278168588914e-29
2.327708951235021584e-27
6.066277581666652462e-27
1.436120615197797623e-28
2.152690815457411893e-28
9.555744496431922590e-29
3.317685363821051150e-28
2.659215222614449194e-27
2.226269768439672647e-27
6.407493753186955073e-29
3.212563539523601504e-28
9.997814674906322526e-29
8.115383649120016040e-29
1.569718146460674441e-28
8.632710141121368424e-29
1.238801193707127506e-29
5.981219211082113978e-29
5.258027135554884323e-30
4.514604547130138030e-27
3.532816954274342343e-28
6.034024463765540710e-29
5.972556748939269294e-30
1.762407127033455153e-29
1.395949601571698198e-28
3.188000215308512930e-29
5.121387890751557524e-27
2.255396079731303466e-29
6.687132583809277498e-29
2.555714730328988987e-29
3.559700285961960981e-29
7.777708781926053543e-29
5.088068484934721827e-28
2.866960016181236500e-29
3.245518030547429827e-28
1.565483681433059992e-29
2.613136928501060042e-29
1.658736283817753990e-29
4.617681238941535526e-29
1.120364412619485583e-28
3.889457740401723580e-27
6.967333620125389298e-28
7.667405068264915877e-30
8.903019961383269896e-29
1.444714496030169602e-29
9.226318166470346848e-29
1.030579091072822774e-29
5.421585340039269272e-29
3.095153590999964748e-28
9.281368126073576570e-28
3.887100729861579687e-27
