2.014730211556099332e-29
0.000000000000000000e+00
1.164878506061312046e-28
1.311420950962368641e-29
1.265263240224481760e-28
2.136057058441386930e-29
1.229626385621226853e-26
4.030002321019098149e-27
1.652585625629646664e-29
1.565483681433059992e-29
2.107340339807629708e-28
0.000000000000000000e+00
6.066277581666652462e-27
2.198057108747417519e-29
3.222363704105679691e-28
1.103563910954825235e-28
1.024760385743820338e-29
2.152690815457411893e-28
0.000000000000000000e+00
1.435283654922746319e-29
5.981219211082113978e-29
1.436120615197797623e-28
4.902851636327444446e-30
2.633536952177586122e-29
3.623693946332212007e-29
2.228166209136685189e-29
0.000000000000000000e+00
9.611684556596804301e-30
7.105000703752289794e-29
9.707018667154732955e-28
1.015759323073559813e-28
0.000000000000000000e+00
0.000000000000000000e+00
0.000000000000000000e+00
2.072125461626124918e-29
6.986649898956892108e-30
1.731214538483911810e-28
1.134698078037826443e-29
2.556061081852457760e-29
0.000000000000000000e+00
5.258027135554884323e-30
1.476901027000725762e-29
4.695495213709218986e-29
8.632710141121368424e-29
2.327708951235021584e-27
5.430271135198664785e-28
0.000000000000000000e+00
1.723233845155198918e-26
5.699940788920499777e-30
4.061440632859392828e-28
3.697953288856372700e-28
0.000000000000000000e+00
3.245518030547429827e-28
5.972556748939269294e-30
0.000000000000000000e+00
0.000000000000000000e+00
2.088996403933075652e-29
3.188000215308512930e-29
1.645968347900200564e-28
1.161256289128556256e-28
3.860311787450257618e-30
2.762745359338201694e-29
8.300220441065280044e-29
0.000000000000000000e+00
1.219925210124559195e-29
0.000000000000000000e+00
2.998732832252905909e-27
1.675858653944203137e-29
3.524068713078389529e-29
1.395949601571698198e-28
4.514604547130138030e-27
5.121387890751557524e-27
1.965200976939611511e-29
1.872915260005648921e-26
7.559386137937451617e-29
3.889191764304316987e-28
2.521679216045296867e-28
0.000000000000000000e+00
1.015533673537780553e-28
5.088068484934721827e-28
1.144544190704728860e-28
3.889457740401723580e-27
5.700131994022362375e-30
0.000000000000000000e+00
0.000000000000000000e+00
0.000000000000000000e+00
0.000000000000000000e+00
5.773756997193877541e-30
0.000000000000000000e+00
3.467908537094676417e-29
0.000000000000000000e+00
1.209017481730567312e-29
0.000000000000000000e+00
0.000000000000000000e+00
3.559700285961960981e-29
0.000000000000000000e+00
1.462832581453351325e-29
2.257082775411403862e-29
3.518041893549256343e-27
