8.702313809647411627e-29
3.565857671539187567e-30
1.590546089471294287e-30
2.963608787649510168e-29
5.054321153696211435e-30
5.070408106457961816e-30
1.126065602294985853e-28
5.231109559206856659e-30
1.493876245888078482e-29
4.302928827561804091e-30
2.224063455202247353e-30
2.079208842882384898e-30
1.136592095371014150e-30
1.551820714303327515e-30
1.718119816113344746e-28
9.431743090908102705e-29
4.751337456307351572e-30
6.047607658070025604e-29
2.469616292604001966e-30
1.887529142144457818e-29
1.879118537445290261e-29
2.520171050406161417e-29
2.433838262794093087e-30
1.283433807740707716e-29
1.016819317519825112e-29
8.505576170570244971e-30
2.263507962375049991e-31
