1.373288293379736612e-28
3.889191764304316987e-28
1.229626385621226853e-26
3.245518030547429827e-28
1.395949601571698198e-28
2.327708951235021584e-27
5.796829568096700160e-27
3.618655806002782997e-29
1.194917179235231281e-28
5.079277305286555964e-29
6.407493753186955073e-29
6.157759753237064234e-29
1.652289811821373414e-27
4.030002321019098149e-27
3.889457740401723580e-27
1.912282822290447569e-29
2.345649128011231326e-28
1.599846410230072370e-27
3.188000215308512930e-29
1.569718146460674441e-28
1.557630545997686493e-28
9.249977530927536131e-29
6.447542963120487804e-29
1.349959379674388238e-27
2.166551200581601481e-29
1.054979750642850394e-27
1.290602488066990310e-28
6.142688278168588914e-29
1.723233845155198918e-26
3.601831442971258771e-29
2.659215222614449194e-27
1.624283400996162707e-24
8.632710141121368424e-29
4.514604547130138030e-27
6.066277581666652462e-27
6.193642292862786023e-29
1.238644450164112475e-28
2.152690815457411893e-28
4.560328149255578045e-29
3.350405173510939349e-27
1.436120615197797623e-28
4.747067179095680765e-29
1.871814057399548256e-28
1.685317320939221855e-28
3.074250977117345758e-29
7.653182614703150343e-28
1.872915260005648921e-26
8.289303119135304060e-29
3.490051840302433096e-29
9.226318166470346848e-29
1.407998843019997193e-28
1.037498980338090316e-28
3.662339339969354418e-27
4.326886862793340710e-27
3.518041893549256343e-27
3.467908537094676417e-29
8.300220441065280044e-29
6.034024463765540710e-29
3.505693003458262201e-28
7.777708781926053543e-29
3.381082374988551871e-27
1.326801657482322178e-29
1.337410424912598657e-28
1.799047720115397493e-28
5.121387890751557524e-27
4.363103318914918729e-28
2.107340339807629708e-28
3.050521645961571540e-29
8.903019961383269896e-29
1.922478173154652695e-28
9.707018667154732955e-28
9.281368126073576570e-28
6.587768094554954109e-29
1.636473526434518714e-28
3.861206094187825028e-27
2.912064015651114070e-29
1.744271154593485756e-29
1.178052424129534782e-27
4.196094688855104969e-26
6.793667998629026914e-28
4.522461945991811113e-28
8.368663553642933177e-27
3.924804619346545293e-28
5.874648668016696267e-28
1.423009525386912957e-28
5.824506795392505336e-28
2.947500980968612642e-28
9.949688740897505631e-29
2.374267306027835941e-28
