4.111037673759922768e-28
8.905625304689481620e-29
1.144544190704728860e-28
1.462832581453351325e-29
6.473438089963153793e-29
8.921229830859542248e-29
8.632710141121368424e-29
5.796829568096700160e-27
3.222363704105679691e-28
6.168514567986809671e-30
2.226269768439672647e-27
1.229626385621226853e-26
3.188000215308512930e-29
3.212563539523601504e-28
4.030002321019098149e-27
1.015174091721237002e-29
3.889191764304316987e-28
5.088068484934721827e-28
4.714668106083188162e-29
4.514604547130138030e-27
3.623693946332212007e-29
2.152690815457411893e-28
1.436120615197797623e-28
1.443243047720881226e-28
1.965200976939611511e-29
1.209017481730567312e-29
9.997814674906322526e-29
1.321418364389001968e-29
2.072125461626124918e-29
3.697953288856372700e-28
2.447957698575027546e-28
2.175154569380234625e-29
4.061440632859392828e-28
2.856590728841604845e-29
6.066277581666652462e-27
5.079277305286555964e-29
3.467908537094676417e-29
4.800679551816679228e-30
1.015759323073559813e-28
3.148722856901491368e-28
1.723233845155198918e-26
8.382335045017724750e-30
3.638327788607664427e-29
6.157759753237064234e-29
6.173690254119222329e-29
2.327708951235021584e-27
2.613136928501060042e-29
2.659215222614449194e-27
2.198057108747417519e-29
3.245518030547429827e-28
1.569718146460674441e-28
7.777708781926053543e-29
2.166551200581601481e-29
1.395949601571698198e-28
1.435283654922746319e-29
9.056458589958781990e-29
1.731214538483911810e-28
9.611684556596804301e-30
1.872915260005648921e-26
5.121387890751557524e-27
1.390844354758740282e-29
2.154861530075189367e-29
8.953719958512656066e-29
3.518041893549256343e-27
5.773756997193877541e-30
1.280128130756665954e-29
4.196094688855104969e-26
8.289303119135304060e-29
1.791310804841644065e-28
9.226318166470346848e-29
3.559700285961960981e-29
3.564786922480392176e-29
3.861206094187825028e-27
8.300220441065280044e-29
1.624283400996162707e-24
4.363103318914918729e-28
2.107340339807629708e-28
