2.152690815457411893e-28
4.079630537730890477e-28
2.488580869339831551e-29
4.731914816388665759e-30
2.641019976038232509e-29
1.224931663120026814e-29
1.422575247349501930e-29
8.845972591008775120e-30
2.903472913551187783e-28
1.955179789123659629e-29
7.018368642680122343e-30
1.028200457322057262e-29
9.431743090908102705e-29
2.834814893571488722e-30
8.919593887021944163e-30
4.514604547130138030e-27
1.462832581453351325e-29
4.509159203311072865e-30
1.265908321532489479e-29
9.169971432813834291e-30
5.981219211082113978e-29
1.283433807740707716e-29
1.514616685320920922e-28
5.867542486014017954e-30
2.629290668105857601e-30
1.761801152450316149e-29
3.852385506220315111e-30
8.458988849269000771e-29
inf
2.079208842882384898e-30
inf
1.134698078037826443e-29
2.014730211556099332e-29
6.142688278168588914e-29
1.535601839311780445e-29
2.012918159678271903e-30
8.816850937311897619e-29
inf
9.611684556596804301e-30
2.072178974741518992e-30
1.530988685226488220e-29
2.228166209136685189e-29
inf
8.730863650824858041e-29
6.986649898956892108e-30
2.762745359338201694e-29
2.327708951235021584e-27
1.742483778896053285e-29
7.678383865463684799e-29
1.046675365476106626e-28
3.697953288856372700e-28
7.349862432619095797e-30
2.411182448459856697e-30
3.960257409375461614e-29
3.077756732333350814e-30
inf
1.675858653944203137e-29
inf
