4.061440632859392828e-28
7.217045634365064170e-29
1.015533673537780553e-28
inf
5.972556748939269294e-30
2.375799189919511102e-29
1.436120615197797623e-28
2.327708951235021584e-27
1.320245909162997333e-28
8.343524726172893525e-30
1.887529142144457818e-29
3.730973373101676707e-28
1.872915260005648921e-26
1.224931663120026814e-29
4.844031145056674822e-30
1.675858653944203137e-29
5.699940788920499777e-30
6.142688278168588914e-29
2.520171050406161417e-29
6.986649898956892108e-30
3.077756732333350814e-30
4.714668106083188162e-29
2.979214183610277668e-28
1.216690476473804616e-29
2.228166209136685189e-29
1.024760385743820338e-29
4.949113857989228803e-29
3.144406424882661232e-29
2.594813440556790063e-29
5.121387890751557524e-27
1.164878506061312046e-28
inf
inf
3.890243854163459605e-29
inf
8.443246583815872267e-29
9.611684556596804301e-30
2.870862332656052997e-30
2.152690815457411893e-28
1.590546089471294287e-30
1.325407979779524030e-29
inf
inf
2.714684843589140805e-29
2.079208842882384898e-30
9.764529474030215530e-28
9.007055837567407979e-30
2.633536952177586122e-29
9.604838846559061810e-30
6.066277581666652462e-27
7.282900346489641083e-29
2.492472005624223325e-30
1.319518378095789811e-29
2.840046851796237245e-29
inf
2.641019976038232509e-29
1.490690666272551797e-29
4.030002321019098149e-27
inf
5.258027135554884323e-30
1.015759323073559813e-28
inf
2.088996403933075652e-29
3.188000215308512930e-29
2.150112074310597754e-29
inf
4.514604547130138030e-27
1.134698078037826443e-29
