1.731214538483911810e-28
1.524645203516539057e-30
6.142688278168588914e-29
0.000000000000000000e+00
9.510007524806162530e-30
1.024760385743820338e-29
9.007055837567407979e-30
8.632710141121368424e-29
4.061440632859392828e-28
0.000000000000000000e+00
7.105000703752289794e-29
5.972556748939269294e-30
3.222363704105679691e-28
1.229626385621226853e-26
4.030002321019098149e-27
2.152690815457411893e-28
8.282279767701341892e-29
3.047422554562399205e-29
1.463787908297443064e-29
1.238801193707127506e-29
3.911361804863646531e-29
1.390844354758740282e-29
6.536795952581877643e-30
2.437525984874343763e-28
2.492472005624223325e-30
5.458916297040984320e-29
7.558384909146132071e-29
2.088996403933075652e-29
2.072125461626124918e-29
8.300220441065280044e-29
4.910667970069468659e-29
4.714668106083188162e-29
4.902851636327444446e-30
1.216690476473804616e-29
4.514604547130138030e-27
1.675858653944203137e-29
7.559386137937451617e-29
0.000000000000000000e+00
1.455757645021451754e-29
0.000000000000000000e+00
0.000000000000000000e+00
2.633536952177586122e-29
1.436120615197797623e-28
0.000000000000000000e+00
1.310183551514870157e-28
5.949979169859128708e-30
2.140118052901461279e-29
6.986649898956892108e-30
2.327708951235021584e-27
1.723233845155198918e-26
1.164878506061312046e-28
6.066277581666652462e-27
2.226269768439672647e-27
1.345743237751895460e-29
1.872915260005648921e-26
1.965200976939611511e-29
5.121387890751557524e-27
2.770414388114558316e-30
2.286798693517714840e-30
2.107340339807629708e-28
2.840046851796237245e-29
0.000000000000000000e+00
1.750605017280449097e-29
1.134698078037826443e-29
8.443246583815872267e-29
0.000000000000000000e+00
8.898536182018070102e-30
5.258027135554884323e-30
3.467908537094676417e-29
0.000000000000000000e+00
3.188000215308512930e-29
0.000000000000000000e+00
0.000000000000000000e+00
1.569718146460674441e-28
2.659215222614449194e-27
0.000000000000000000e+00
3.638327788607664427e-29
1.015759323073559813e-28
0.000000000000000000e+00
2.870862332656052997e-30
0.000000000000000000e+00
0.000000000000000000e+00
2.551955711199798703e-29
0.000000000000000000e+00
0.000000000000000000e+00
5.700131994022362375e-30
