2.152690815457411893e-28
5.430271135198664785e-28
7.075588292057611631e-29
6.142688278168588914e-29
1.395949601571698198e-28
5.796829568096700160e-27
3.188000215308512930e-29
2.447957698575027546e-28
4.030002321019098149e-27
1.462832581453351325e-29
6.188280767450803238e-29
3.532816954274342343e-28
9.281368126073576570e-28
3.212563539523601504e-28
1.229626385621226853e-26
9.226318166470346848e-29
8.115383649120016040e-29
2.633536952177586122e-29
3.467908537094676417e-29
2.255396079731303466e-29
1.390844354758740282e-29
3.889457740401723580e-27
6.278305846734798539e-30
4.006490421894193890e-29
2.072125461626124918e-29
4.800679551816679228e-30
1.965200976939611511e-29
4.902851636327444446e-30
1.120364412619485583e-28
6.157759753237064234e-29
2.327708951235021584e-27
3.505693003458262201e-28
3.730973373101675810e-28
4.698880012237552405e-29
6.986649898956892108e-30
3.697953288856372700e-28
1.723233845155198918e-26
1.103563910954825235e-28
6.066277581666652462e-27
5.773756997193877541e-30
1.872960141115402201e-27
1.872915260005648921e-26
4.158520788253255174e-29
1.443243047720881226e-28
1.436120615197797623e-28
1.015759323073559813e-28
4.326886862793340710e-27
2.228166209136685189e-29
5.258027135554884323e-30
5.699940788920499777e-30
1.634618825320293381e-29
8.632710141121368424e-29
3.469760589725251016e-29
1.209017481730567312e-29
4.514604547130138030e-27
6.687132583809277498e-29
7.933613972239089684e-30
9.611684556596804301e-30
1.404063847274259704e-29
1.238801193707127506e-29
1.565483681433059992e-29
5.121387890751557524e-27
3.889191764304316987e-28
3.861206094187825028e-27
2.088996403933075652e-29
7.034824514066934727e-30
3.245518030547429827e-28
9.056458589958781990e-29
7.175715958123829466e-28
9.997814674906322526e-29
1.280128130756665954e-29
4.196094688855104969e-26
2.613136928501060042e-29
1.731214538483911810e-28
2.856590728841604845e-29
9.555744496431922590e-29
8.300220441065280044e-29
9.707018667154732955e-28
5.972556748939269294e-30
3.518041893549256343e-27
5.615067450709924042e-29
