5.584026718651402718e-28
5.647601253278733689e-29
2.152690815457411893e-28
8.921229830859542248e-29
6.157759753237064234e-29
4.514604547130138030e-27
6.217862881120897423e-28
6.066277581666652462e-27
3.889191764304316987e-28
1.229626385621226853e-26
3.505693003458262201e-28
1.326801657482322178e-29
1.148999834201107718e-28
4.363103318914918729e-28
2.107340339807629708e-28
4.196094688855104969e-26
1.652289811821373414e-27
3.664815466279737595e-29
2.659215222614449194e-27
5.796829568096700160e-27
8.977074762913827692e-29
2.521679216045296867e-28
7.359174308938817454e-29
1.194917179235231281e-28
3.697953288856372700e-28
7.416145576425361458e-28
1.395949601571698198e-28
1.569718146460674441e-28
7.777708781926053543e-29
5.615067450709924042e-29
3.889457740401723580e-27
8.123644926488993554e-28
4.030002321019098149e-27
8.903019961383269896e-29
9.056458589958781990e-29
1.872915260005648921e-26
2.327708951235021584e-27
1.723233845155198918e-26
6.034024463765540710e-29
1.965200976939611511e-29
5.121387890751557524e-27
1.474518131553469021e-28
1.436120615197797623e-28
6.587768094554954109e-29
8.632710141121368424e-29
4.326886862793340710e-27
4.522461945991811113e-28
3.381082374988551871e-27
2.866960016181236500e-29
2.912064015651114070e-29
2.378426524175217860e-29
9.702929860582819474e-28
3.467908537094676417e-29
1.731214538483911810e-28
7.472560049670989551e-29
4.985940229721627652e-28
3.188000215308512930e-29
5.421585340039269272e-29
5.088068484934721827e-28
8.990197726779254152e-29
3.518041893549256343e-27
8.300220441065280044e-29
8.289303119135304060e-29
9.226318166470346848e-29
1.144544190704728860e-28
6.407493753186955073e-29
3.095153590999964748e-28
1.182355900232195577e-27
3.236994765879337037e-27
9.707018667154732955e-28
2.175154569380234625e-29
1.624283400996162707e-24
1.030579091072822774e-29
1.912282822290447569e-29
1.698071943528489470e-28
1.349959379674388238e-27
1.350118972005512963e-27
3.757798127471988990e-29
3.861206094187825028e-27
5.643755875451307532e-28
8.310587669048843498e-28
4.451028950780656040e-29
2.221650116090399639e-29
4.560328149255578045e-29
2.166551200581601481e-29
3.853372185675762795e-28
9.949688740897505631e-29
8.368663553642933177e-27
3.887100729861579687e-27
8.314754603295152917e-26
1.791310804841644065e-28
