1.265263240224481760e-28
2.074751109924343751e-28
6.157759753237064234e-29
4.442967026774970974e-29
1.872915260005648921e-26
1.054979750642850394e-27
8.310587669048843498e-28
4.030002321019098149e-27
5.796829568096700160e-27
1.024760385743820338e-29
3.861906375919656302e-29
9.707018667154732955e-28
1.229626385621226853e-26
1.436120615197797623e-28
6.168514567986809671e-30
5.088068484934721827e-28
5.527311650305406782e-29
1.443243047720881226e-28
2.175154569380234625e-29
1.965200976939611511e-29
4.522461945991811113e-28
1.522437018537341410e-29
1.675858653944203137e-29
9.997814674906322526e-29
1.723233845155198918e-26
8.903019961383269896e-29
1.731214538483911810e-28
2.152690815457411893e-28
2.770414388114558316e-30
1.558205750889956145e-29
3.467908537094676417e-29
5.121387890751557524e-27
3.058050130027835487e-29
4.326886862793340710e-27
4.514604547130138030e-27
1.015759323073559813e-28
1.972834065240026395e-29
1.326801657482322178e-29
2.088996403933075652e-29
8.632710141121368424e-29
6.066277581666652462e-27
5.421585340039269272e-29
6.687132583809277498e-29
3.245518030547429827e-28
3.188000215308512930e-29
3.664815466279737595e-29
6.142688278168588914e-29
8.637202203588868413e-29
1.030579091072822774e-29
3.889191764304316987e-28
5.229776163464236481e-29
2.659215222614449194e-27
5.430271135198664785e-28
2.255396079731303466e-29
7.777708781926053543e-29
3.861206094187825028e-27
9.056458589958781990e-29
8.300220441065280044e-29
5.298825526874404475e-29
6.217862881120897423e-28
1.569718146460674441e-28
4.363103318914918729e-28
3.518041893549256343e-27
1.395949601571698198e-28
5.700131994022362375e-30
1.209017481730567312e-29
9.281368126073576570e-28
1.624283400996162707e-24
8.048463531318316991e-30
6.034024463765540710e-29
8.115383649120016040e-29
2.154861530075189367e-29
9.949688740897505631e-29
6.407493753186955073e-29
3.889457740401723580e-27
6.587768094554954109e-29
1.349959379674388238e-27
1.435283654922746319e-29
2.998732832252905909e-27
1.122620428698224173e-29
1.350118972005512963e-27
2.866960016181236500e-29
8.751508795547516704e-28
9.221535325814451286e-29
