3.623693946332212007e-29
7.967904782288630870e-29
7.643106565728791382e-29
1.872915260005648921e-26
5.258027135554884323e-30
8.089611175632619104e-28
3.697953288856372700e-28
2.447957698575027546e-28
1.134698078037826443e-29
1.462832581453351325e-29
6.447542963120487804e-29
1.229626385621226853e-26
8.903019961383269896e-29
7.105000703752289794e-29
6.209145050051802710e-29
1.622926503256146655e-29
4.514604547130138030e-27
1.299546674998606047e-27
5.458916297040984320e-29
2.659215222614449194e-27
4.714668106083188162e-29
1.436120615197797623e-28
3.638327788607664427e-29
2.228166209136685189e-29
3.212563539523601504e-28
4.902851636327444446e-30
2.152690815457411893e-28
6.986649898956892108e-30
1.912282822290447569e-29
3.730973373101675810e-28
2.633536952177586122e-29
5.981219211082113978e-29
1.024760385743820338e-29
1.509819181208077112e-29
8.905625304689481620e-29
2.140118052901461279e-29
2.697074334970482561e-29
1.702652652644454888e-29
1.683637130801892886e-29
4.030002321019098149e-27
6.066277581666652462e-27
2.641019976038232509e-29
7.766137605797698091e-29
1.311420950962368641e-29
3.889191764304316987e-28
2.327708951235021584e-27
1.723233845155198918e-26
9.007055837567407979e-30
1.121415015037179173e-28
9.611684556596804301e-30
1.675858653944203137e-29
1.015759323073559813e-28
4.747067179095680765e-29
6.377940744321450065e-30
3.188000215308512930e-29
8.115383649120016040e-29
9.997814674906322526e-29
2.088996403933075652e-29
2.770414388114558316e-30
1.965200976939611511e-29
4.552792110706249034e-30
5.121387890751557524e-27
3.518041893549256343e-27
1.390844354758740282e-29
1.280128130756665954e-29
6.407493753186955073e-29
1.744271154593485756e-29
1.972834065240026395e-29
1.443243047720881226e-28
1.791310804841644065e-28
1.176177959211123522e-28
3.467908537094676417e-29
1.629074881374580923e-28
1.731214538483911810e-28
