2.152690815457411893e-28
8.115383649120016040e-29
3.757798127471988990e-29
1.015759323073559813e-28
1.436120615197797623e-28
6.157759753237064234e-29
2.947500980968612642e-28
1.624283400996162707e-24
5.796829568096700160e-27
3.245518030547429827e-28
4.030002321019098149e-27
1.229626385621226853e-26
3.697953288856372700e-28
2.856590728841604845e-29
7.672656655867877641e-29
2.998732832252905909e-27
9.997814674906322526e-29
1.349959379674388238e-27
1.557630545997686493e-28
5.421585340039269272e-29
3.889457740401723580e-27
1.872915260005648921e-26
8.903019961383269896e-29
1.723233845155198918e-26
1.871814057399548256e-28
5.088068484934721827e-28
3.559700285961960981e-29
6.066277581666652462e-27
4.196094688855104969e-26
6.447542963120487804e-29
4.158520788253255174e-29
1.569718146460674441e-28
5.981219211082113978e-29
2.659215222614449194e-27
8.632710141121368424e-29
8.289303119135304060e-29
2.107340339807629708e-28
6.142688278168588914e-29
3.074250977117345758e-29
6.062897759784879371e-28
4.514604547130138030e-27
8.300220441065280044e-29
3.505693003458262201e-28
2.327708951235021584e-27
6.587768094554954109e-29
3.188000215308512930e-29
1.762407127033455153e-29
5.121387890751557524e-27
8.953719958512656066e-29
3.274041915054431743e-29
2.374267306027835941e-28
1.395949601571698198e-28
3.889191764304316987e-28
7.777708781926053543e-29
1.922478173154652695e-28
1.912282822290447569e-29
6.034024463765540710e-29
2.866960016181236500e-29
1.731214538483911810e-28
1.652289811821373414e-27
1.144544190704728860e-28
3.467908537094676417e-29
9.226318166470346848e-29
3.050521645961571540e-29
4.363103318914918729e-28
7.653182614703150343e-28
6.407493753186955073e-29
8.310587669048843498e-28
1.176177959211123522e-28
1.496938667979394397e-29
2.175154569380234625e-29
6.582702385590660466e-28
3.454395459817370083e-28
9.707018667154732955e-28
4.210053605655265517e-28
1.599846410230072370e-27
5.298825526874404475e-29
9.949688740897505631e-29
1.290602488066990310e-28
1.744271154593485756e-29
4.522461945991811113e-28
1.435168558637494700e-28
