1.761801152450316149e-29
2.790014926554723687e-30
5.956549291286562733e-29
5.908518591106181252e-30
2.384411102860943790e-29
3.993910694887346072e-29
7.890453184379837420e-29
2.224063455202247353e-30
1.230711299048893889e-29
2.814202563477737537e-30
2.726677428069633710e-29
1.981955538208810363e-30
6.497025678312817286e-29
4.668625240608767354e-30
1.076876487848093856e-28
8.792168737685587095e-30
2.452579475807342406e-30
2.276398196415005588e-29
4.955072884771130066e-30
2.834814893571488722e-30
7.340835838242356327e-30
1.325407979779524030e-29
1.283433807740707716e-29
6.197316192439720826e-30
1.164846639393728587e-29
2.079208842882384898e-30
4.534456514077934847e-29
1.040292417088440483e-30
1.055461767716898250e-29
