3.662339339969354418e-27
1.054979750642850394e-27
7.613761606525191683e-27
1.194917179235231281e-28
1.229626385621226853e-26
3.889191764304316987e-28
6.066277581666652462e-27
9.707018667154732955e-28
4.030002321019098149e-27
3.454395459817370083e-28
1.624283400996162707e-24
2.374267306027835941e-28
1.182355900232195577e-27
3.926260719330653428e-28
4.363103318914918729e-28
1.090378181536601372e-26
1.395949601571698198e-28
1.352457878702337817e-27
1.019363759301035006e-25
1.226139575809781510e-27
2.410781895590187683e-27
4.522461945991811113e-28
1.723233845155198918e-26
2.659215222614449194e-27
5.796829568096700160e-27
1.569718146460674441e-28
5.468085810639432746e-28
2.327708951235021584e-27
9.281368126073576570e-28
1.349959379674388238e-27
8.428096903473901247e-27
3.505693003458262201e-28
2.107340339807629708e-28
3.479259411943926218e-27
7.274504882428393879e-28
5.121387890751557524e-27
4.326886862793340710e-27
1.636473526434518714e-28
4.514604547130138030e-27
3.889457740401723580e-27
2.260900257934299187e-28
9.949688740897505631e-29
1.872915260005648921e-26
1.222788517984727665e-27
3.381082374988551871e-27
4.725257980718148590e-28
4.196094688855104969e-26
1.652289811821373414e-27
1.937577579582271881e-27
3.518041893549256343e-27
1.871814057399548256e-28
2.765934908479080993e-27
8.314754603295152917e-26
9.353185368323886958e-28
9.702929860582819474e-28
3.958787756073257638e-28
3.861206094187825028e-27
1.518677167815066291e-28
1.350118972005512963e-27
1.508934082377438868e-26
2.885723083622290556e-28
1.211094637837402314e-26
5.874648668016696267e-28
1.218089334445729656e-27
3.487609470115682172e-28
8.368663553642933177e-27
8.921229830859542248e-29
2.070882637748494477e-28
6.227524966658500769e-28
1.839122129898839143e-28
7.396381183663157200e-28
2.125702098914003352e-27
2.718347500074628758e-28
2.540185425327150847e-27
3.887100729861579687e-27
1.474518131553469021e-28
3.924804619346545293e-28
4.402332799417825999e-28
7.331916140224857594e-27
4.143417159121688063e-28
6.155514468766186455e-27
2.214406843358698532e-28
