4.985940229721627652e-28
1.937577579582271881e-27
1.229626385621226853e-26
5.796829568096700160e-27
1.019363759301035006e-25
1.872915260005648921e-26
9.707018667154732955e-28
2.635325622003240972e-27
4.030002321019098149e-27
4.514604547130138030e-27
5.886725074118511591e-27
9.281368126073576570e-28
1.395949601571698198e-28
3.479259411943926218e-27
8.428096903473901247e-27
2.616991233097453728e-27
1.349959379674388238e-27
4.363103318914918729e-28
1.723233845155198918e-26
6.911449087352515168e-28
2.659215222614449194e-27
5.088068484934721827e-28
2.374267306027835941e-28
6.066277581666652462e-27
3.926260719330653428e-28
1.652289811821373414e-27
1.839122129898839143e-28
3.454395459817370083e-28
3.662339339969354418e-27
5.121387890751557524e-27
2.107340339807629708e-28
3.505693003458262201e-28
2.327708951235021584e-27
1.222788517984727665e-27
3.889191764304316987e-28
4.196094688855104969e-26
1.624283400996162707e-24
1.871814057399548256e-28
3.682893904249081734e-28
8.775305706598611383e-28
2.402732072400340725e-27
8.368663553642933177e-27
3.518041893549256343e-27
3.889457740401723580e-27
9.870359866093339265e-28
1.182355900232195577e-27
1.363352455874812047e-27
1.426897869747024001e-27
8.314754603295152917e-26
2.410781895590187683e-27
1.350118972005512963e-27
4.326886862793340710e-27
9.702929860582819474e-28
3.861206094187825028e-27
4.522461945991811113e-28
3.381082374988551871e-27
2.885723083622290556e-28
6.227524966658500769e-28
2.540185425327150847e-27
2.070882637748494477e-28
4.402332799417825999e-28
2.777942745428893775e-28
1.508934082377438868e-26
3.887100729861579687e-27
1.211094637837402314e-26
8.873200012530676991e-28
5.387760381548062458e-27
2.765934908479080993e-27
4.706657481669125280e-28
5.468085810639432746e-28
2.718347500074628758e-28
4.143417159121688063e-28
1.474518131553469021e-28
1.593922153235101701e-26
3.560467934249737502e-27
9.353185368323886958e-28
1.226139575809781510e-27
2.975155099979488311e-28
1.172079415884773535e-26
