1.685091343285313588e-29
6.986649898956892108e-30
8.115383649120016040e-29
4.800679551816679228e-30
1.436120615197797623e-28
1.229626385621226853e-26
1.404063847274259704e-29
4.061440632859392828e-28
3.730973373101676707e-28
2.633536952177586122e-29
6.062897759784879371e-28
4.910667970069468659e-29
1.010705480067868051e-29
7.105000703752289794e-29
7.034824514066934727e-30
2.152690815457411893e-28
1.390844354758740282e-29
4.714668106083188162e-29
2.659215222614449194e-27
8.214822521699533335e-30
3.245518030547429827e-28
2.520171050406161417e-29
1.377134971177514743e-28
inf
1.462832581453351325e-29
8.387673757843702179e-29
1.355444091363585921e-27
2.826647523757834355e-30
inf
inf
2.327708951235021584e-27
2.488580869339831551e-29
1.965200976939611511e-29
1.723233845155198918e-26
5.347104972402935096e-29
4.897432298612994833e-29
2.286798693517714840e-30
inf
5.258027135554884323e-30
inf
1.088000288145934690e-29
1.015759323073559813e-28
inf
5.773756997193877541e-30
2.228166209136685189e-29
4.902851636327444446e-30
inf
2.107340339807629708e-28
2.556061081852457760e-29
inf
2.072125461626124918e-29
3.697953288856372700e-28
2.076865670994446392e-29
1.072053978097128568e-29
9.611684556596804301e-30
4.514604547130138030e-27
4.030002321019098149e-27
1.872915260005648921e-26
1.311420950962368641e-29
2.663383364555217930e-29
6.066277581666652462e-27
3.188000215308512930e-29
8.632710141121368424e-29
7.324017646647826685e-29
inf
5.121387890751557524e-27
5.700131994022362375e-30
inf
inf
2.088996403933075652e-29
1.209017481730567312e-29
3.889191764304316987e-28
1.558205750889956145e-29
inf
1.395949601571698198e-28
inf
inf
1.410948700854142718e-29
9.555744496431922590e-29
inf
1.443243047720881226e-28
inf
8.300220441065280044e-29
inf
inf
2.154861530075189367e-29
9.056458589958781990e-29
3.212563539523601504e-28
inf
inf
1.144544190704728860e-28
1.731214538483911810e-28
