1.723233845155198918e-26
1.731214538483911810e-28
1.972834065240026395e-29
2.327708951235021584e-27
2.374267306027835941e-28
3.524757352337304826e-29
1.229626385621226853e-26
1.624283400996162707e-24
5.088068484934721827e-28
2.912064015651114070e-29
3.697953288856372700e-28
1.872915260005648921e-26
3.757798127471988990e-29
1.569718146460674441e-28
2.659215222614449194e-27
2.521679216045296867e-28
1.395949601571698198e-28
9.707018667154732955e-28
4.158520788253255174e-29
1.350118972005512963e-27
7.667405068264915877e-30
3.664815466279737595e-29
5.796829568096700160e-27
2.152690815457411893e-28
9.997814674906322526e-29
3.212563539523601504e-28
5.946729312283875000e-28
3.188000215308512930e-29
6.407493753186955073e-29
1.030579091072822774e-29
1.443243047720881226e-28
8.921229830859542248e-29
8.289303119135304060e-29
4.514604547130138030e-27
2.613136928501060042e-29
2.226269768439672647e-27
8.905625304689481620e-29
1.462832581453351325e-29
1.871814057399548256e-28
3.889191764304316987e-28
2.107340339807629708e-28
8.340740425796049675e-28
9.949688740897505631e-29
4.326886862793340710e-27
9.056458589958781990e-29
4.196094688855104969e-26
6.066277581666652462e-27
2.856590728841604845e-29
5.079277305286555964e-29
1.436120615197797623e-28
5.121387890751557524e-27
4.363103318914918729e-28
7.326311933465023322e-29
4.030002321019098149e-27
8.115383649120016040e-29
8.300220441065280044e-29
3.245518030547429827e-28
2.866960016181236500e-29
1.652289811821373414e-27
3.467908537094676417e-29
5.421585340039269272e-29
3.887100729861579687e-27
6.157759753237064234e-29
1.675858653944203137e-29
2.166551200581601481e-29
8.632710141121368424e-29
1.144544190704728860e-28
6.721013996691022793e-28
8.953719958512656066e-29
8.903019961383269896e-29
1.212884989977455782e-28
3.518041893549256343e-27
3.505693003458262201e-28
3.889457740401723580e-27
9.249977530927536131e-29
7.777708781926053543e-29
2.175154569380234625e-29
1.791310804841644065e-28
6.168514567986809671e-30
2.947500980968612642e-28
3.853372185675762795e-28
3.861206094187825028e-27
1.425418732328944878e-29
5.615067450709924042e-29
