1.731214538483911810e-28
6.591675764040625684e-28
1.229626385621226853e-26
1.054979750642850394e-27
6.157759753237064234e-29
1.652289811821373414e-27
3.894709065906926302e-29
3.317685363821051150e-28
4.326886862793340710e-27
2.152690815457411893e-28
6.066277581666652462e-27
1.569718146460674441e-28
4.030002321019098149e-27
5.088068484934721827e-28
2.175154569380234625e-29
8.977074762913827692e-29
5.796829568096700160e-27
3.887100729861579687e-27
2.374267306027835941e-28
9.056458589958781990e-29
8.903019961383269896e-29
1.124562390301612789e-27
6.447542963120487804e-29
9.707018667154732955e-28
1.872915260005648921e-26
8.387673757843702179e-29
6.967333620125389298e-28
1.436120615197797623e-28
2.327708951235021584e-27
3.274041915054431743e-29
3.050521645961571540e-29
1.723233845155198918e-26
9.997814674906322526e-29
8.921229830859542248e-29
4.514604547130138030e-27
3.188000215308512930e-29
4.560328149255578045e-29
2.659215222614449194e-27
3.245518030547429827e-28
1.912282822290447569e-29
1.144544190704728860e-28
3.601831442971258771e-29
1.395949601571698198e-28
9.249977530927536131e-29
8.115383649120016040e-29
2.226269768439672647e-27
5.121387890751557524e-27
3.889191764304316987e-28
4.522461945991811113e-28
8.632710141121368424e-29
7.777708781926053543e-29
3.467908537094676417e-29
5.079277305286555964e-29
1.871814057399548256e-28
4.760008084931063009e-29
6.034024463765540710e-29
2.521679216045296867e-28
1.599846410230072370e-27
2.154861530075189367e-29
1.416356323510050741e-28
8.300220441065280044e-29
2.107340339807629708e-28
3.662339339969354418e-27
3.518041893549256343e-27
3.889457740401723580e-27
9.226318166470346848e-29
1.624283400996162707e-24
4.363103318914918729e-28
3.381082374988551871e-27
6.407493753186955073e-29
1.922478173154652695e-28
8.289303119135304060e-29
3.861206094187825028e-27
1.791310804841644065e-28
4.196094688855104969e-26
9.949688740897505631e-29
1.194917179235231281e-28
3.162556221403539328e-28
2.061924713254897619e-28
6.193642292862786023e-29
5.741620875889996037e-28
1.349959379674388238e-27
2.947500980968612642e-28
6.587768094554954109e-29
1.350118972005512963e-27
