2.254428799335016975e-29
2.992366182000843009e-29
1.021904676512397132e-28
9.431743090908102705e-29
2.514741018794834814e-28
9.373402828526318369e-30
6.066277581666652462e-27
2.633536952177586122e-29
1.698561267736989194e-29
3.094871579188371760e-30
1.493876245888078482e-29
3.721921085356252959e-30
5.466422199921192259e-30
1.761801152450316149e-29
2.191025878160120459e-30
6.138370984065909388e-29
2.834814893571488722e-30
4.881063885372469406e-29
1.283433807740707716e-29
9.790447146130940177e-30
2.790014926554723687e-30
6.835523540613379821e-30
7.159699475476842046e-30
2.079208842882384898e-30
4.669709665204806175e-30
1.856394305532447200e-30
1.254261708242302103e-30
6.421988125887274531e-30
5.972556748939269294e-30
2.072178974741518992e-30
6.158190336901567526e-30
5.558966264144374484e-29
9.298677134489592852e-30
