8.408699438573619879e-29
6.034024463765540710e-29
1.871814057399548256e-28
1.872915260005648921e-26
9.281368126073576570e-28
3.518041893549256343e-27
5.796829568096700160e-27
2.521679216045296867e-28
1.624283400996162707e-24
6.587768094554954109e-29
1.725045130422482447e-27
1.229626385621226853e-26
7.777708781926053543e-29
3.467908537094676417e-29
9.707018667154732955e-28
4.030002321019098149e-27
1.922478173154652695e-28
3.889191764304316987e-28
3.771401778980994164e-27
1.103563910954825235e-28
4.522461945991811113e-28
2.327708951235021584e-27
6.407493753186955073e-29
2.410781895590187683e-27
4.363103318914918729e-28
1.436120615197797623e-28
2.152690815457411893e-28
1.054979750642850394e-27
4.196094688855104969e-26
3.120509443132308617e-28
1.569718146460674441e-28
1.723233845155198918e-26
1.350118972005512963e-27
6.066277581666652462e-27
5.088068484934721827e-28
5.121387890751557524e-27
8.921229830859542248e-29
2.885723083622290556e-28
9.249977530927536131e-29
4.980831995914840266e-26
2.659215222614449194e-27
2.616991233097453728e-27
8.632710141121368424e-29
2.107340339807629708e-28
3.505693003458262201e-28
1.652289811821373414e-27
1.167853936691971959e-27
4.514604547130138030e-27
1.395949601571698198e-28
3.245518030547429827e-28
3.454395459817370083e-28
3.889457740401723580e-27
1.194917179235231281e-28
1.599846410230072370e-27
8.300220441065280044e-29
3.381082374988551871e-27
4.326886862793340710e-27
4.598225728281827393e-28
9.226318166470346848e-29
3.958787756073257638e-28
1.518677167815066291e-28
2.540185425327150847e-27
1.349959379674388238e-27
3.662339339969354418e-27
1.791310804841644065e-28
9.997814674906322526e-29
4.560328149255578045e-29
9.949688740897505631e-29
1.685317320939221855e-28
9.001733625987718970e-28
3.861206094187825028e-27
5.351184928923267878e-28
2.374267306027835941e-28
8.368663553642933177e-27
2.061924713254897619e-28
1.182355900232195577e-27
2.070882637748494477e-28
8.314754603295152917e-26
1.050279140624071650e-28
1.839122129898839143e-28
1.290518453013077695e-28
6.193642292862786023e-29
3.887100729861579687e-27
1.178052424129534782e-27
4.802209189260890486e-28
3.682893904249081734e-28
