2.226269768439672647e-27
1.565483681433059992e-29
1.965200976939611511e-29
1.229626385621226853e-26
1.443243047720881226e-28
2.633536952177586122e-29
3.861206094187825028e-27
9.486240081594742477e-29
5.700131994022362375e-30
2.613136928501060042e-29
2.166551200581601481e-29
2.088996403933075652e-29
3.730973373101675810e-28
3.524757352337304826e-29
6.157759753237064234e-29
6.155070650108855146e-30
4.030002321019098149e-27
1.436120615197797623e-28
2.556061081852457760e-29
3.623693946332212007e-29
1.321418364389001968e-29
1.569718146460674441e-28
4.714668106083188162e-29
5.972556748939269294e-30
8.115383649120016040e-29
4.297809425082442613e-28
1.144544190704728860e-28
8.905625304689481620e-29
1.912282822290447569e-29
6.986649898956892108e-30
6.066277581666652462e-27
5.796829568096700160e-27
9.226318166470346848e-29
4.442967026774970974e-29
3.188000215308512930e-29
1.209017481730567312e-29
3.148722856901491368e-28
2.659215222614449194e-27
9.997814674906322526e-29
4.902851636327444446e-30
2.327708951235021584e-27
1.395949601571698198e-28
4.514604547130138030e-27
3.697953288856372700e-28
2.072125461626124918e-29
2.198057108747417519e-29
2.465286535587034889e-29
8.966989454402048941e-29
1.972219383159385791e-29
2.856590728841604845e-29
2.152690815457411893e-28
1.723233845155198918e-26
5.258027135554884323e-30
4.006490421894193890e-29
9.611684556596804301e-30
3.212563539523601504e-28
3.467908537094676417e-29
3.860311787450257618e-30
8.300220441065280044e-29
7.667405068264915877e-30
1.731214538483911810e-28
3.245518030547429827e-28
2.866960016181236500e-29
4.747067179095680765e-29
5.121387890751557524e-27
8.632710141121368424e-29
1.872915260005648921e-26
9.056458589958781990e-29
7.034824514066934727e-30
3.505693003458262201e-28
1.037498980338090316e-28
1.039041543914842747e-28
5.773756997193877541e-30
1.462832581453351325e-29
1.598844328583036986e-28
4.196094688855104969e-26
3.518041893549256343e-27
1.015174091721237002e-29
2.107340339807629708e-28
