2.502430377598429179e-30
1.376483592504181570e-28
1.655308901683338035e-29
4.469903782921117001e-30
9.431743090908102705e-29
4.955072884771130066e-30
2.699132697044140746e-30
2.834814893571488722e-30
4.571088093926611999e-30
1.030453136888130716e-29
6.404373880299889094e-30
8.342256634832302324e-29
5.231109559206856659e-30
8.164830691251925385e-30
1.431351456851664466e-29
5.867542486014017954e-30
2.922395068001670957e-29
1.254261708242302103e-30
1.493876245888078482e-29
8.702313809647411627e-29
2.485020418093968991e-30
1.660949905025302322e-31
2.405997852880225671e-29
1.590546089471294287e-30
2.038895292642136024e-30
