4.297809425082442613e-28
9.611684556596804301e-30
1.144544190704728860e-28
1.084605297429117253e-28
2.152690815457411893e-28
8.990197726779254152e-29
4.030002321019098149e-27
8.067947871960907315e-30
7.667405068264915877e-30
5.430271135198664785e-28
7.672656655867877641e-29
7.105000703752289794e-29
5.647601253278733689e-29
5.773756997193877541e-30
1.229626385621226853e-26
6.168514567986809671e-30
2.556061081852457760e-29
1.675858653944203137e-29
2.257082775411403862e-29
6.407493753186955073e-29
1.993461722095309578e-29
3.889191764304316987e-28
1.194917179235231281e-28
2.228166209136685189e-29
1.565483681433059992e-29
2.255396079731303466e-29
5.700131994022362375e-30
1.872915260005648921e-26
9.707018667154732955e-28
7.359174308938817454e-29
1.658736283817753990e-29
1.435283654922746319e-29
2.659215222614449194e-27
8.387673757843702179e-29
2.613136928501060042e-29
8.382335045017724750e-30
1.462832581453351325e-29
6.066277581666652462e-27
8.632710141121368424e-29
1.436120615197797623e-28
3.730973373101675810e-28
1.723233845155198918e-26
1.598844328583036986e-28
2.198057108747417519e-29
5.121387890751557524e-27
4.514604547130138030e-27
1.645968347900200564e-28
5.981219211082113978e-29
3.697953288856372700e-28
2.327708951235021584e-27
4.196094688855104969e-26
9.228036166775870243e-29
1.972834065240026395e-29
4.902851636327444446e-30
5.421585340039269272e-29
3.188000215308512930e-29
2.076865670994446392e-29
3.505693003458262201e-28
3.518041893549256343e-27
3.245518030547429827e-28
5.258027135554884323e-30
2.107340339807629708e-28
2.088996403933075652e-29
1.872960141115402201e-27
1.871814057399548256e-28
3.469760589725251016e-29
6.157759753237064234e-29
1.390844354758740282e-29
1.395949601571698198e-28
8.300220441065280044e-29
3.212563539523601504e-28
7.472560049670989551e-29
3.467908537094676417e-29
3.074250977117345758e-29
4.363103318914918729e-28
3.889457740401723580e-27
3.524757352337304826e-29
1.624283400996162707e-24
6.378913006179629914e-29
8.903019961383269896e-29
1.122620428698224173e-29
3.095153590999964748e-28
1.103563910954825235e-28
