2.088996403933075652e-29
1.443243047720881226e-28
3.524581363803533269e-28
1.598844328583036986e-28
3.559700285961960981e-29
5.796829568096700160e-27
8.289303119135304060e-29
2.676365944417134105e-27
2.327708951235021584e-27
3.623693946332212007e-29
6.157759753237064234e-29
1.229626385621226853e-26
2.521679216045296867e-28
2.198057108747417519e-29
8.903019961383269896e-29
3.697953288856372700e-28
1.569718146460674441e-28
2.659215222614449194e-27
9.707018667154732955e-28
4.514604547130138030e-27
1.436120615197797623e-28
1.326801657482322178e-29
9.148274095001532157e-29
1.278880594305922905e-29
5.080058481066060760e-29
2.166551200581601481e-29
3.188000215308512930e-29
9.915324003581700832e-29
5.258027135554884323e-30
5.430271135198664785e-28
1.645968347900200564e-28
6.986649898956892108e-30
2.633536952177586122e-29
4.363103318914918729e-28
1.723233845155198918e-26
5.638864311010408712e-30
6.142688278168588914e-29
6.066277581666652462e-27
4.297809425082442613e-28
4.030002321019098149e-27
5.421585340039269272e-29
5.665131738817864189e-29
9.056458589958781990e-29
2.152690815457411893e-28
1.144544190704728860e-28
8.905625304689481620e-29
1.395949601571698198e-28
3.889191764304316987e-28
3.524757352337304826e-29
2.136057058441386930e-29
3.467908537094676417e-29
2.014730211556099332e-29
4.747067179095680765e-29
5.121387890751557524e-27
2.856590728841604845e-29
3.245518030547429827e-28
1.871814057399548256e-28
1.872915260005648921e-26
8.632710141121368424e-29
2.214236804435514371e-29
1.209017481730567312e-29
8.115383649120016040e-29
3.518041893549256343e-27
1.565483681433059992e-29
5.700131994022362375e-30
1.731214538483911810e-28
9.226318166470346848e-29
2.107340339807629708e-28
1.030579091072822774e-29
2.912064015651114070e-29
3.889457740401723580e-27
8.300220441065280044e-29
7.777708781926053543e-29
3.662339339969354418e-27
6.407493753186955073e-29
6.034024463765540710e-29
9.387258193832671563e-29
3.861206094187825028e-27
4.196094688855104969e-26
