1.652289811821373414e-27
2.125702098914003352e-27
1.508934082377438868e-26
1.599846410230072370e-27
6.066277581666652462e-27
2.659215222614449194e-27
8.873200012530676991e-28
1.229626385621226853e-26
2.521679216045296867e-28
8.921229830859542248e-29
1.685317320939221855e-28
1.395949601571698198e-28
3.889457740401723580e-27
1.352457878702337817e-27
1.569718146460674441e-28
1.054979750642850394e-27
1.723233845155198918e-26
1.871814057399548256e-28
4.514604547130138030e-27
2.410781895590187683e-27
5.088068484934721827e-28
1.339504193740751608e-28
9.226318166470346848e-29
5.765100474168372868e-27
1.436120615197797623e-28
5.796829568096700160e-27
1.872915260005648921e-26
7.777708781926053543e-29
5.121387890751557524e-27
1.624283400996162707e-24
8.632710141121368424e-29
3.889191764304316987e-28
2.885723083622290556e-28
6.227524966658500769e-28
4.030002321019098149e-27
3.095153590999964748e-28
4.522461945991811113e-28
4.725257980718148590e-28
3.505693003458262201e-28
2.327708951235021584e-27
8.300220441065280044e-29
2.260900257934299187e-28
1.050279140624071650e-28
3.245518030547429827e-28
1.518677167815066291e-28
4.196094688855104969e-26
3.381082374988551871e-27
4.363103318914918729e-28
3.518041893549256343e-27
1.290518453013077695e-28
9.281368126073576570e-28
6.447542963120487804e-29
1.791310804841644065e-28
6.034024463765540710e-29
3.454395459817370083e-28
8.967007284780991892e-29
6.407493753186955073e-29
4.326886862793340710e-27
3.662339339969354418e-27
2.107340339807629708e-28
9.949688740897505631e-29
1.349959379674388238e-27
2.540185425327150847e-27
9.707018667154732955e-28
2.374267306027835941e-28
1.922478173154652695e-28
3.487609470115682172e-28
3.887100729861579687e-27
1.090378181536601372e-26
3.861206094187825028e-27
1.194917179235231281e-28
1.787495008065200252e-27
1.182355900232195577e-27
8.368663553642933177e-27
8.314754603295152917e-26
1.539692292767985315e-28
2.070882637748494477e-28
8.428096903473901247e-27
1.788232685962014297e-28
1.226139575809781510e-27
1.350118972005512963e-27
1.937577579582271881e-27
7.396381183663157200e-28
5.662517491549365452e-28
2.975155099979488311e-28
1.211094637837402314e-26
3.924804619346545293e-28
4.980831995914840266e-26
