6.317532530732159338e-30
8.666377279048859956e-30
2.922395068001670957e-29
1.268583166919413507e-30
4.720968414176207125e-30
1.126065602294985853e-28
1.866526096880867584e-29
2.224063455202247353e-30
4.955072884771130066e-30
3.291267435142659339e-30
7.136517723840548902e-30
8.444699376876418892e-30
1.777968961349530943e-29
2.405997852880225671e-29
8.792168737685587095e-30
1.136592095371014150e-30
1.524195799775173793e-29
3.306209368548433307e-30
1.376483592504181570e-28
4.751337456307351572e-30
1.551820714303327515e-30
2.054712201641208272e-30
1.283433807740707716e-29
6.158190336901567526e-30
1.188236778198452428e-28
9.881899568625829914e-30
2.079208842882384898e-30
2.979214183610277668e-28
