2.228166209136685189e-29
7.937961978763731296e-29
3.036053699448931287e-28
3.663815086470400498e-30
1.535601839311780445e-29
2.375799189919511102e-29
4.061440632859392828e-28
5.972556748939269294e-30
9.169971432813834291e-30
1.972972150547663184e-29
1.031315793045563268e-29
3.222363704105679691e-28
6.536795952581877643e-30
2.012918159678271903e-30
8.282279767701341892e-29
4.746414524708029562e-29
9.431743090908102705e-29
1.029597238743757769e-29
1.333800140109192071e-29
4.030002321019098149e-27
1.750605017280449097e-29
1.283433807740707716e-29
6.158190336901567526e-30
3.773861388558548296e-30
1.494416461051405402e-28
7.558384909146132071e-29
1.463787908297443064e-29
8.845972591008775120e-30
1.254261708242302103e-30
6.961604789786855238e-29
8.919593887021944163e-30
2.014730211556099332e-29
inf
6.711478328337500340e-30
2.072125461626124918e-29
2.770414388114558316e-30
2.488580869339831551e-29
5.121387890751557524e-27
1.723233845155198918e-26
inf
2.327708951235021584e-27
3.492225478358693269e-29
1.530988685226488220e-29
inf
6.986649898956892108e-30
inf
1.164878506061312046e-28
6.066277581666652462e-27
3.860311787450257618e-30
2.633536952177586122e-29
5.699940788920499777e-30
6.142688278168588914e-29
inf
4.897432298612994833e-29
inf
3.188000215308512930e-29
2.427594762807543773e-29
8.632710141121368424e-29
1.683637130801892886e-29
9.760706295714121179e-30
2.152690815457411893e-28
1.524645203516539057e-30
inf
6.155070650108855146e-30
5.258027135554884323e-30
1.015759323073559813e-28
