3.889191764304316987e-28
1.652289811821373414e-27
2.435917026049797659e-28
3.505693003458262201e-28
5.796829568096700160e-27
9.353185368323886958e-28
5.079277305286555964e-29
2.327708951235021584e-27
8.429848772017165808e-28
7.326311933465023322e-29
5.643755875451307532e-28
2.659215222614449194e-27
1.144544190704728860e-28
1.229626385621226853e-26
1.569718146460674441e-28
1.624283400996162707e-24
3.889457740401723580e-27
8.977074762913827692e-29
8.368663553642933177e-27
4.514604547130138030e-27
1.871814057399548256e-28
4.196094688855104969e-26
3.518041893549256343e-27
8.903019961383269896e-29
3.664815466279737595e-29
6.227524966658500769e-28
9.056458589958781990e-29
1.872915260005648921e-26
5.121387890751557524e-27
7.777708781926053543e-29
1.912282822290447569e-29
6.066277581666652462e-27
8.921229830859542248e-29
1.723233845155198918e-26
1.054979750642850394e-27
7.481837828632143170e-29
3.245518030547429827e-28
1.349959379674388238e-27
1.395949601571698198e-28
2.616991233097453728e-27
4.030002321019098149e-27
6.034024463765540710e-29
8.632710141121368424e-29
5.088068484934721827e-28
3.274041915054431743e-29
4.326886862793340710e-27
2.765934908479080993e-27
2.152690815457411893e-28
1.350118972005512963e-27
1.939656824001554300e-28
2.107340339807629708e-28
3.467908537094676417e-29
9.997814674906322526e-29
2.912064015651114070e-29
6.407493753186955073e-29
1.148999834201107718e-28
6.833219347828529039e-29
9.226318166470346848e-29
3.381082374988551871e-27
8.300220441065280044e-29
2.374267306027835941e-28
9.949688740897505631e-29
1.036386369912686063e-27
5.298825526874404475e-29
3.662339339969354418e-27
8.289303119135304060e-29
2.947500980968612642e-28
2.549443552618187995e-28
9.707018667154732955e-28
4.363103318914918729e-28
3.887100729861579687e-27
1.204472845337021721e-28
1.363352455874812047e-27
1.194917179235231281e-28
1.290602488066990310e-28
1.791310804841644065e-28
5.886725074118511591e-27
2.521679216045296867e-28
3.074250977117345758e-29
2.061924713254897619e-28
4.522461945991811113e-28
9.702929860582819474e-28
3.861206094187825028e-27
4.617358887972905735e-29
3.601831442971258771e-29
1.222788517984727665e-27
2.885723083622290556e-28
3.479259411943926218e-27
8.314754603295152917e-26
