3.889457740401723580e-27
1.474518131553469021e-28
1.229626385621226853e-26
3.757798127471988990e-29
1.791310804841644065e-28
8.573922609744926527e-28
2.947500980968612642e-28
8.632710141121368424e-29
6.687132583809277498e-29
8.428096903473901247e-27
4.030002321019098149e-27
6.066277581666652462e-27
1.395949601571698198e-28
3.601831442971258771e-29
2.712490390491950314e-27
3.095153590999964748e-28
2.521679216045296867e-28
5.796829568096700160e-27
8.903019961383269896e-29
5.088068484934721827e-28
4.514604547130138030e-27
4.980831995914840266e-26
1.872915260005648921e-26
7.777708781926053543e-29
5.121387890751557524e-27
1.723233845155198918e-26
1.054979750642850394e-27
1.569718146460674441e-28
1.436120615197797623e-28
5.298825526874404475e-29
1.624283400996162707e-24
3.381082374988551871e-27
4.196094688855104969e-26
9.226318166470346848e-29
1.922478173154652695e-28
6.034024463765540710e-29
2.659215222614449194e-27
7.684969925888814557e-28
2.327708951235021584e-27
8.310587669048843498e-28
3.454395459817370083e-28
3.889191764304316987e-28
2.540185425327150847e-27
8.123644926488993554e-28
8.289303119135304060e-29
8.977074762913827692e-29
1.685317320939221855e-28
1.349959379674388238e-27
1.195057472417537634e-28
1.204472845337021721e-28
3.505693003458262201e-28
8.300220441065280044e-29
3.467908537094676417e-29
8.990197726779254152e-29
3.664815466279737595e-29
4.158520788253255174e-29
6.407493753186955073e-29
1.871814057399548256e-28
2.912064015651114070e-29
9.707018667154732955e-28
9.281368126073576570e-28
2.374267306027835941e-28
3.518041893549256343e-27
4.326886862793340710e-27
2.410781895590187683e-27
3.317685363821051150e-28
1.652289811821373414e-27
1.350118972005512963e-27
6.621727681314397217e-28
1.599846410230072370e-27
4.985940229721627652e-28
6.587768094554954109e-29
4.363103318914918729e-28
9.949688740897505631e-29
3.887100729861579687e-27
3.274041915054431743e-29
2.061924713254897619e-28
8.314754603295152917e-26
7.326311933465023322e-29
4.617358887972905735e-29
2.885723083622290556e-28
1.050279140624071650e-28
4.522461945991811113e-28
1.194917179235231281e-28
8.921229830859542248e-29
3.861206094187825028e-27
2.396060978328733004e-28
1.508934082377438868e-26
5.647601253278733689e-29
