1.518677167815066291e-28
1.229626385621226853e-26
2.410781895590187683e-27
1.395949601571698198e-28
4.402332799417825999e-28
2.659215222614449194e-27
6.066277581666652462e-27
8.632710141121368424e-29
4.598225728281827393e-28
1.508934082377438868e-26
7.613761606525191683e-27
2.374267306027835941e-28
5.796829568096700160e-27
2.447957698575027546e-28
1.723233845155198918e-26
8.314754603295152917e-26
9.707018667154732955e-28
1.624283400996162707e-24
4.514604547130138030e-27
1.636473526434518714e-28
1.871814057399548256e-28
4.326886862793340710e-27
3.889191764304316987e-28
1.558412805371012028e-28
9.353185368323886958e-28
1.569718146460674441e-28
5.121387890751557524e-27
5.643755875451307532e-28
4.030002321019098149e-27
1.349959379674388238e-27
8.977074762913827692e-29
3.454395459817370083e-28
1.436120615197797623e-28
9.226318166470346848e-29
1.791310804841644065e-28
1.872915260005648921e-26
5.088068484934721827e-28
3.926260719330653428e-28
4.985940229721627652e-28
4.196094688855104969e-26
3.095153590999964748e-28
1.054979750642850394e-27
5.298825526874404475e-29
2.327708951235021584e-27
1.435168558637494700e-28
4.363103318914918729e-28
3.467908537094676417e-29
1.652289811821373414e-27
6.034024463765540710e-29
3.317685363821051150e-28
8.573922609744926527e-28
8.300220441065280044e-29
6.587768094554954109e-29
3.889457740401723580e-27
9.870359866093339265e-28
2.107340339807629708e-28
1.685317320939221855e-28
7.777708781926053543e-29
3.518041893549256343e-27
3.505693003458262201e-28
9.702929860582819474e-28
4.802209189260890486e-28
9.281368126073576570e-28
1.350118972005512963e-27
3.861206094187825028e-27
6.447542963120487804e-29
6.142440623237253081e-28
4.522461945991811113e-28
8.921229830859542248e-29
9.949688740897505631e-29
8.368663553642933177e-27
2.885723083622290556e-28
3.662339339969354418e-27
3.381082374988551871e-27
8.408699438573619879e-29
1.182355900232195577e-27
2.616991233097453728e-27
1.474518131553469021e-28
3.887100729861579687e-27
1.839122129898839143e-28
7.481837828632143170e-29
1.194917179235231281e-28
8.428096903473901247e-27
2.540185425327150847e-27
1.211094637837402314e-26
1.363352455874812047e-27
