3.222363704105679691e-28
3.245518030547429827e-28
2.629290668105857601e-30
2.979214183610277668e-28
1.015759323073559813e-28
2.228166209136685189e-29
1.757953169340621214e-29
2.375799189919511102e-29
4.482312817552582580e-29
3.679665508758392706e-30
5.867542486014017954e-30
1.112952026869107398e-29
1.046675365476106626e-28
1.029597238743757769e-29
1.965200976939611511e-29
2.438153430776333597e-29
2.152690815457411893e-28
1.283433807740707716e-29
2.038895292642136024e-30
1.879594616959510072e-29
7.078788247337099194e-28
9.760706295714121179e-30
4.030002321019098149e-27
8.633402099967107658e-29
6.536795952581877643e-30
5.699940788920499777e-30
8.300220441065280044e-29
8.167186956109492499e-29
3.554175480543419720e-30
9.604838846559061810e-30
4.061440632859392828e-28
0.000000000000000000e+00
0.000000000000000000e+00
6.986649898956892108e-30
2.072125461626124918e-29
2.492472005624223325e-30
1.493423998754630021e-29
0.000000000000000000e+00
7.559386137937451617e-29
7.678383865463684799e-29
1.088000288145934690e-29
0.000000000000000000e+00
2.327708951235021584e-27
1.872452188973240305e-29
2.014730211556099332e-29
2.051091358729835233e-29
1.333800140109192071e-29
0.000000000000000000e+00
2.594813440556790063e-29
3.860311787450257618e-30
1.872915260005648921e-26
3.808744829340634837e-30
0.000000000000000000e+00
1.530988685226488220e-29
2.088996403933075652e-29
3.188000215308512930e-29
1.451765252563301798e-29
1.790369907082359937e-29
6.066277581666652462e-27
1.459060087067669341e-28
0.000000000000000000e+00
2.770414388114558316e-30
5.258027135554884323e-30
1.024760385743820338e-29
0.000000000000000000e+00
8.170583426664558163e-30
2.012918159678271903e-30
