9.431743090908102705e-29
1.452844853431845928e-28
7.132440096092130474e-29
2.556061081852457760e-29
7.342655783369178219e-30
5.867542486014017954e-30
9.760706295714121179e-30
3.808744829340634837e-30
2.106284430137718306e-29
1.029597238743757769e-29
3.079152238254810611e-30
1.270521191702731953e-28
1.283433807740707716e-29
8.629297367095977800e-29
2.072125461626124918e-29
3.188000215308512930e-29
1.535601839311780445e-29
1.112952026869107398e-29
1.072053978097128568e-29
3.623693946332212007e-29
7.667628363510537730e-30
2.038895292642136024e-30
2.916188681130178899e-29
8.170583426664558163e-30
4.030002321019098149e-27
6.687849762261612526e-29
1.464719390280381742e-29
6.536795952581877643e-30
inf
inf
1.590546089471294287e-30
2.079208842882384898e-30
2.840046851796237245e-29
7.226262771652972758e-29
4.844031145056674822e-30
2.397011844238327683e-28
4.910667970069468659e-29
2.411182448459856697e-30
1.652585625629646664e-29
6.986649898956892108e-30
1.431465312787686552e-29
2.152690815457411893e-28
2.327708951235021584e-27
2.072178974741518992e-30
inf
1.436120615197797623e-28
1.024760385743820338e-29
7.809663252267228203e-28
4.202929418817118148e-29
1.232394415252460598e-29
5.981219211082113978e-29
1.088000288145934690e-29
6.066277581666652462e-27
1.422575247349501930e-29
3.268284595079077974e-29
1.762407127033455153e-29
1.977311254306822296e-29
3.554175480543419720e-30
5.699940788920499777e-30
inf
