9.431743090908102705e-29
2.780991294582166440e-28
9.178919175391864996e-29
1.085256579678714376e-29
7.085827075747740891e-30
6.536795952581877643e-30
1.270521191702731953e-28
4.910667970069468659e-29
2.224063455202247353e-30
6.831249665942613273e-30
1.493876245888078482e-29
4.629645210983987927e-29
6.066277581666652462e-27
7.310264964688644538e-29
3.623693946332212007e-29
1.024741978553036451e-30
8.212860406221401369e-31
6.158190336901567526e-30
4.083576443534641820e-30
3.077756732333350814e-30
5.699940788920499777e-30
5.638864311010408712e-30
6.768287200994172477e-30
7.973982445658209060e-30
1.325407979779524030e-29
1.455757645021451754e-29
1.968285622201271646e-29
1.283433807740707716e-29
6.986649898956892108e-30
3.337998371762677803e-29
2.769340925503559203e-29
4.030002321019098149e-27
2.770414388114558316e-30
2.079208842882384898e-30
1.687709211178235632e-29
2.411182448459856697e-30
3.188000215308512930e-29
5.403337691490376827e-30
inf
inf
1.431465312787686552e-29
2.072178974741518992e-30
1.524610137072901015e-29
2.375799189919511102e-29
6.377940744321450065e-30
1.442630179410370888e-29
inf
1.590546089471294287e-30
4.747067179095680765e-29
6.142688278168588914e-29
