1.112952026869107398e-29
9.611684556596804301e-30
1.722516146019952020e-29
1.054979750642850394e-27
9.431743090908102705e-29
1.683637130801892886e-29
1.965200976939611511e-29
5.699940788920499777e-30
1.762407127033455153e-29
3.469760589725251016e-29
2.375799189919511102e-29
2.826647523757834355e-30
3.222363704105679691e-28
1.731214538483911810e-28
7.937961978763731296e-29
0.000000000000000000e+00
1.015759323073559813e-28
4.910667970069468659e-29
1.493876245888078482e-29
0.000000000000000000e+00
1.085256579678714376e-29
1.622926503256146655e-29
3.467908537094676417e-29
7.059315775170393644e-28
2.286798693517714840e-30
3.059610620316948917e-29
5.981219211082113978e-29
5.498248264680421924e-30
2.633536952177586122e-29
1.283433807740707716e-29
0.000000000000000000e+00
2.411182448459856697e-30
0.000000000000000000e+00
6.986649898956892108e-30
0.000000000000000000e+00
1.462832581453351325e-29
6.142688278168588914e-29
1.088000288145934690e-29
1.024760385743820338e-29
6.377940744321450065e-30
2.641019976038232509e-29
6.961604789786855238e-29
2.072125461626124918e-29
4.030002321019098149e-27
2.488580869339831551e-29
3.188000215308512930e-29
2.099392434002714791e-28
4.902851636327444446e-30
2.150482054857565077e-29
2.228166209136685189e-29
4.514604547130138030e-27
2.492472005624223325e-30
4.061440632859392828e-28
2.870862332656052997e-30
5.700131994022362375e-30
6.066277581666652462e-27
2.840046851796237245e-29
1.723233845155198918e-26
0.000000000000000000e+00
2.014730211556099332e-29
0.000000000000000000e+00
1.088911350936307103e-28
2.198057108747417519e-29
5.121387890751557524e-27
1.972219383159385791e-29
0.000000000000000000e+00
3.212563539523601504e-28
1.311420950962368641e-29
0.000000000000000000e+00
1.435283654922746319e-29
2.025077149905825300e-29
1.390844354758740282e-29
