1.453283314003304736e-28
5.430271135198664785e-28
1.569718146460674441e-28
2.152690815457411893e-28
4.514604547130138030e-27
6.066277581666652462e-27
8.067947871960907315e-30
2.068881116427012259e-29
3.861206094187825028e-27
6.157759753237064234e-29
4.030002321019098149e-27
8.387673757843702179e-29
3.889457740401723580e-27
4.297809425082442613e-28
1.390844354758740282e-29
1.229626385621226853e-26
2.255396079731303466e-29
8.903019961383269896e-29
7.472560049670989551e-29
3.697953288856372700e-28
8.289303119135304060e-29
1.922478173154652695e-28
9.611684556596804301e-30
1.436120615197797623e-28
6.986649898956892108e-30
1.723233845155198918e-26
5.796829568096700160e-27
2.659215222614449194e-27
2.140118052901461279e-29
1.965200976939611511e-29
1.598844328583036986e-28
3.995291800059641138e-29
9.555744496431922590e-29
3.222363704105679691e-28
1.651817457859643009e-29
8.632710141121368424e-29
3.245518030547429827e-28
1.731214538483911810e-28
1.872915260005648921e-26
5.972556748939269294e-30
8.905625304689481620e-29
1.528431389963497350e-28
2.447957698575027546e-28
2.327708951235021584e-27
1.462832581453351325e-29
3.505693003458262201e-28
3.518041893549256343e-27
1.395949601571698198e-28
3.188000215308512930e-29
4.747067179095680765e-29
2.663383364555217930e-29
5.773756997193877541e-30
3.889191764304316987e-28
7.777708781926053543e-29
3.559700285961960981e-29
1.757953169340621214e-29
5.079277305286555964e-29
8.300220441065280044e-29
3.467908537094676417e-29
5.121387890751557524e-27
1.652289811821373414e-27
1.209017481730567312e-29
3.638327788607664427e-29
1.702652652644454888e-29
9.056458589958781990e-29
3.212563539523601504e-28
1.265263240224481760e-28
6.407493753186955073e-29
2.107340339807629708e-28
3.664815466279737595e-29
2.998732832252905909e-27
3.524757352337304826e-29
7.359174308938817454e-29
2.029567825603226086e-29
1.912282822290447569e-29
1.122620428698224173e-29
9.148274095001532157e-29
9.281368126073576570e-28
9.226318166470346848e-29
8.977074762913827692e-29
1.624283400996162707e-24
9.707018667154732955e-28
8.314754603295152917e-26
