3.219212715819244761e-29
3.730973373101675810e-28
1.258104394366178433e-29
1.355444091363585921e-27
1.436120615197797623e-28
6.066277581666652462e-27
3.566694388917429010e-28
1.238801193707127506e-29
7.937961978763731296e-29
4.030002321019098149e-27
4.910667970069468659e-29
4.442967026774970974e-29
5.972556748939269294e-30
6.034024463765540710e-29
2.088996403933075652e-29
1.229626385621226853e-26
6.986649898956892108e-30
1.651817457859643009e-29
4.714668106083188162e-29
5.430271135198664785e-28
8.816850937311897619e-29
3.623693946332212007e-29
3.077756732333350814e-30
2.327708951235021584e-27
1.723233845155198918e-26
2.152690815457411893e-28
9.997814674906322526e-29
1.675858653944203137e-29
6.158190336901567526e-30
1.311420950962368641e-29
6.142688278168588914e-29
2.033699951820738782e-28
6.687132583809277498e-29
2.488580869339831551e-29
4.698880012237552405e-29
2.072125461626124918e-29
6.857323462079338044e-30
1.965200976939611511e-29
2.375799189919511102e-29
3.467908537094676417e-29
1.872915260005648921e-26
1.509819181208077112e-29
1.326801657482322178e-29
2.633536952177586122e-29
3.889191764304316987e-28
5.699940788920499777e-30
2.228166209136685189e-29
3.701485957933943405e-29
8.289303119135304060e-29
6.687849762261612526e-29
6.377940744321450065e-30
3.188000215308512930e-29
2.286798693517714840e-30
2.605850927116140251e-29
8.319526786501359611e-29
1.731214538483911810e-28
1.030579091072822774e-29
5.773756997193877541e-30
5.258027135554884323e-30
1.134698078037826443e-29
3.245518030547429827e-28
3.518041893549256343e-27
2.014730211556099332e-29
4.326886862793340710e-27
1.395949601571698198e-28
5.121387890751557524e-27
7.034824514066934727e-30
8.732398759160655073e-30
