1.270521191702731953e-28
3.292660470902323103e-29
1.972219383159385791e-29
9.431743090908102705e-29
3.079152238254810611e-30
9.169971432813834291e-30
8.074184275382269267e-29
5.281900017240653203e-30
4.534456514077934847e-29
5.666724131839259268e-29
2.556061081852457760e-29
2.633536952177586122e-29
6.066277581666652462e-27
2.834814893571488722e-30
1.590546089471294287e-30
4.677532311155517248e-30
2.488580869339831551e-29
2.152690815457411893e-28
1.224931663120026814e-29
3.808744829340634837e-30
2.384411102860943790e-29
1.283433807740707716e-29
2.263745805792559152e-28
1.464719390280381742e-29
1.761801152450316149e-29
1.325407979779524030e-29
6.536795952581877643e-30
6.158190336901567526e-30
1.965200976939611511e-29
8.088617797701403003e-30
5.908518591106181252e-30
4.910667970069468659e-29
6.916294944252079578e-30
1.828926506440210282e-29
6.986649898956892108e-30
2.770414388114558316e-30
2.699311718926400100e-28
1.436120615197797623e-28
3.554175480543419720e-30
2.079208842882384898e-30
1.232394415252460598e-29
1.340348695352855680e-29
5.972556748939269294e-30
4.442967026774970974e-29
