6.142688278168588914e-29
1.652289811821373414e-27
2.887480484123184054e-27
3.861906375919656302e-29
1.229626385621226853e-26
1.436120615197797623e-28
3.188000215308512930e-29
7.672656655867877641e-29
4.297809425082442613e-28
2.152690815457411893e-28
2.856590728841604845e-29
3.697953288856372700e-28
2.659215222614449194e-27
1.084605297429117253e-28
2.633536952177586122e-29
6.066277581666652462e-27
2.166551200581601481e-29
2.228166209136685189e-29
4.714668106083188162e-29
3.518041893549256343e-27
6.157759753237064234e-29
1.872915260005648921e-26
7.512342704554585356e-29
1.349959379674388238e-27
5.088068484934721827e-28
4.442967026774970974e-29
5.972556748939269294e-30
8.903019961383269896e-29
2.327708951235021584e-27
1.565483681433059992e-29
5.796829568096700160e-27
2.789404690556076651e-29
3.514764359128804961e-28
4.514604547130138030e-27
3.467908537094676417e-29
1.723233845155198918e-26
8.632710141121368424e-29
4.196094688855104969e-26
1.395949601571698198e-28
5.258027135554884323e-30
2.154861530075189367e-29
9.997814674906322526e-29
8.443246583815872267e-29
3.664815466279737595e-29
3.144406424882661232e-29
5.981219211082113978e-29
4.326886862793340710e-27
9.226318166470346848e-29
3.524757352337304826e-29
1.278880594305922905e-29
9.281368126073576570e-28
1.972834065240026395e-29
4.030002321019098149e-27
4.006490421894193890e-29
2.088996403933075652e-29
1.121415015037179173e-28
1.435283654922746319e-29
2.613136928501060042e-29
5.121387890751557524e-27
1.598844328583036986e-28
1.731214538483911810e-28
3.889191764304316987e-28
1.871814057399548256e-28
6.687132583809277498e-29
7.359174308938817454e-29
9.247022878546404984e-30
3.212563539523601504e-28
1.462832581453351325e-29
5.773756997193877541e-30
6.407493753186955073e-29
8.300220441065280044e-29
1.277811156585822798e-29
4.522461945991811113e-28
1.391002913133500411e-29
2.910204811726275300e-28
6.111053743129402732e-28
