3.222363704105679691e-28
1.115626031143350989e-27
1.872915260005648921e-26
1.666323228951527673e-29
2.286798693517714840e-30
6.142688278168588914e-29
2.375799189919511102e-29
4.061440632859392828e-28
1.161256289128556256e-28
4.910667970069468659e-29
4.731914816388665759e-30
2.947414122179145256e-29
2.979214183610277668e-28
4.030002321019098149e-27
2.641019976038232509e-29
8.067947871960907315e-30
6.986649898956892108e-30
1.524610137072901015e-29
1.436120615197797623e-28
5.867542486014017954e-30
6.447542963120487804e-29
inf
2.072125461626124918e-29
1.462832581453351325e-29
4.714668106083188162e-29
2.411182448459856697e-30
5.638864311010408712e-30
5.274313871177531536e-29
1.762407127033455153e-29
inf
2.152690815457411893e-28
6.961604789786855238e-29
3.697953288856372700e-28
1.015533673537780553e-28
4.514604547130138030e-27
3.077756732333350814e-30
4.844031145056674822e-30
2.706184715736845879e-29
2.228166209136685189e-29
inf
1.731214538483911810e-28
3.188000215308512930e-29
1.476901027000725762e-29
inf
7.973982445658209060e-30
8.898536182018070102e-30
inf
3.679665508758392706e-30
2.580467143312131502e-29
3.221783633167301005e-30
2.917933088552127996e-30
7.678383865463684799e-29
1.972219383159385791e-29
inf
2.051091358729835233e-29
inf
5.699940788920499777e-30
2.327708951235021584e-27
5.981219211082113978e-29
9.007055837567407979e-30
3.245518030547429827e-28
2.014730211556099332e-29
5.527311650305406782e-29
inf
inf
7.889401412158418202e-30
inf
1.311420950962368641e-29
inf
6.066277581666652462e-27
1.182213102360570066e-28
4.747067179095680765e-29
8.153350334431125615e-29
6.377940744321450065e-30
2.088996403933075652e-29
