6.591675764040625684e-28
8.314754603295152917e-26
1.229626385621226853e-26
3.317685363821051150e-28
1.624283400996162707e-24
2.521679216045296867e-28
9.281368126073576570e-28
1.383843937688979930e-28
2.226269768439672647e-27
1.872915260005648921e-26
8.977074762913827692e-29
4.030002321019098149e-27
6.034024463765540710e-29
6.066277581666652462e-27
2.374267306027835941e-28
5.615067450709924042e-29
2.912064015651114070e-29
8.310587669048843498e-28
9.056458589958781990e-29
3.889457740401723580e-27
3.095153590999964748e-28
2.175154569380234625e-29
3.697953288856372700e-28
5.796829568096700160e-27
8.903019961383269896e-29
1.871814057399548256e-28
1.569718146460674441e-28
1.436120615197797623e-28
2.152690815457411893e-28
4.196094688855104969e-26
1.349959379674388238e-27
6.721013996691022793e-28
2.659215222614449194e-27
8.921229830859542248e-29
1.723233845155198918e-26
1.178052424129534782e-27
2.327708951235021584e-27
6.157759753237064234e-29
5.643755875451307532e-28
8.632710141121368424e-29
3.889191764304316987e-28
4.514604547130138030e-27
9.226318166470346848e-29
3.188000215308512930e-29
3.505693003458262201e-28
9.997814674906322526e-29
3.454395459817370083e-28
3.518041893549256343e-27
8.300220441065280044e-29
3.074250977117345758e-29
7.274504882428393879e-28
1.652289811821373414e-27
5.088068484934721827e-28
4.326886862793340710e-27
1.395949601571698198e-28
6.687132583809277498e-29
6.587768094554954109e-29
4.363103318914918729e-28
5.121387890751557524e-27
1.337410424912598657e-28
3.467908537094676417e-29
2.061924713254897619e-28
2.866960016181236500e-29
1.350118972005512963e-27
6.407493753186955073e-29
3.861206094187825028e-27
5.421585340039269272e-29
7.777708781926053543e-29
1.791310804841644065e-28
1.103563910954825235e-28
4.158520788253255174e-29
2.616991233097453728e-27
1.194917179235231281e-28
9.707018667154732955e-28
1.912282822290447569e-29
9.702929860582819474e-28
1.323416550986995612e-27
2.166551200581601481e-29
1.435168558637494700e-28
2.722901287211613814e-29
3.887100729861579687e-27
4.560328149255578045e-29
2.586845074757355207e-28
6.447542963120487804e-29
3.967786029098941186e-28
4.522461945991811113e-28
9.949688740897505631e-29
3.381082374988551871e-27
7.326311933465023322e-29
2.540185425327150847e-27
