1.664428457879160532e-29
3.399680763953317342e-29
3.398166766675131112e-29
2.054712201641208272e-30
5.498248264680421924e-30
9.431743090908102705e-29
6.058503186611724723e-29
3.077756732333350814e-30
4.669709665204806175e-30
5.809147306078821852e-30
6.205053003626903409e-30
5.867542486014017954e-30
2.666238587263429062e-29
5.287958947878289041e-29
1.733516352818362100e-29
1.324482604797270758e-29
2.834814893571488722e-30
1.761801152450316149e-29
1.524195799775173793e-29
5.842718912455433735e-30
1.862656757000318525e-29
5.408079591416013146e-30
1.856394305532447200e-30
6.421988125887274531e-30
2.341638079011527328e-28
3.686568165133637348e-29
1.325407979779524030e-29
2.038895292642136024e-30
1.283433807740707716e-29
6.066277581666652462e-27
2.147630324768473580e-29
1.433599222105624161e-30
2.079208842882384898e-30
1.175558573472632079e-30
4.832923616121560923e-30
inf
9.881899568625829914e-30
