3.853372185675762795e-28
3.930714234311719908e-29
5.981219211082113978e-29
1.436120615197797623e-28
5.796829568096700160e-27
4.030002321019098149e-27
2.152690815457411893e-28
4.297809425082442613e-28
8.977074762913827692e-29
1.569718146460674441e-28
9.707018667154732955e-28
1.757953169340621214e-29
1.645968347900200564e-28
2.633536952177586122e-29
2.255396079731303466e-29
1.229626385621226853e-26
1.030579091072822774e-29
6.034024463765540710e-29
4.514604547130138030e-27
3.889191764304316987e-28
3.505765138149566305e-29
1.144544190704728860e-28
8.903019961383269896e-29
2.676365944417134105e-27
5.527311650305406782e-29
1.723233845155198918e-26
4.179693624137859980e-28
2.198057108747417519e-29
6.157759753237064234e-29
1.565483681433059992e-29
2.088996403933075652e-29
1.443243047720881226e-28
1.675858653944203137e-29
7.777708781926053543e-29
7.072693988047614789e-29
1.395949601571698198e-28
4.731914816388665759e-30
2.659215222614449194e-27
1.912282822290447569e-29
6.986649898956892108e-30
8.632710141121368424e-29
2.663383364555217930e-29
1.965200976939611511e-29
6.911449087352515168e-28
6.066277581666652462e-27
1.972834065240026395e-29
4.747067179095680765e-29
1.658736283817753990e-29
3.188000215308512930e-29
2.327708951235021584e-27
1.872915260005648921e-26
1.390844354758740282e-29
4.363103318914918729e-28
3.245518030547429827e-28
2.521679216045296867e-28
3.505693003458262201e-28
3.524757352337304826e-29
3.212563539523601504e-28
8.115383649120016040e-29
6.142688278168588914e-29
3.467908537094676417e-29
1.249537585651653991e-28
5.700131994022362375e-30
1.731214538483911810e-28
6.407493753186955073e-29
5.121387890751557524e-27
8.387673757843702179e-29
5.773756997193877541e-30
5.421585340039269272e-29
1.598844328583036986e-28
1.122620428698224173e-29
3.518041893549256343e-27
3.889457740401723580e-27
1.326801657482322178e-29
2.107340339807629708e-28
3.406072790354188121e-29
3.559700285961960981e-29
6.721013996691022793e-28
1.558412805371012028e-28
1.651817457859643009e-29
1.349959379674388238e-27
8.300220441065280044e-29
1.551113740191437443e-29
2.890957543099956862e-28
