3.505693003458262201e-28
1.395949601571698198e-28
1.508934082377438868e-26
1.054979750642850394e-27
5.796829568096700160e-27
3.350405173510939349e-27
1.624283400996162707e-24
1.226139575809781510e-27
1.569718146460674441e-28
2.882691469279587129e-28
9.249977530927536131e-29
2.659215222614449194e-27
2.521679216045296867e-28
1.229626385621226853e-26
6.407493753186955073e-29
1.871814057399548256e-28
4.196094688855104969e-26
9.707018667154732955e-28
1.922478173154652695e-28
9.148274095001532157e-29
6.157759753237064234e-29
1.791310804841644065e-28
4.522461945991811113e-28
1.723233845155198918e-26
1.436120615197797623e-28
8.977074762913827692e-29
3.162556221403539328e-28
9.056458589958781990e-29
4.514604547130138030e-27
3.887100729861579687e-27
6.587768094554954109e-29
1.652289811821373414e-27
6.066277581666652462e-27
4.030002321019098149e-27
2.327708951235021584e-27
5.088068484934721827e-28
3.889191764304316987e-28
4.363103318914918729e-28
1.839122129898839143e-28
8.632710141121368424e-29
7.274504882428393879e-28
1.599846410230072370e-27
5.121387890751557524e-27
3.317685363821051150e-28
1.685317320939221855e-28
3.518041893549256343e-27
1.872915260005648921e-26
3.381082374988551871e-27
8.300220441065280044e-29
3.454395459817370083e-28
4.451028950780656040e-29
3.601831442971258771e-29
9.246754210275389661e-28
6.034024463765540710e-29
3.467908537094676417e-29
1.195057472417537634e-28
4.727473903995178634e-29
3.889457740401723580e-27
9.226318166470346848e-29
8.368663553642933177e-27
2.107340339807629708e-28
1.120364412619485583e-28
4.326886862793340710e-27
2.540185425327150847e-27
7.326311933465023322e-29
7.777708781926053543e-29
4.560328149255578045e-29
1.349959379674388238e-27
3.861206094187825028e-27
3.662339339969354418e-27
1.194917179235231281e-28
1.182355900232195577e-27
1.103563910954825235e-28
6.447542963120487804e-29
9.281368126073576570e-28
2.410781895590187683e-27
9.949688740897505631e-29
8.921229830859542248e-29
1.914405435303394572e-27
3.274041915054431743e-29
2.061924713254897619e-28
3.967786029098941186e-28
2.374267306027835941e-28
1.483020398970007328e-27
2.396060978328733004e-28
8.314754603295152917e-26
1.872591181579345032e-28
8.428096903473901247e-27
3.958787756073257638e-28
