5.867542486014017954e-30
2.918430517240186856e-28
6.382508978384236000e-30
9.431743090908102705e-29
4.955072884771130066e-30
5.498248264680421924e-30
7.391439692728338364e-30
7.772061878989586988e-29
3.686568165133637348e-29
2.834814893571488722e-30
8.088617797701403003e-30
1.123321795159728750e-30
2.152690815457411893e-28
1.551820714303327515e-30
9.373402828526318369e-30
3.430659715250075791e-29
4.751316265668968645e-30
1.021582204909551150e-28
1.887529142144457818e-29
7.310264964688644538e-29
5.908518591106181252e-30
3.415372809675697845e-29
8.792168737685587095e-30
1.557682029865790849e-28
5.110482914181345959e-30
1.283433807740707716e-29
1.325407979779524030e-29
8.212860406221401369e-31
1.761801152450316149e-29
2.038895292642136024e-30
1.396642340881852860e-29
2.054712201641208272e-30
1.590546089471294287e-30
1.070506495022268610e-29
5.394105552683806957e-30
4.089826443468058248e-29
1.212491679934948333e-29
2.079208842882384898e-30
