2.070882637748494477e-28
8.428096903473901247e-27
9.949688740897505631e-29
8.164449515686455768e-28
3.889191764304316987e-28
5.796829568096700160e-27
1.624283400996162707e-24
2.107340339807629708e-28
1.131824345362235541e-27
1.229626385621226853e-26
4.030002321019098149e-27
1.569718146460674441e-28
2.882691469279587129e-28
5.088068484934721827e-28
4.514604547130138030e-27
3.889457740401723580e-27
2.540185425327150847e-27
3.518041893549256343e-27
1.723233845155198918e-26
2.521679216045296867e-28
3.095153590999964748e-28
1.054979750642850394e-27
1.871814057399548256e-28
1.791310804841644065e-28
3.505693003458262201e-28
1.349959379674388238e-27
7.777708781926053543e-29
3.381082374988551871e-27
9.226318166470346848e-29
1.395949601571698198e-28
2.410781895590187683e-27
2.327708951235021584e-27
3.454395459817370083e-28
4.363103318914918729e-28
6.066277581666652462e-27
1.435168558637494700e-28
3.245518030547429827e-28
9.056458589958781990e-29
3.662339339969354418e-27
1.436120615197797623e-28
3.074250977117345758e-29
1.872915260005648921e-26
2.885723083622290556e-28
3.601831442971258771e-29
2.549443552618187995e-28
1.652289811821373414e-27
2.659215222614449194e-27
5.121387890751557524e-27
5.643755875451307532e-28
9.281368126073576570e-28
8.300220441065280044e-29
4.326886862793340710e-27
1.636473526434518714e-28
8.632710141121368424e-29
1.685317320939221855e-28
3.861206094187825028e-27
3.317685363821051150e-28
1.783621859717478530e-28
6.034024463765540710e-29
3.664815466279737595e-29
9.707018667154732955e-28
4.560328149255578045e-29
9.153022276095336900e-28
2.947500980968612642e-28
6.407493753186955073e-29
2.061924713254897619e-28
1.558412805371012028e-28
6.621727681314397217e-28
4.196094688855104969e-26
3.050521645961571540e-29
3.343304121698791873e-29
9.702929860582819474e-28
1.194917179235231281e-28
2.374267306027835941e-28
7.481837828632143170e-29
8.368663553642933177e-27
4.522461945991811113e-28
8.314754603295152917e-26
8.222312587873391596e-28
1.350118972005512963e-27
8.921229830859542248e-29
6.227524966658500769e-28
1.839122129898839143e-28
7.726918693888875225e-27
8.069498573550916786e-28
1.508934082377438868e-26
1.290518453013077695e-28
