1.791310804841644065e-28
7.268579146796963628e-29
3.288199387643677669e-27
9.707018667154732955e-28
2.152690815457411893e-28
2.061924713254897619e-28
2.521679216045296867e-28
8.300220441065280044e-29
1.229626385621226853e-26
1.569718146460674441e-28
4.158520788253255174e-29
9.249977530927536131e-29
2.659215222614449194e-27
2.912064015651114070e-29
1.054979750642850394e-27
5.796829568096700160e-27
1.652289811821373414e-27
1.599846410230072370e-27
5.121387890751557524e-27
1.395949601571698198e-28
1.685317320939221855e-28
8.905625304689481620e-29
3.601831442971258771e-29
2.166551200581601481e-29
1.872915260005648921e-26
7.597014656250156947e-28
3.889191764304316987e-28
3.188000215308512930e-29
2.327708951235021584e-27
2.947500980968612642e-28
9.148274095001532157e-29
6.066277581666652462e-27
4.514604547130138030e-27
1.723233845155198918e-26
3.317685363821051150e-28
8.903019961383269896e-29
1.436120615197797623e-28
3.861206094187825028e-27
4.363103318914918729e-28
7.777708781926053543e-29
3.212563539523601504e-28
4.030002321019098149e-27
3.162556221403539328e-28
6.157759753237064234e-29
8.977074762913827692e-29
8.632710141121368424e-29
3.381082374988551871e-27
9.226318166470346848e-29
1.871814057399548256e-28
3.245518030547429827e-28
4.747067179095680765e-29
4.824981729519752394e-29
1.350118972005512963e-27
4.802209189260890486e-28
2.663383364555217930e-29
1.226139575809781510e-27
3.926260719330653428e-28
3.467908537094676417e-29
3.518041893549256343e-27
9.949688740897505631e-29
6.034024463765540710e-29
6.407493753186955073e-29
4.326886862793340710e-27
1.624283400996162707e-24
3.505693003458262201e-28
3.050521645961571540e-29
2.107340339807629708e-28
5.079277305286555964e-29
9.281368126073576570e-28
3.894709065906926302e-29
5.398517514036154124e-28
1.922478173154652695e-28
2.374267306027835941e-28
3.889457740401723580e-27
8.289303119135304060e-29
1.265263240224481760e-28
4.196094688855104969e-26
3.095153590999964748e-28
2.175154569380234625e-29
8.408699438573619879e-29
1.148999834201107718e-28
8.921229830859542248e-29
1.279127486564968256e-27
1.290602488066990310e-28
8.314754603295152917e-26
5.951966646571961060e-29
