1.750605017280449097e-29
7.922435993583241071e-29
8.905625304689481620e-29
1.229626385621226853e-26
2.107340339807629708e-28
2.633536952177586122e-29
2.521679216045296867e-28
4.628004749514851076e-30
8.289303119135304060e-29
1.015533673537780553e-28
4.297809425082442613e-28
2.198057108747417519e-29
1.731214538483911810e-28
1.395949601571698198e-28
4.714668106083188162e-29
1.622926503256146655e-29
2.088996403933075652e-29
2.166551200581601481e-29
6.986649898956892108e-30
2.659215222614449194e-27
5.796829568096700160e-27
8.903019961383269896e-29
1.231792652405444566e-29
7.163242758287682832e-29
6.536795952581877643e-30
3.861906375919656302e-29
3.697953288856372700e-28
4.902851636327444446e-30
1.161256289128556256e-28
5.430271135198664785e-28
1.311420950962368641e-29
2.154861530075189367e-29
1.645968347900200564e-28
1.280021554952347637e-29
1.651817457859643009e-29
1.965200976939611511e-29
5.458916297040984320e-29
2.613136928501060042e-29
5.258027135554884323e-30
3.861206094187825028e-27
2.228166209136685189e-29
1.436120615197797623e-28
4.030002321019098149e-27
5.121387890751557524e-27
1.675858653944203137e-29
2.866960016181236500e-29
2.327708951235021584e-27
1.723233845155198918e-26
8.632710141121368424e-29
3.524068713078389529e-29
6.066277581666652462e-27
2.152690815457411893e-28
6.142688278168588914e-29
7.034824514066934727e-30
3.245518030547429827e-28
2.136057058441386930e-29
8.751508795547516704e-28
3.188000215308512930e-29
5.700131994022362375e-30
1.144544190704728860e-28
1.972834065240026395e-29
1.598844328583036986e-28
4.514604547130138030e-27
8.666607520763693248e-28
3.212563539523601504e-28
1.872915260005648921e-26
9.056458589958781990e-29
6.407493753186955073e-29
1.565483681433059992e-29
1.209017481730567312e-29
9.249977530927536131e-29
3.524757352337304826e-29
6.034024463765540710e-29
5.972556748939269294e-30
8.300220441065280044e-29
1.435283654922746319e-29
3.467908537094676417e-29
1.059972356030268390e-29
