1.764976557333721386e+35
1.183886267798914935e+37
6.228961286927889751e+36
3.086212181968525949e+37
8.090890485958284166e+35
1.060891772654634251e+37
5.481881084317040482e+34
2.112730498127187275e+36
3.124100134038836008e+36
9.069467855082322361e+34
1.108433352058172683e+35
1.549813037687250398e+36
1.757347967692419795e+35
4.096802255231541539e+36
6.406376414479238144e+35
5.726289266628956699e+35
3.179291892519398300e+34
2.452801565466792262e+36
1.829777650276991555e+37
7.817413713586942509e+34
4.813725763398927961e+34
7.901818471866758901e+35
2.492549653318042321e+35
2.292345050866009438e+35
7.645470349267835857e+36
5.119554761369916333e+36
4.141568663091540505e+35
4.034991705065644561e+35
3.030869553411413340e+36
2.521925185326425172e+36
4.397480835710720155e+36
1.203497073892588581e+35
1.153643121479872989e+35
8.867153968640846286e+34
5.529163781430661871e+35
1.594724459208690650e+35
8.493606989162501093e+34
1.723117743733447211e+36
5.318258949305979530e+35
8.098862632150270403e+36
6.419881533997868296e+35
1.431942439720046416e+35
1.229406864563006350e+35
3.846465421257038381e+35
6.384681194386679545e+35
2.527084155623671484e+35
2.042415170374444277e+36
1.587647705124428583e+35
5.095152749111291901e+34
9.767573553350109808e+35
8.690484614423702876e+34
9.424805341511181936e+34
4.139896974766433195e+35
2.911682794671685543e+35
5.723037747508135076e+36
1.558028101728597578e+35
3.721964559643360688e+34
1.848636584524214310e+35
1.131011436686532641e+36
8.904749741708447820e+35
7.046449279024564278e+34
7.223838732686153542e+35
1.199821324245115077e+35
8.932736114635361022e+35
1.053192186398096907e+35
2.875910595150513547e+35
2.141690391358626257e+35
3.447950465050886802e+35
1.476341684756930155e+35
1.396183993500420584e+35
1.008591135436770599e+36
2.088441465068934033e+35
2.557472224371107693e+35
1.189628430287725971e+36
5.508536504177741771e+35
1.489438204133955514e+35
1.675342262575178002e+35
6.024596680400763852e+35
4.579807644791975091e+35
2.239873931261995733e+35
3.836522172257561087e+35
4.863923317206015211e+34
4.375041136520352709e+35
9.326181000250788072e+35
8.686872547032189547e+35
7.535248494977974868e+35
1.147193650196178722e+35
1.945400654270786829e+35
1.029110722416914639e+36
4.673202539860484107e+34
5.292780594192620113e+36
4.451675713446957993e+36
3.835631124334802091e+35
7.601172023304431896e+35
3.156214286857430838e+35
3.374388564576414693e+36
2.920697621729434752e+35
1.172437019955107329e+36
1.188123989940570655e+36
8.750338296577642309e+34
5.537530109860552113e+36
2.141119588388610742e+35
4.760126779556200098e+35
3.260730880667864129e+35
1.669555293669180643e+36
3.983165268554875761e+35
1.702775295121785759e+36
8.430374035303533800e+34
1.246144778940978901e+35
5.059751918018014088e+35
4.511253803998057620e+36
2.627429926154052310e+35
6.304391352892271318e+34
5.158734030318821455e+36
1.616032669709069697e+35
1.780927625919521715e+35
1.783476201943343087e+35
1.243000659514278181e+36
1.114309393971494320e+35
3.835180063881438686e+34
3.375709783633986385e+36
1.884513089531405775e+37
8.064411054402550741e+34
2.544248605765179246e+36
3.573108585248258236e+35
3.361422948144731677e+35
4.289485572629314687e+34
3.290374407269954294e+35
2.289999731944107354e+35
1.954781851551988538e+35
2.055384530733177038e+36
1.509571954066193960e+35
7.291396487132637358e+35
1.319914726928912616e+35
1.944130282333603264e+36
1.798162105474820883e+37
1.565536374100646193e+35
1.456952082643992991e+35
7.292459122521724446e+34
1.435006929838629702e+36
1.544000296166411047e+36
3.867513325091455297e+35
3.168430504971507381e+36
6.236755799685501281e+34
5.173705176545234957e+34
2.471429608944810679e+35
2.446890762478673291e+35
2.716957868462230039e+35
7.514968423616166219e+34
7.220908608344731533e+35
1.165432617115248591e+35
6.947647926530767848e+35
1.560964249724105551e+37
2.511097723273219380e+36
1.522846905217402087e+35
9.236714286395908694e+34
3.670146741381271724e+35
2.122846651611991179e+35
2.464221656528736653e+36
2.137221787593193039e+35
5.590978428342361209e+35
1.039538728191438947e+35
2.528171420016828933e+36
1.603465172198252476e+36
6.775012280550176851e+35
7.415611623783081368e+35
1.059567637085522472e+36
1.529245642154356263e+36
1.129456662360452071e+35
1.390622506080876185e+36
8.323886690155597386e+35
5.477810602403930938e+36
6.358248295735339350e+34
5.617276641357679999e+35
1.349246742999410929e+35
5.497482041471773120e+35
1.084758180435886282e+36
5.155157658714321132e+35
3.064419493491253353e+35
1.017173731932194250e+36
2.448239733400056640e+35
5.611733927075298919e+35
1.016211546104554962e+36
3.408089185957995285e+35
4.294651191274612392e+35
1.603718848987646289e+36
7.311763594115740210e+35
2.623306898266855408e+35
1.993195899648853455e+35
7.636943720299986598e+34
2.635957652776282090e+35
1.822944011403429470e+35
2.234249829821225816e+35
1.880605433169307581e+35
3.187871965359469162e+35
6.426566482183046464e+35
4.276871769335551370e+35
3.192768015467832296e+35
3.496463732152233463e+35
4.350412903246031171e+35
6.294022263245012466e+34
1.166283183329459428e+36
2.529166315078214896e+35
1.344346614758052853e+35
4.409211126343460422e+36
2.045513462267893837e+35
4.114306244228365626e+35
1.851648094363242652e+35
1.597424161831478868e+35
1.005040935471803435e+36
5.357645158146858536e+34
1.043471353359101029e+35
8.509912211359237056e+34
3.431461101231658499e+35
8.002517610566228433e+35
8.445515478308098047e+34
1.256523627654527340e+35
8.058490601294505322e+35
6.766300033931339636e+35
7.051373756271117649e+35
2.426350437642723062e+35
1.215782479339052288e+35
3.343866289356433137e+35
1.220552853892830919e+36
4.556318838205198321e+35
1.984312168330040169e+36
2.762290790608982079e+35
7.365260879155637022e+34
1.042826508586557071e+36
5.650901607433322144e+34
2.466435472496703172e+35
1.212280278530713061e+36
2.087292592428958122e+36
1.805921337497402360e+34
1.954183828260751692e+36
1.718987405529254365e+36
2.103919066420654952e+35
1.025235776791485605e+35
1.370468314631560207e+35
1.018701602370510705e+35
3.517431859553432472e+35
5.206800412580010320e+35
1.997955994725132782e+35
3.716781311408789719e+35
7.910490425933663714e+37
3.379606840662729362e+35
4.316949074802961456e+35
2.516761880482622892e+35
2.146705524419065035e+35
1.057304324109349582e+36
1.294780213166962061e+36
8.227669390367815118e+34
6.929155483564181136e+35
1.215370221255229111e+35
7.542136511333669678e+34
2.003623859916200326e+35
8.657101658150004849e+34
1.793767952275357096e+35
1.063534943654832329e+36
6.194706448579371184e+34
4.506593585180977144e+35
1.217355037891368854e+36
5.958761429621227234e+35
5.741128747848701909e+35
4.636283812650125969e+35
1.045648126953707484e+35
1.187262697413349487e+36
1.201667660594975475e+35
2.196155455939748466e+35
2.689688327722237390e+35
9.031055425317076885e+34
7.775830170909807008e+35
8.075553767838648121e+35
6.755022848384660361e+34
2.005619179747872886e+35
8.681770184634601599e+34
1.016538084743622569e+35
1.145139642283008474e+35
3.596851385312212328e+35
9.677552133086995447e+34
7.646689440990518852e+34
3.048445705077228432e+35
1.075651997406244991e+35
2.756975259652333446e+35
8.786789360578468574e+34
1.565688838056309600e+35
4.811230702303603724e+35
8.904139288554768634e+34
7.998695533828459119e+34
1.071350807455249068e+35
2.803724154036200078e+35
3.869168752835788835e+35
3.742224062240913519e+35
5.289416300401741801e+34
1.876334309442325830e+35
3.501659512069282942e+34
1.271446386207959323e+35
2.294972508631497808e+35
2.196172546167418535e+36
3.260091544159513730e+35
3.091989090113868898e+35
6.270989914878021099e+34
1.688058678440129916e+36
9.455688713208548344e+34
9.414503661490197650e+36
1.136445003703687574e+35
1.464941102350193151e+36
3.834245088433148987e+35
1.263101342430951391e+36
9.159984122518470562e+35
4.492498256122811915e+35
1.299423280580463397e+35
7.585899510016493632e+34
8.244578072369253462e+34
1.382882759413523743e+35
4.765469398169595658e+36
9.285550454114821015e+35
8.818535860944454314e+35
2.251660629617523013e+35
2.407775759387601183e+35
7.185831879818220619e+34
2.536950332954869015e+35
8.323204437521100392e+34
1.628337675899962353e+35
4.073223927022685694e+35
2.909329419034620480e+34
9.886749528297491057e+34
3.667449762903737181e+35
9.340340883584609795e+34
1.921709269750654612e+35
1.524355758585132147e+35
2.528420547169665893e+35
5.353102568342247674e+35
2.159321180079915937e+35
4.509569865114901315e+35
5.044747998185881220e+34
7.910350533382276550e+34
4.151846093720290769e+34
5.915494048050902272e+35
1.596314492659015640e+37
2.162630606798704007e+35
3.401241539159729844e+35
2.639686025875131921e+34
7.459023425239022721e+34
6.741623328726799102e+35
2.316283555030458935e+37
5.251706525983282383e+34
1.248896863028724347e+35
1.592308240480621809e+35
5.578101785817864834e+34
