1.443243047720881226e-28
9.611684556596804301e-30
3.860311787450257618e-30
3.006394606073578055e-28
1.921711266990553832e-29
3.889191764304316987e-28
4.731914816388665759e-30
2.327708951235021584e-27
1.229626385621226853e-26
2.521679216045296867e-28
1.436120615197797623e-28
2.375799189919511102e-29
8.280708625620374185e-29
7.072693988047614789e-29
9.604838846559061810e-30
3.212563539523601504e-28
3.144406424882661232e-29
1.675858653944203137e-29
2.072125461626124918e-29
3.188000215308512930e-29
1.462832581453351325e-29
9.837830939309122554e-29
2.099137057902945589e-29
5.867542486014017954e-30
2.255396079731303466e-29
3.518041893549256343e-27
6.986649898956892108e-30
8.115383649120016040e-29
5.981219211082113978e-29
4.030002321019098149e-27
2.364496046126273474e-27
7.937961978763731296e-29
1.872452188973240305e-29
4.714668106083188162e-29
1.015759323073559813e-28
1.965200976939611511e-29
5.458916297040984320e-29
5.258027135554884323e-30
1.872915260005648921e-26
1.144544190704728860e-28
6.066277581666652462e-27
5.121387890751557524e-27
3.524581363803533269e-28
4.514604547130138030e-27
6.142688278168588914e-29
1.209017481730567312e-29
1.324482604797270758e-29
3.623693946332212007e-29
5.700131994022362375e-30
3.245518030547429827e-28
2.228166209136685189e-29
2.770414388114558316e-30
1.723233845155198918e-26
2.154861530075189367e-29
3.697953288856372700e-28
1.311420950962368641e-29
2.492472005624223325e-30
4.061440632859392828e-28
2.659215222614449194e-27
1.395949601571698198e-28
2.613136928501060042e-29
1.024760385743820338e-29
1.122620428698224173e-29
2.136057058441386930e-29
8.632710141121368424e-29
5.289343794077369217e-30
4.902851636327444446e-30
2.697074334970482561e-29
2.014730211556099332e-29
4.363103318914918729e-28
5.773756997193877541e-30
1.276495959106104832e-28
8.905625304689481620e-29
