1.395949601571698198e-28
3.638327788607664427e-29
1.731214538483911810e-28
1.229626385621226853e-26
6.142688278168588914e-29
5.796829568096700160e-27
1.598844328583036986e-28
5.079277305286555964e-29
7.933613972239089684e-30
2.633536952177586122e-29
1.084605297429117253e-28
6.157759753237064234e-29
1.265263240224481760e-28
1.723233845155198918e-26
1.652289811821373414e-27
2.659215222614449194e-27
2.327708951235021584e-27
3.697953288856372700e-28
2.521679216045296867e-28
5.527311650305406782e-29
1.219925210124559195e-29
3.861906375919656302e-29
3.889457740401723580e-27
1.912282822290447569e-29
8.382335045017724750e-30
2.198057108747417519e-29
1.569718146460674441e-28
8.903019961383269896e-29
4.514604547130138030e-27
3.212563539523601504e-28
3.559700285961960981e-29
2.255396079731303466e-29
9.997814674906322526e-29
1.658736283817753990e-29
1.030579091072822774e-29
1.333800140109192071e-29
1.436120615197797623e-28
5.665131738817864189e-29
1.651817457859643009e-29
3.930714234311719908e-29
3.894709065906926302e-29
1.144544190704728860e-28
2.998732832252905909e-27
5.121387890751557524e-27
6.066277581666652462e-27
4.747067179095680765e-29
3.188000215308512930e-29
3.889191764304316987e-28
3.144406424882661232e-29
1.965200976939611511e-29
2.152690815457411893e-28
2.154861530075189367e-29
5.430271135198664785e-28
4.030002321019098149e-27
3.861206094187825028e-27
4.902851636327444446e-30
9.056458589958781990e-29
1.488489507700461375e-28
8.632710141121368424e-29
9.707018667154732955e-28
3.245518030547429827e-28
3.524757352337304826e-29
9.555744496431922590e-29
3.074250977117345758e-29
3.467908537094676417e-29
2.107340339807629708e-28
1.326801657482322178e-29
8.751508795547516704e-28
2.663383364555217930e-29
1.120364412619485583e-28
6.407493753186955073e-29
8.407523343138623916e-28
6.034024463765540710e-29
1.872915260005648921e-26
4.363103318914918729e-28
3.518041893549256343e-27
8.300220441065280044e-29
8.314754603295152917e-26
1.404063847274259704e-29
9.226318166470346848e-29
2.175154569380234625e-29
1.349959379674388238e-27
