3.162556221403539328e-28
8.123644926488993554e-28
4.560328149255578045e-29
3.518041893549256343e-27
8.300220441065280044e-29
1.304834137346312225e-28
1.569718146460674441e-28
1.508934082377438868e-26
2.166551200581601481e-29
8.632710141121368424e-29
4.030002321019098149e-27
5.796829568096700160e-27
9.707018667154732955e-28
1.054979750642850394e-27
1.871814057399548256e-28
1.229626385621226853e-26
1.652289811821373414e-27
3.889191764304316987e-28
6.157759753237064234e-29
1.922478173154652695e-28
2.521679216045296867e-28
4.514604547130138030e-27
1.993461722095309578e-29
1.624283400996162707e-24
1.675858653944203137e-29
1.912282822290447569e-29
2.175154569380234625e-29
3.524757352337304826e-29
3.050521645961571540e-29
1.436120615197797623e-28
2.327708951235021584e-27
4.442967026774970974e-29
2.998732832252905909e-27
6.142688278168588914e-29
8.903019961383269896e-29
1.744271154593485756e-29
1.872915260005648921e-26
6.687132583809277498e-29
5.121387890751557524e-27
3.188000215308512930e-29
1.723233845155198918e-26
6.066277581666652462e-27
9.997814674906322526e-29
2.659215222614449194e-27
5.088068484934721827e-28
1.395949601571698198e-28
9.281368126073576570e-28
1.349959379674388238e-27
1.148999834201107718e-28
3.212563539523601504e-28
3.245518030547429827e-28
3.505693003458262201e-28
4.363103318914918729e-28
2.257082775411403862e-29
1.150071892995011172e-28
1.731214538483911810e-28
3.467908537094676417e-29
3.894709065906926302e-29
1.212884989977455782e-28
3.889457740401723580e-27
1.103563910954825235e-28
6.034024463765540710e-29
2.912064015651114070e-29
7.597014656250156947e-28
1.204472845337021721e-28
7.481837828632143170e-29
3.454395459817370083e-28
6.407493753186955073e-29
4.326886862793340710e-27
6.447542963120487804e-29
3.757798127471988990e-29
3.095153590999964748e-28
2.374267306027835941e-28
1.783621859717478530e-28
1.551113740191437443e-29
2.866960016181236500e-29
5.421585340039269272e-29
1.599846410230072370e-27
2.947500980968612642e-28
9.949688740897505631e-29
3.861206094187825028e-27
1.194917179235231281e-28
4.522461945991811113e-28
1.023456506260131043e-27
4.196094688855104969e-26
8.428096903473901247e-27
8.314754603295152917e-26
