1.459636747984811746e-29
4.525085442137721404e-29
9.881899568625829914e-30
1.236634543859379998e-30
2.633536952177586122e-29
9.431743090908102705e-29
1.230711299048893889e-29
6.790979876294655556e-30
1.879594616959510072e-29
2.820801545443497579e-28
2.557836785528177857e-30
8.343524726172893525e-30
6.113566683867045546e-29
2.152690815457411893e-28
1.338984372262581730e-28
3.029896515969112960e-30
3.005211416765748958e-29
1.283433807740707716e-29
1.253968309122648826e-29
5.187301947218710888e-30
2.079208842882384898e-30
4.425482041853764808e-30
7.340835838242356327e-30
2.015947549540288419e-29
1.530988685226488220e-29
2.415387439497229799e-30
5.809147306078821852e-30
1.590546089471294287e-30
4.030002321019098149e-27
1.040292417088440483e-30
5.699940788920499777e-30
2.411182448459856697e-30
5.908518591106181252e-30
6.166160343177114472e-29
6.158190336901567526e-30
1.325407979779524030e-29
0.000000000000000000e+00
1.110290090619990395e-29
5.972556748939269294e-30
