0
9.03532159665e-31
1.07602830753e-30
8.44413718299e-31
9.94312512501e-31
7.71230257663e-31
8.68659290772e-31
9.66026399992e-31
9.83942681153e-31
1.04015902383e-30
1.00917533505e-30
9.33562312119e-31
1.05300799255e-30
8.20384740547e-31
8.17095729748e-31
9.06348127067e-31
7.9304924542e-31
9.52884863618e-31
8.69777709969e-31
8.97201121966e-31
8.2589060415e-31
8.17336997225e-31
7.85524713896e-31
8.80914853159e-31
7.21437626439e-31
9.15500417575e-31
7.12675765335e-31
8.00096148864e-31
7.76153431954e-31
7.53319885408e-31
8.93491648918e-31
7.44167805962e-31
8.46759248811e-31
7.14854849844e-31
8.60896916891e-31
7.65734104115e-31
7.9151548742e-31
8.46975462402e-31
7.66100354853e-31
8.75530014085e-31
7.96085553329e-31
7.62526216429e-31
8.33588702634e-31
7.96082728549e-31
9.03600984305e-31
8.51510996696e-31
7.04399799396e-31
8.23526182383e-31
9.2746943346e-31
8.31029783971e-31
8.03730740032e-31
7.93408447843e-31
8.81811469932e-31
8.06725608048e-31
8.67395434736e-31
8.23401643367e-31
8.51626775787e-31
8.00912302582e-31
9.01370201817e-31
8.83725562397e-31
8.72536080952e-31
8.30904379179e-31
8.6196015568e-31
8.90292035798e-31
8.52802752571e-31
8.26724506287e-31
8.48985949354e-31
8.12013985649e-31
8.17869303314e-31
8.20897951519e-31
7.96404857695e-31
7.96114892248e-31
8.41192483432e-31
8.2982972065e-31
7.71719493941e-31
7.8276420196e-31
9.46651189452e-31
8.09790513331e-31
8.42509805691e-31
8.11191344572e-31
7.50019138441e-31
8.10607314636e-31
7.81125186204e-31
8.01169528096e-31
8.57894096033e-31
7.77733108301e-31
8.06040467238e-31
8.09596675508e-31
8.43443881267e-31
8.18019859029e-31
8.11981974409e-31
8.1604486984e-31
8.03205527523e-31
7.99125695732e-31
8.24000382346e-31
8.13901249469e-31
8.04045506075e-31
8.36901270356e-31
7.67645638941e-31
0
9.03532159665e-31
1.07602830753e-30
8.35766272757e-31
9.79672558706e-31
7.71230257663e-31
9.05251581678e-31
9.45664263289e-31
9.82639766983e-31
1.04603024774e-30
8.75927623513e-31
9.46345905967e-31
7.89658484217e-31
8.8387997659e-31
9.23826346874e-31
9.05208958523e-31
7.82148632192e-31
7.67268586005e-31
8.28283146785e-31
8.36225498239e-31
8.30296569846e-31
9.15325853674e-31
8.64054947705e-31
8.08969668154e-31
7.53680198297e-31
7.59173266073e-31
8.22857339463e-31
6.90293070733e-31
8.10888622832e-31
8.55442311988e-31
8.18201820926e-31
8.91329205858e-31
8.90054956912e-31
7.85030444955e-31
8.63601594892e-31
8.6634185038e-31
7.85782549701e-31
8.47644850738e-31
7.6231476143e-31
8.30071453942e-31
8.5351391615e-31
8.13259233007e-31
8.6463403364e-31
8.35680776854e-31
8.31620517266e-31
7.99485575294e-31
8.27699367506e-31
8.58334432649e-31
8.11058810409e-31
7.97988242384e-31
7.85465464289e-31
8.50526698137e-31
8.49475080381e-31
7.91221410045e-31
8.30808811647e-31
8.17421593357e-31
8.02301117133e-31
8.09863342888e-31
8.65921986324e-31
8.26979352794e-31
8.35954395092e-31
8.54492688836e-31
8.13404724817e-31
8.39560154972e-31
8.36804638711e-31
8.71172332829e-31
8.16227260163e-31
8.29414570392e-31
8.18188467662e-31
8.04006904852e-31
8.63894980329e-31
8.45204804422e-31
8.04217529723e-31
7.87337471216e-31
7.70927797955e-31
7.7876031197e-31
8.11380618747e-31
8.4677650286e-31
8.46887853856e-31
8.54019207492e-31
7.6774258731e-31
8.05061056136e-31
8.53145435803e-31
8.2253216981e-31
8.10925958026e-31
8.42787071374e-31
7.93308888547e-31
7.89802567075e-31
8.19035359515e-31
8.26795004326e-31
8.24117242906e-31
7.83927629893e-31
8.17493980713e-31
8.39533996831e-31
7.68715368428e-31
7.72432769978e-31
7.98121601425e-31
7.97054761602e-31
7.81746113192e-31
0
0.0
0.0
0.0
0.0
0.0
0.0
0.0
0.0
0.0
0.0
0.0
0.0
0.0
0.0
0.0
0.0
0.0
0.0
0.0
0.0
0.0
0.0
0.0
0.0
0.0
0.0
0.0
0.0
0.0
0.0
0.0
0.0
0.0
0.0
0.0
0.0
0.0
0.0
0.0
0.0
0.0
0.0
0.0
0.0
0.0
0.0
0.0
0.0
0.0
0.0
0.0
0.0
0.0
0.0
0.0
0.0
0.0
0.0
0.0
0.0
0.0
0.0
0.0
0.0
0.0
0.0
0.0
0.0
0.0
0.0
0.0
0.0
0.0
0.0
0.0
0.0
0.0
0.0
0.0
0.0
0.0
0.0
0.0
0.0
0.0
0.0
0.0
0.0
0.0
0.0
0.0
0.0
0.0
0.0
0.0
0.0
0.0
0.0
0
0
0
0
0
0
0
0
0
0
4.27791738726e-86
5.03284398501e-86
1.25821099625e-86
2.45351144269e-86
9.12202972282e-87
8.4929242247e-87
3.42862496479e-86
1.10093462172e-86
2.5164219925e-87
3.14552749063e-87
1.28966627116e-86
7.23471322845e-87
2.13895869363e-86
7.23471322845e-87
6.92016047938e-87
7.54926597751e-87
1.10093462172e-86
2.20186924344e-87
6.92016047938e-87
2.83097474157e-87
1.25821099625e-87
9.43658247189e-88
1.25821099625e-87
2.83097474157e-87
2.20186924344e-87
1.25821099625e-87
3.14552749063e-87
1.25821099625e-87
2.5164219925e-87
2.20186924344e-87
1.57276374531e-87
1.25821099625e-87
6.29105498126e-88
2.5164219925e-87
1.57276374531e-87
1.25821099625e-87
6.29105498126e-88
1.88731649438e-87
6.29105498126e-88
1.25821099625e-87
1.57276374531e-87
1.25821099625e-87
3.14552749063e-88
2.83097474157e-87
2.5164219925e-87
9.43658247189e-88
3.14552749063e-88
1.25821099625e-87
2.20186924344e-87
1.88731649438e-87
3.14552749063e-87
3.14552749063e-88
4.40373848688e-87
2.5164219925e-87
1.57276374531e-87
1.57276374531e-87
3.14552749063e-88
1.25821099625e-87
9.43658247189e-88
9.43658247189e-88
6.29105498126e-88
1.57276374531e-87
3.14552749063e-88
9.43658247189e-88
6.29105498126e-88
1.25821099625e-87
9.43658247189e-88
9.43658247189e-88
6.29105498126e-88
3.14552749063e-88
3.14552749063e-88
1.25821099625e-87
3.14552749063e-87
3.14552749063e-88
3.14552749063e-88
1.25821099625e-87
1.57276374531e-87
6.29105498126e-88
2.83097474157e-87
2.5164219925e-87
1.57276374531e-87
3.14552749063e-88
3.14552749063e-88
9.43658247189e-88
3.14552749063e-88
9.43658247189e-88
3.14552749063e-88
3.14552749063e-88
1.25821099625e-87
6.29105498126e-88
2.5164219925e-87
1.88731649438e-87
3.14552749063e-88
6.29105498126e-88
3.14552749063e-88
9.43658247189e-88
3.14552749063e-88
9.43658247189e-88
0
4.27791738726e-86
3.23989331535e-86
1.22675572135e-86
2.45351144269e-86
2.4849667176e-86
1.66712957003e-86
2.5164219925e-87
8.80747697376e-87
6.29105498126e-87
1.35257682097e-86
6.92016047938e-87
3.77463298875e-87
6.92016047938e-87
1.22675572135e-86
3.46008023969e-87
5.34739673407e-87
1.03802407191e-86
7.86381872657e-87
9.43658247189e-87
2.20186924344e-87
3.77463298875e-87
4.40373848688e-87
3.46008023969e-87
3.77463298875e-87
1.25821099625e-87
1.57276374531e-87
5.66194948313e-87
6.29105498126e-87
3.46008023969e-87
3.14552749063e-87
1.57276374531e-87
9.43658247189e-88
3.14552749063e-87
2.5164219925e-87
3.14552749063e-88
2.5164219925e-87
2.83097474157e-87
9.43658247189e-88
1.25821099625e-87
9.43658247189e-88
1.25821099625e-87
1.88731649438e-87
1.25821099625e-87
9.43658247189e-88
9.43658247189e-88
1.25821099625e-87
9.43658247189e-88
2.20186924344e-87
1.25821099625e-87
2.83097474157e-87
2.83097474157e-87
1.88731649438e-87
9.43658247189e-88
1.88731649438e-87
6.29105498126e-88
1.57276374531e-87
9.43658247189e-88
8.17837147564e-87
3.14552749063e-88
9.43658247189e-88
9.43658247189e-88
1.25821099625e-87
1.25821099625e-87
1.88731649438e-87
1.88731649438e-87
9.43658247189e-88
6.29105498126e-88
3.14552749063e-88
1.25821099625e-87
6.29105498126e-88
1.25821099625e-87
1.88731649438e-87
1.88731649438e-87
5.03284398501e-87
3.14552749063e-88
9.43658247189e-88
3.14552749063e-88
3.14552749063e-88
9.43658247189e-88
3.14552749063e-88
1.88731649438e-87
3.14552749063e-88
1.25821099625e-87
3.14552749063e-88
6.29105498126e-88
3.14552749063e-88
3.14552749063e-88
1.88731649438e-87
9.43658247189e-88
1.57276374531e-87
2.83097474157e-87
1.25821099625e-87
6.29105498126e-88
9.43658247189e-88
9.43658247189e-88
9.43658247189e-88
6.29105498126e-88
3.14552749063e-88
0
8.27273730035e-86
5.03284398501e-86
1.25821099625e-86
1.54130847041e-86
1.57276374531e-86
9.12202972282e-87
1.35257682097e-86
8.80747697376e-87
1.63567429513e-86
7.54926597751e-87
7.86381872657e-87
4.40373848688e-87
6.29105498126e-87
1.13238989663e-86
4.40373848688e-87
4.40373848688e-87
2.83097474157e-87
1.03802407191e-86
5.03284398501e-87
4.71829123594e-87
3.46008023969e-87
2.5164219925e-87
2.5164219925e-87
4.40373848688e-87
3.77463298875e-87
2.5164219925e-87
1.25821099625e-87
3.14552749063e-87
3.14552749063e-88
3.14552749063e-88
1.25821099625e-87
9.43658247189e-88
3.14552749063e-88
1.88731649438e-87
3.14552749063e-88
2.83097474157e-87
1.88731649438e-87
1.57276374531e-87
1.88731649438e-87
1.25821099625e-87
1.25821099625e-87
1.57276374531e-87
1.25821099625e-87
1.25821099625e-87
3.14552749063e-88
2.5164219925e-87
1.25821099625e-87
9.43658247189e-88
9.43658247189e-88
9.43658247189e-88
2.20186924344e-87
3.14552749063e-88
3.14552749063e-88
1.25821099625e-87
6.29105498126e-88
2.83097474157e-87
3.14552749063e-88
2.5164219925e-87
3.14552749063e-88
3.14552749063e-88
3.14552749063e-88
2.83097474157e-87
1.25821099625e-87
1.57276374531e-87
1.25821099625e-87
3.14552749063e-88
1.25821099625e-87
3.14552749063e-88
3.14552749063e-88
3.14552749063e-88
3.14552749063e-88
6.29105498126e-88
3.14552749063e-88
9.43658247189e-88
9.43658247189e-88
9.43658247189e-88
6.29105498126e-88
9.43658247189e-88
3.14552749063e-88
3.14552749063e-88
1.88731649438e-87
3.14552749063e-88
3.14552749063e-88
1.57276374531e-87
3.14552749063e-88
3.14552749063e-88
2.20186924344e-87
6.29105498126e-88
9.43658247189e-88
1.25821099625e-87
1.88731649438e-87
1.88731649438e-87
9.43658247189e-88
6.29105498126e-88
1.25821099625e-87
2.20186924344e-87
9.43658247189e-88
3.14552749063e-88
0
7.48219367384e-30
1.23712956721e-29
1.23712956721e-29
1.61880782073e-30
1.61880782073e-30
1.12802784245e-29
1.22160060866e-29
1.27093760796e-29
5.7669690122e-31
3.44889689779e-30
4.1271413872e-30
4.76758445962e-30
4.66862524061e-30
1.54429514482e-29
7.15640937982e-31
1.54429514482e-29
2.83481489357e-30
5.46283272352e-30
1.3101653873e-29
5.97943889506e-29
1.17555857347e-30
1.28343380774e-29
7.71900823599e-29
5.82288964829e-30
3.00521141677e-29
1.77021761134e-31
2.02183605806e-29
1.76180115245e-29
2.69931171893e-28
1.59054608947e-30
2.4153874395e-30
1.85639430553e-30
3.48123617722e-30
6.21534330381e-29
1.4361206152e-28
2.07920884288e-30
2.14763032477e-29
2.4855602242e-30
inf
inf
2.07920884288e-30
1.66328418972e-29
inf
inf
inf
2.4855602242e-30
1.96520097694e-29
8.89853618202e-30
2.77041438811e-30
1.37549253137e-28
8.53194521365e-30
5.69994078892e-30
6.14268827817e-29
2.43286368551e-29
inf
5.69994078892e-30
4.03000232102e-27
1.21669047647e-29
2.64101997604e-29
inf
8.44324658382e-29
inf
2.77041438811e-30
inf
inf
4.43163044018e-29
inf
2.92670167299e-29
5.98121921108e-29
1.67585865394e-29
9.22803616678e-29
2.01473021156e-29
3.86031178745e-30
inf
1.39594960157e-28
inf
1.45176525256e-29
1.46283258145e-29
inf
inf
2.31550046344e-30
3.8894577404e-27
inf
9.28136812607e-28
2.6131369285e-29
2.16655120058e-29
8.30022044107e-29
inf
2.25539607973e-29
6.06289775978e-28
3.24551803055e-28
1.43528365492e-29
1.15009180695e-29
6.68713258381e-29
inf
1.39084435476e-29
inf
inf
0
2.84214608676e-30
1.23712956721e-29
3.75909052385e-30
1.60909753962e-30
2.07695258058e-30
1.76137806469e-29
3.28191176954e-30
2.07695258058e-30
3.91575942438e-30
2.11425357133e-30
6.3627261817e-31
4.5159427112e-29
4.66862524061e-30
1.58172880145e-30
8.44469937688e-30
2.45257947581e-30
3.10144930697e-30
2.39105962426e-30
1.70143960499e-29
3.02866322579e-29
7.36011150366e-30
6.72596864178e-30
4.95507288477e-30
5.49149464271e-30
5.11770972764e-30
1.43359922211e-30
1.22493166312e-29
2.07920884288e-30
3.2611941149e-29
2.07920884288e-30
8.07418427538e-29
1.6836371308e-29
1.28343380774e-29
1.36889317199e-29
4.75133745631e-30
4.75133745631e-30
1.46471939028e-29
1.05383739034e-29
1.3244826048e-29
1.45575764502e-29
2.15269081546e-28
2.15269081546e-28
9.16997143281e-30
2.07920884288e-30
3.91918373372e-29
1.13469807804e-29
1.72806893747e-29
inf
1.8832776591e-29
7.25125169934e-30
6.39142253288e-30
2.77041438811e-30
3.67966550876e-30
3.18800021531e-29
2.28679869352e-30
2.01473021156e-29
4.03000232102e-27
4.80067955182e-30
8.54074273575e-29
9.6116845566e-30
2.1401180529e-29
7.13726647397e-29
3.24807586088e-28
5.98121921108e-29
1.39084435476e-29
1.49431303213e-28
2.08899640393e-29
3.24551803055e-28
2.77041438811e-30
1.31142095096e-29
2.15725453083e-29
5.98121921108e-29
2.08899640393e-29
4.1976714985e-28
inf
3.86031178745e-30
inf
3.52406871308e-29
3.55970028596e-29
inf
3.8891917643e-28
inf
5.12138789075e-27
inf
inf
inf
1.76884916489e-28
2.08899640393e-29
8.30022044107e-29
inf
inf
6.40749375319e-29
inf
5.768417404e-30
inf
inf
inf
8.83716392607e-29
