6.591675764040625684e-28
3.514764359128804961e-28
1.872915260005648921e-26
2.327708951235021584e-27
4.514604547130138030e-27
5.088068484934721827e-28
1.462832581453351325e-29
1.023456506260131043e-27
1.871814057399548256e-28
6.407493753186955073e-29
1.528431389963497350e-28
2.633536952177586122e-29
2.166551200581601481e-29
2.866960016181236500e-29
5.796829568096700160e-27
5.615067450709924042e-29
1.229626385621226853e-26
3.889457740401723580e-27
7.481837828632143170e-29
4.030002321019098149e-27
1.280128130756665954e-29
9.249977530927536131e-29
3.467908537094676417e-29
1.054979750642850394e-27
8.905625304689481620e-29
2.887480484123184054e-27
1.395949601571698198e-28
2.152690815457411893e-28
1.436120615197797623e-28
4.363103318914918729e-28
1.652289811821373414e-27
8.632710141121368424e-29
2.659215222614449194e-27
8.921229830859542248e-29
1.569718146460674441e-28
4.196094688855104969e-26
6.687132583809277498e-29
1.723233845155198918e-26
6.066277581666652462e-27
9.056458589958781990e-29
8.300220441065280044e-29
3.188000215308512930e-29
3.889191764304316987e-28
6.587768094554954109e-29
2.447957698575027546e-28
7.777708781926053543e-29
2.856590728841604845e-29
3.381082374988551871e-27
3.095153590999964748e-28
3.245518030547429827e-28
5.121387890751557524e-27
8.903019961383269896e-29
6.157759753237064234e-29
5.079277305286555964e-29
4.560328149255578045e-29
2.374267306027835941e-28
1.304834137346312225e-28
9.707018667154732955e-28
1.685317320939221855e-28
1.912282822290447569e-29
9.281368126073576570e-28
3.664815466279737595e-29
9.226318166470346848e-29
1.731214538483911810e-28
1.791310804841644065e-28
3.505693003458262201e-28
9.949688740897505631e-29
4.451028950780656040e-29
2.061924713254897619e-28
2.910204811726275300e-28
8.314754603295152917e-26
9.997814674906322526e-29
3.518041893549256343e-27
3.662339339969354418e-27
4.326886862793340710e-27
1.922478173154652695e-28
3.861206094187825028e-27
3.317685363821051150e-28
8.289303119135304060e-29
1.194917179235231281e-28
2.175154569380234625e-29
4.158520788253255174e-29
2.912064015651114070e-29
1.182355900232195577e-27
