2.832709467076342711e-28
3.686568165133637348e-29
9.431743090908102705e-29
2.556061081852457760e-29
inf
2.826647523757834355e-30
9.560694332422702819e-30
1.621146402105250725e-28
6.536795952581877643e-30
2.884369235138606928e-30
1.134698078037826443e-29
1.887529142144457818e-29
2.594813440556790063e-29
1.590546089471294287e-30
2.106284430137718306e-29
3.430659715250075791e-29
2.834814893571488722e-30
2.411182448459856697e-30
2.633536952177586122e-29
3.225351380741435680e-29
1.493876245888078482e-29
1.325407979779524030e-29
4.514604547130138030e-27
1.283433807740707716e-29
1.528232468966342240e-29
6.765599450300408135e-30
8.845972591008775120e-30
3.222363704105679691e-28
1.530988685226488220e-29
8.782530691741259216e-31
4.003956260557386359e-29
1.028200457322057262e-29
1.029597238743757769e-29
inf
1.722516146019952020e-29
2.150482054857565077e-29
2.629290668105857601e-30
6.986649898956892108e-30
inf
6.284444917631593559e-30
1.675858653944203137e-29
9.722641216412147026e-30
5.121387890751557524e-27
2.079208842882384898e-30
inf
6.526590543859876087e-30
5.638016218873042494e-30
3.077756732333350814e-30
inf
8.648930568370634019e-29
1.972219383159385791e-29
