9.431743090908102705e-29
5.765926782430272527e-29
3.686568165133637348e-29
1.422575247349501930e-29
1.028687204200530221e-28
4.508709147695972050e-30
3.481236177219690275e-30
2.834814893571488722e-30
9.373402828526318369e-30
1.028200457322057262e-29
2.421744511330044269e-29
2.224063455202247353e-30
1.283433807740707716e-29
2.228166209136685189e-29
1.493876245888078482e-29
6.492104335509919883e-30
5.287958947878289041e-29
3.399680763953317342e-29
5.281900017240653203e-30
1.761801152450316149e-29
8.919593887021944163e-30
6.158190336901567526e-30
2.092053121677938119e-28
6.167956186524547825e-30
6.349831972302144018e-29
1.590546089471294287e-30
1.143828693232807716e-30
2.079208842882384898e-30
1.428006853221254921e-29
2.324712028355972407e-29
1.325407979779524030e-29
8.212860406221401369e-31
8.845972591008775120e-30
6.986649898956892108e-30
5.498248264680421924e-30
8.088617797701403003e-30
7.667628363510537730e-30
2.072178974741518992e-30
2.411182448459856697e-30
