inf
2.488580869339831551e-29
1.161256289128556256e-28
1.535601839311780445e-29
3.701485957933943405e-29
2.150482054857565077e-29
6.249130033230762937e-29
inf
2.556061081852457760e-29
3.219212715819244761e-29
4.910667970069468659e-29
2.633536952177586122e-29
6.066277581666652462e-27
1.675858653944203137e-29
2.172637112538271263e-28
6.158190336901567526e-30
4.030002321019098149e-27
7.324017646647826685e-29
1.334650387793158114e-28
9.431743090908102705e-29
1.436120615197797623e-28
1.283433807740707716e-29
inf
3.849241022866713247e-28
2.641019976038232509e-29
1.666323228951527673e-29
1.070506495022268610e-29
2.072125461626124918e-29
3.077756732333350814e-30
3.059610620316948917e-29
2.152690815457411893e-28
1.722516146019952020e-29
6.986649898956892108e-30
1.232394415252460598e-29
inf
4.509124254673157445e-30
9.142996433128952172e-30
2.411182448459856697e-30
3.697953288856372700e-28
2.770414388114558316e-30
2.012918159678271903e-30
2.046324214646878337e-30
2.375799189919511102e-29
inf
3.188000215308512930e-29
9.611684556596804301e-30
2.245839668220903100e-29
5.699940788920499777e-30
5.347104972402935096e-29
2.605850927116140251e-29
1.762407127033455153e-29
2.327708951235021584e-27
3.757798127471988990e-29
3.679665508758392706e-30
5.121387890751557524e-27
1.965200976939611511e-29
inf
1.972219383159385791e-29
6.377940744321450065e-30
3.139628239905368592e-29
5.972556748939269294e-30
8.123644926488993554e-28
3.079152238254810611e-30
7.034824514066934727e-30
3.860311787450257618e-30
4.897432298612994833e-29
inf
inf
1.209017481730567312e-29
1.015533673537780553e-28
3.554869333814436960e-28
