2.594813440556790063e-29
1.021582204909551150e-28
2.979214183610277668e-28
2.327708951235021584e-27
9.373402828526318369e-30
9.611684556596804301e-30
2.633536952177586122e-29
3.319836597825423389e-29
inf
5.772777488095169182e-30
7.309394474514801420e-29
2.152690815457411893e-28
9.072349787960169301e-30
1.028200457322057262e-29
5.240617026007079105e-30
2.834814893571488722e-30
5.498248264680421924e-30
1.396642340881852860e-29
1.422276056595483389e-28
6.986649898956892108e-30
1.283433807740707716e-29
2.520171050406161417e-29
1.089501843248071378e-30
1.110290090619990395e-29
4.514604547130138030e-27
3.288355824142951687e-28
2.492472005624223325e-30
2.051091358729835233e-29
3.415372809675697845e-29
1.535601839311780445e-29
2.079208842882384898e-30
2.286798693517714840e-30
1.464719390280381742e-29
1.143828693232807716e-30
1.325407979779524030e-29
8.212860406221401369e-31
2.649878893793037944e-28
6.711478328337500340e-30
2.826647523757834355e-30
7.310264964688644538e-29
7.653203662836316748e-30
1.070506495022268610e-29
3.808744829340634837e-30
4.844031145056674822e-30
inf
1.695174644743895448e-29
3.614201148799929947e-29
1.053309431694037939e-30
