3.222363704105679691e-28
2.887480484123184054e-27
2.088996403933075652e-29
2.374267306027835941e-28
3.697953288856372700e-28
4.297809425082442613e-28
7.105000703752289794e-29
2.812521592223688522e-29
7.672656655867877641e-29
9.226318166470346848e-29
1.229626385621226853e-26
6.142688278168588914e-29
1.030579091072822774e-29
6.157759753237064234e-29
2.228166209136685189e-29
2.659215222614449194e-27
2.166551200581601481e-29
4.714668106083188162e-29
2.072125461626124918e-29
1.015533673537780553e-28
8.067947871960907315e-30
1.036256322534181831e-29
1.390844354758740282e-29
4.442967026774970974e-29
1.965200976939611511e-29
9.281368126073576570e-28
3.188000215308512930e-29
2.198057108747417519e-29
5.088068484934721827e-28
1.436120615197797623e-28
3.522449955697219546e-29
4.902851636327444446e-30
3.268284595079077974e-29
4.514604547130138030e-27
2.327708951235021584e-27
5.981219211082113978e-29
2.613136928501060042e-29
8.905625304689481620e-29
5.258027135554884323e-30
6.986649898956892108e-30
6.832603713093309311e-29
2.633536952177586122e-29
3.889191764304316987e-28
6.066277581666652462e-27
1.161256289128556256e-28
1.723233845155198918e-26
6.034024463765540710e-29
5.121387890751557524e-27
2.152690815457411893e-28
5.773756997193877541e-30
8.632710141121368424e-29
1.872915260005648921e-26
4.030002321019098149e-27
3.212563539523601504e-28
1.435283654922746319e-29
1.567167809255606181e-28
3.467908537094676417e-29
1.651817457859643009e-29
3.381082374988551871e-27
2.720494634739931554e-29
2.154861530075189367e-29
6.687132583809277498e-29
1.972834065240026395e-29
1.731214538483911810e-28
1.015174091721237002e-29
4.326886862793340710e-27
1.395949601571698198e-28
5.700131994022362375e-30
2.842476312023744902e-29
3.245518030547429827e-28
4.731914816388665759e-30
1.345743237751895460e-29
3.153069771475389318e-29
1.598844328583036986e-28
3.228881701077626054e-28
1.326801657482322178e-29
