2.107340339807629708e-28
1.565483681433059992e-29
3.963011069174361615e-27
1.872915260005648921e-26
5.768417403999491446e-30
2.633536952177586122e-29
4.326886862793340710e-27
1.598844328583036986e-28
1.229626385621226853e-26
1.435283654922746319e-29
3.730973373101675810e-28
9.555744496431922590e-29
4.514604547130138030e-27
4.030002321019098149e-27
4.910667970069468659e-29
2.327708951235021584e-27
2.198057108747417519e-29
1.443243047720881226e-28
6.407493753186955073e-29
1.503760453920746259e-29
5.796829568096700160e-27
1.762407127033455153e-29
3.860311787450257618e-30
3.889457740401723580e-27
1.390844354758740282e-29
1.965200976939611511e-29
5.700131994022362375e-30
2.152690815457411893e-28
6.986649898956892108e-30
5.972556748939269294e-30
8.905625304689481620e-29
4.442967026774970974e-29
3.697953288856372700e-28
4.902851636327444446e-30
1.569718146460674441e-28
4.297809425082442613e-28
1.436120615197797623e-28
1.015174091721237002e-29
5.430271135198664785e-28
2.556061081852457760e-29
5.229776163464236481e-29
6.066277581666652462e-27
2.659215222614449194e-27
1.311420950962368641e-29
6.377940744321450065e-30
3.188000215308512930e-29
5.079277305286555964e-29
1.723233845155198918e-26
2.214236804435514371e-29
4.363103318914918729e-28
8.903019961383269896e-29
8.637202203588868413e-29
3.245518030547429827e-28
1.395949601571698198e-28
9.611684556596804301e-30
3.524757352337304826e-29
7.678383865463684799e-29
3.532816954274342343e-28
5.981219211082113978e-29
3.889191764304316987e-28
5.121387890751557524e-27
7.777708781926053543e-29
2.856590728841604845e-29
1.404063847274259704e-29
8.300220441065280044e-29
1.209017481730567312e-29
1.731214538483911810e-28
5.088068484934721827e-28
9.226318166470346848e-29
3.791132075466386286e-29
5.421585340039269272e-29
3.467908537094676417e-29
6.350297155310248542e-29
1.144544190704728860e-28
8.115383649120016040e-29
9.707018667154732955e-28
6.034024463765540710e-29
9.997814674906322526e-29
