6.157759753237064234e-29
4.802209189260890486e-28
3.050521645961571540e-29
1.054979750642850394e-27
1.229626385621226853e-26
1.036386369912686063e-27
6.066277581666652462e-27
3.559700285961960981e-29
2.374267306027835941e-28
2.882691469279587129e-28
3.889457740401723580e-27
5.121387890751557524e-27
2.521679216045296867e-28
4.030002321019098149e-27
1.652289811821373414e-27
3.601831442971258771e-29
1.723233845155198918e-26
8.903019961383269896e-29
5.796829568096700160e-27
5.643755875451307532e-28
9.246754210275389661e-28
8.967007284780991892e-29
1.569718146460674441e-28
6.587768094554954109e-29
1.436120615197797623e-28
4.363103318914918729e-28
2.327708951235021584e-27
3.188000215308512930e-29
1.871814057399548256e-28
1.290602488066990310e-28
4.196094688855104969e-26
8.921229830859542248e-29
3.887100729861579687e-27
4.514604547130138030e-27
2.659215222614449194e-27
4.522461945991811113e-28
1.508934082377438868e-26
7.777708781926053543e-29
3.889191764304316987e-28
3.505693003458262201e-28
3.245518030547429827e-28
3.771401778980994164e-27
9.056458589958781990e-29
5.088068484934721827e-28
1.872915260005648921e-26
3.381082374988551871e-27
6.833219347828529039e-29
8.632710141121368424e-29
8.300220441065280044e-29
3.343304121698791873e-29
9.226318166470346848e-29
1.395949601571698198e-28
4.760008084931063009e-29
3.518041893549256343e-27
6.407493753186955073e-29
2.107340339807629708e-28
3.454395459817370083e-28
8.289303119135304060e-29
6.034024463765540710e-29
1.349959379674388238e-27
3.467908537094676417e-29
3.662339339969354418e-27
1.194917179235231281e-28
1.624283400996162707e-24
2.435917026049797659e-28
9.707018667154732955e-28
2.540185425327150847e-27
4.560328149255578045e-29
9.281368126073576570e-28
9.702929860582819474e-28
2.175154569380234625e-29
8.368663553642933177e-27
8.408699438573619879e-29
3.861206094187825028e-27
2.947500980968612642e-28
1.435168558637494700e-28
1.791310804841644065e-28
1.350118972005512963e-27
2.061924713254897619e-28
3.162556221403539328e-28
9.949688740897505631e-29
6.447542963120487804e-29
7.222922460951936939e-29
2.537408767419835918e-29
8.314754603295152917e-26
1.483020398970007328e-27
8.428096903473901247e-27
7.326311933465023322e-29
1.872591181579345032e-28
2.070882637748494477e-28
3.958787756073257638e-28
