9.881899568625829914e-30
2.054712201641208272e-30
4.896779396992738804e-30
8.444699376876418892e-30
1.597327295612397888e-29
1.079675412710474135e-28
5.187301947218710888e-30
3.707934402094020293e-28
6.582155287078918910e-30
8.792168737685587095e-30
2.224063455202247353e-30
9.431743090908102705e-29
5.959186608358708301e-30
6.651593082798655623e-30
9.809140741628552144e-29
1.254261708242302103e-30
1.590546089471294287e-30
6.835523540613379821e-30
2.834814893571488722e-30
3.291267435142659339e-30
2.972790480037919295e-29
4.656723251152729703e-29
1.698561267736989194e-29
4.083576443534641820e-30
6.158190336901567526e-30
1.325407979779524030e-29
2.079208842882384898e-30
1.283433807740707716e-29
2.973925791728420256e-29
2.205636558789113023e-29
9.373402828526318369e-30
2.671870236501959889e-29
8.212860406221401369e-31
1.501992588355533660e-29
