0.000000000000000000e+00
8.115383649120016040e-29
2.594813440556790063e-29
4.061440632859392828e-28
2.520171050406161417e-29
9.604838846559061810e-30
2.088996403933075652e-29
2.375799189919511102e-29
2.154861530075189367e-29
4.030002321019098149e-27
0.000000000000000000e+00
1.144544190704728860e-28
7.973982445658209060e-30
6.986649898956892108e-30
9.431743090908102705e-29
6.215343303812214384e-29
1.029597238743757769e-29
4.514604547130138030e-27
5.700131994022362375e-30
2.633536952177586122e-29
3.523051661399584557e-28
0.000000000000000000e+00
6.142688278168588914e-29
1.652585625629646664e-29
2.072125461626124918e-29
6.721659977122958502e-29
1.283433807740707716e-29
1.024760385743820338e-29
2.152690815457411893e-28
1.015759323073559813e-28
5.981219211082113978e-29
1.091478122068427654e-29
5.638864311010408712e-30
4.844031145056674822e-30
0.000000000000000000e+00
2.580467143312131502e-29
6.536795952581877643e-30
3.222363704105679691e-28
9.007055837567407979e-30
3.697953288856372700e-28
5.699940788920499777e-30
2.228166209136685189e-29
1.723233845155198918e-26
0.000000000000000000e+00
2.613136928501060042e-29
8.033104718735770237e-28
5.258027135554884323e-30
1.972219383159385791e-29
7.034824514066934727e-30
2.826647523757834355e-30
0.000000000000000000e+00
0.000000000000000000e+00
1.436120615197797623e-28
2.286798693517714840e-30
5.121387890751557524e-27
0.000000000000000000e+00
4.747067179095680765e-29
8.905625304689481620e-29
6.066277581666652462e-27
1.872915260005648921e-26
8.632710141121368424e-29
1.298605705703856812e-29
3.245518030547429827e-28
0.000000000000000000e+00
0.000000000000000000e+00
3.212563539523601504e-28
1.443243047720881226e-28
2.107340339807629708e-28
2.327708951235021584e-27
0.000000000000000000e+00
0.000000000000000000e+00
3.188000215308512930e-29
0.000000000000000000e+00
4.269296008246825245e-30
1.972834065240026395e-29
2.255396079731303466e-29
1.731214538483911810e-28
4.902851636327444446e-30
2.521679216045296867e-28
