3.532816954274342343e-28
3.524757352337304826e-29
6.066277581666652462e-27
2.088996403933075652e-29
3.467908537094676417e-29
7.472560049670989551e-29
3.245518030547429827e-28
6.157759753237064234e-29
4.747067179095680765e-29
9.226318166470346848e-29
2.226269768439672647e-27
6.111053743129402732e-28
4.030002321019098149e-27
1.023456506260131043e-27
7.672656655867877641e-29
3.889457740401723580e-27
9.247022878546404984e-30
1.229626385621226853e-26
3.058050130027835487e-29
1.404063847274259704e-29
4.196094688855104969e-26
1.054979750642850394e-27
4.514604547130138030e-27
5.421585340039269272e-29
1.965200976939611511e-29
2.198057108747417519e-29
4.442967026774970974e-29
8.905625304689481620e-29
6.142688278168588914e-29
5.796829568096700160e-27
1.436120615197797623e-28
1.723233845155198918e-26
7.777708781926053543e-29
2.856590728841604845e-29
1.499280128526249093e-28
1.872915260005648921e-26
1.164878506061312046e-28
8.953719958512656066e-29
3.889191764304316987e-28
2.659215222614449194e-27
8.903019961383269896e-29
2.912064015651114070e-29
1.030579091072822774e-29
3.162556221403539328e-28
3.505693003458262201e-28
8.632710141121368424e-29
1.144544190704728860e-28
2.152690815457411893e-28
3.861206094187825028e-27
1.762407127033455153e-29
5.121387890751557524e-27
1.390844354758740282e-29
1.103563910954825235e-28
3.188000215308512930e-29
1.569718146460674441e-28
1.915946698799899756e-29
9.997814674906322526e-29
2.107340339807629708e-28
1.326801657482322178e-29
1.383843937688979930e-28
1.731214538483911810e-28
1.624283400996162707e-24
3.861906375919656302e-29
1.395949601571698198e-28
2.166551200581601481e-29
3.268284595079077974e-29
1.304834137346312225e-28
1.407998843019997193e-28
7.359174308938817454e-29
6.034024463765540710e-29
9.707018667154732955e-28
2.061924713254897619e-28
1.912282822290447569e-29
6.407493753186955073e-29
8.300220441065280044e-29
4.326886862793340710e-27
7.667405068264915877e-30
3.317685363821051150e-28
4.560328149255578045e-29
2.283722299959299340e-29
1.015533673537780553e-28
6.967333620125389298e-28
