8.387673757843702179e-29
2.947500980968612642e-28
3.662339339969354418e-27
2.152690815457411893e-28
1.462832581453351325e-29
3.697953288856372700e-28
3.288199387643677669e-27
2.521679216045296867e-28
5.796829568096700160e-27
8.123644926488993554e-28
1.395949601571698198e-28
1.569718146460674441e-28
2.374267306027835941e-28
2.659215222614449194e-27
3.889457740401723580e-27
3.188000215308512930e-29
1.229626385621226853e-26
2.759921448357894547e-28
8.921229830859542248e-29
9.997814674906322526e-29
1.723233845155198918e-26
1.872915260005648921e-26
5.088068484934721827e-28
6.407493753186955073e-29
3.467908537094676417e-29
5.098118246616229532e-28
4.985940229721627652e-28
2.920179682519191980e-29
2.327708951235021584e-27
3.210946452869447291e-29
4.522461945991811113e-28
6.066277581666652462e-27
4.363103318914918729e-28
2.198057108747417519e-29
1.436120615197797623e-28
5.121387890751557524e-27
6.157759753237064234e-29
8.289303119135304060e-29
1.144544190704728860e-28
9.056458589958781990e-29
4.560328149255578045e-29
4.030002321019098149e-27
3.889191764304316987e-28
1.965200976939611511e-29
4.514604547130138030e-27
3.162556221403539328e-28
2.107340339807629708e-28
3.894709065906926302e-29
3.524757352337304826e-29
2.435917026049797659e-28
4.196094688855104969e-26
9.249977530927536131e-29
5.079277305286555964e-29
5.421585340039269272e-29
1.488489507700461375e-28
1.972834065240026395e-29
1.624283400996162707e-24
1.435283654922746319e-29
9.226318166470346848e-29
8.300220441065280044e-29
3.518041893549256343e-27
1.791310804841644065e-28
1.783621859717478530e-28
8.632710141121368424e-29
9.707018667154732955e-28
2.154861530075189367e-29
8.903019961383269896e-29
2.912064015651114070e-29
1.652289811821373414e-27
7.777708781926053543e-29
8.584715831250867024e-29
3.757798127471988990e-29
4.326886862793340710e-27
1.349959379674388238e-27
2.175154569380234625e-29
6.587768094554954109e-29
3.002317878251627839e-29
3.937863847026052116e-28
1.922478173154652695e-28
9.949688740897505631e-29
3.930714234311719908e-29
3.861206094187825028e-27
2.070882637748494477e-28
7.597014656250156947e-28
3.274041915054431743e-29
2.061924713254897619e-28
