2.202920903843020501e-28
4.733610924616948265e-29
1.972219383159385791e-29
1.029597238743757769e-29
2.826647523757834355e-30
2.152690815457411893e-28
1.675858653944203137e-29
3.077756732333350814e-30
5.768929338218548915e-29
2.281607499527032902e-28
3.316085507505350844e-29
1.028200457322057262e-29
9.400769441028549881e-30
2.834814893571488722e-30
2.228166209136685189e-29
9.431743090908102705e-29
7.310264964688644538e-29
0.000000000000000000e+00
2.151917024073252531e-29
1.010705480067868051e-29
3.730973373101676707e-28
4.509159203311072865e-30
1.134698078037826443e-29
1.695174644743895448e-29
4.910667970069468659e-29
3.110095930494970488e-30
1.590546089471294287e-30
1.224931663120026814e-29
2.327708951235021584e-27
0.000000000000000000e+00
1.325407979779524030e-29
4.514604547130138030e-27
2.633536952177586122e-29
4.714668106083188162e-29
3.079152238254810611e-30
0.000000000000000000e+00
2.770414388114558316e-30
2.072178974741518992e-30
3.144406424882661232e-29
2.411182448459856697e-30
1.073767395831270398e-29
4.844031145056674822e-30
0.000000000000000000e+00
2.372357370266264948e-29
0.000000000000000000e+00
8.244898741430861788e-30
2.556061081852457760e-29
2.079208842882384898e-30
0.000000000000000000e+00
2.150112074310597754e-29
6.377940744321450065e-30
1.535601839311780445e-29
