2.546095102592488063e-29
3.097994964773579051e-28
3.697953288856372700e-28
1.029597238743757769e-29
1.219925210124559195e-29
1.872915260005648921e-26
inf
4.061440632859392828e-28
3.889191764304316987e-28
5.700131994022362375e-30
1.229626385621226853e-26
6.066277581666652462e-27
3.222363704105679691e-28
inf
1.084605297429117253e-28
1.436120615197797623e-28
2.488580869339831551e-29
4.030002321019098149e-27
1.238801193707127506e-29
4.514604547130138030e-27
4.714668106083188162e-29
1.122620428698224173e-29
4.910667970069468659e-29
1.333800140109192071e-29
6.986649898956892108e-30
5.458916297040984320e-29
7.678383865463684799e-29
2.152690815457411893e-28
7.034824514066934727e-30
1.723233845155198918e-26
2.520171050406161417e-29
2.411182448459856697e-30
4.747067179095680765e-29
3.860311787450257618e-30
inf
1.514909713565058681e-27
2.977202731756780388e-29
7.105000703752289794e-29
inf
inf
2.255396079731303466e-29
3.188000215308512930e-29
1.965200976939611511e-29
2.633536952177586122e-29
5.981219211082113978e-29
inf
2.072125461626124918e-29
1.675858653944203137e-29
1.662779687839195503e-29
5.121387890751557524e-27
9.007055837567407979e-30
1.024760385743820338e-29
inf
inf
2.327708951235021584e-27
inf
6.536795952581877643e-30
2.099137057902945589e-29
inf
2.659215222614449194e-27
inf
3.467908537094676417e-29
inf
1.015759323073559813e-28
1.144544190704728860e-28
3.522449955697219546e-29
8.632710141121368424e-29
1.476901027000725762e-29
inf
inf
inf
inf
9.228036166775870243e-29
8.905625304689481620e-29
7.047158919521781597e-29
4.731914816388665759e-30
3.245518030547429827e-28
1.136792131481817076e-28
inf
7.666159903077902940e-30
inf
inf
1.569718146460674441e-28
inf
6.857323462079338044e-30
2.870862332656052997e-30
inf
inf
