1.937487205568771256e-28
3.638327788607664427e-29
1.872915260005648921e-26
5.981219211082113978e-29
inf
4.514604547130138030e-27
4.910667970069468659e-29
1.008541660532211706e-29
7.678383865463684799e-29
3.623693946332212007e-29
2.633536952177586122e-29
2.327708951235021584e-27
1.723233845155198918e-26
1.238801193707127506e-29
6.066277581666652462e-27
1.229626385621226853e-26
6.986649898956892108e-30
2.659215222614449194e-27
6.142688278168588914e-29
9.611684556596804301e-30
1.372757820069943608e-28
4.714668106083188162e-29
9.007055837567407979e-30
3.524757352337304826e-29
1.220802349940028404e-28
inf
1.390844354758740282e-29
3.860311787450257618e-30
5.458916297040984320e-29
7.105000703752289794e-29
3.222363704105679691e-28
1.144544190704728860e-28
4.747067179095680765e-29
3.467908537094676417e-29
5.700131994022362375e-30
2.088996403933075652e-29
3.188000215308512930e-29
inf
6.511226462696802414e-29
inf
7.018368642680122343e-30
2.697074334970482561e-29
2.826647523757834355e-30
2.582768341899312505e-30
inf
4.030002321019098149e-27
3.960257409375461614e-29
inf
1.462832581453351325e-29
inf
1.965200976939611511e-29
7.559386137937451617e-29
inf
2.856590728841604845e-29
1.436120615197797623e-28
4.393432709644599493e-29
1.476901027000725762e-29
2.152690815457411893e-28
inf
5.098118246616229532e-28
inf
inf
1.675858653944203137e-29
2.140118052901461279e-29
5.121387890751557524e-27
1.443243047720881226e-28
5.258027135554884323e-30
inf
5.022218094759774263e-29
3.697953288856372700e-28
inf
2.014730211556099332e-29
inf
6.157759753237064234e-29
2.767416135856806580e-29
2.099137057902945589e-29
3.889191764304316987e-28
inf
1.169050184821141102e-27
inf
8.632710141121368424e-29
inf
3.885206286869504240e-29
inf
1.569718146460674441e-28
inf
inf
8.115383649120016040e-29
inf
inf
4.902851636327444446e-30
1.762407127033455153e-29
6.857323462079338044e-30
inf
