3.524757352337304826e-29
3.222363704105679691e-28
1.015533673537780553e-28
2.979214183610277668e-28
9.007055837567407979e-30
1.462832581453351325e-29
2.228166209136685189e-29
4.352589131146090299e-29
2.633536952177586122e-29
3.697953288856372700e-28
7.105000703752289794e-29
1.325407979779524030e-29
4.910667970069468659e-29
2.075326682794716968e-28
3.889191764304316987e-28
4.725730777330849215e-29
1.872915260005648921e-26
1.675858653944203137e-29
4.030002321019098149e-27
2.198057108747417519e-29
3.077756732333350814e-30
2.286798693517714840e-30
4.714668106083188162e-29
6.158190336901567526e-30
inf
9.611684556596804301e-30
6.386889612046955175e-29
inf
3.518041893549256343e-27
2.099392434002714791e-28
1.723233845155198918e-26
1.008541660532211706e-29
5.699940788920499777e-30
5.972556748939269294e-30
6.986649898956892108e-30
2.411182448459856697e-30
3.188000215308512930e-29
3.559700285961960981e-29
3.623693946332212007e-29
5.121387890751557524e-27
inf
2.488580869339831551e-29
1.224931663120026814e-29
6.687132583809277498e-29
2.152690815457411893e-28
6.066277581666652462e-27
2.327708951235021584e-27
4.747067179095680765e-29
3.219212715819244761e-29
2.556061081852457760e-29
4.844031145056674822e-30
1.722516146019952020e-29
inf
2.088996403933075652e-29
1.161256289128556256e-28
6.961604789786855238e-29
1.731214538483911810e-28
inf
2.870862332656052997e-30
inf
2.866144408596010001e-29
1.436120615197797623e-28
inf
2.714684843589140805e-29
inf
inf
2.840046851796237245e-29
1.668777799702654711e-29
inf
inf
1.311420950962368641e-29
7.034824514066934727e-30
8.632710141121368424e-29
6.857323462079338044e-30
3.212563539523601504e-28
inf
inf
9.281368126073576570e-28
1.505225349433653154e-27
3.467908537094676417e-29
inf
