6.142688278168588914e-29
4.363103318914918729e-28
6.967333620125389298e-28
2.152690815457411893e-28
1.395949601571698198e-28
7.672656655867877641e-29
3.212563539523601504e-28
8.300220441065280044e-29
1.326801657482322178e-29
4.030002321019098149e-27
2.866960016181236500e-29
1.528431389963497350e-28
5.796829568096700160e-27
5.527311650305406782e-29
6.591675764040625684e-28
1.229626385621226853e-26
5.229776163464236481e-29
4.196094688855104969e-26
3.889457740401723580e-27
2.198057108747417519e-29
6.157759753237064234e-29
1.912282822290447569e-29
2.633536952177586122e-29
7.128924430688007528e-28
5.615067450709924042e-29
1.054979750642850394e-27
1.436120615197797623e-28
1.569718146460674441e-28
8.903019961383269896e-29
2.226269768439672647e-27
8.637202203588868413e-29
2.154861530075189367e-29
1.723233845155198918e-26
5.121387890751557524e-27
8.382335045017724750e-30
4.514604547130138030e-27
9.226318166470346848e-29
8.977074762913827692e-29
2.088996403933075652e-29
6.066277581666652462e-27
2.327708951235021584e-27
3.889191764304316987e-28
3.524757352337304826e-29
4.747067179095680765e-29
4.622780469076113279e-29
8.905625304689481620e-29
1.731214538483911810e-28
2.912064015651114070e-29
1.030579091072822774e-29
2.257082775411403862e-29
1.872915260005648921e-26
3.861206094187825028e-27
3.518041893549256343e-27
2.659215222614449194e-27
2.175154569380234625e-29
9.056458589958781990e-29
8.632710141121368424e-29
1.871814057399548256e-28
9.997814674906322526e-29
4.985940229721627652e-28
3.188000215308512930e-29
4.326886862793340710e-27
6.034024463765540710e-29
3.638327788607664427e-29
2.107340339807629708e-28
2.613136928501060042e-29
1.598844328583036986e-28
9.707018667154732955e-28
1.922478173154652695e-28
6.737083847927793691e-28
3.887100729861579687e-27
6.407493753186955073e-29
9.281368126073576570e-28
8.584715831250867024e-29
3.467908537094676417e-29
3.162556221403539328e-28
1.350118972005512963e-27
2.166551200581601481e-29
4.158520788253255174e-29
