1.731214538483911810e-28
6.986649898956892108e-30
5.814442472231070656e-29
3.559700285961960981e-29
2.152690815457411893e-28
4.297809425082442613e-28
2.136057058441386930e-29
2.327708951235021584e-27
2.633536952177586122e-29
2.374267306027835941e-28
9.226318166470346848e-29
1.229626385621226853e-26
1.723233845155198918e-26
1.084605297429117253e-28
2.659215222614449194e-27
1.161350574468196321e-28
1.377134971177514743e-28
7.667405068264915877e-30
1.791310804841644065e-28
3.860311787450257618e-30
3.697953288856372700e-28
4.714668106083188162e-29
1.311420950962368641e-29
5.796829568096700160e-27
3.518041893549256343e-27
5.421585340039269272e-29
2.228166209136685189e-29
8.214822521699533335e-30
3.469760589725251016e-29
3.222363704105679691e-28
1.965200976939611511e-29
8.903019961383269896e-29
2.107340339807629708e-28
2.198057108747417519e-29
6.066277581666652462e-27
1.598844328583036986e-28
4.363103318914918729e-28
4.030002321019098149e-27
1.404063847274259704e-29
6.377940744321450065e-30
1.872915260005648921e-26
1.558205750889956145e-29
3.188000215308512930e-29
5.665131738817864189e-29
5.121387890751557524e-27
1.436120615197797623e-28
1.435283654922746319e-29
1.702652652644454888e-29
4.514604547130138030e-27
1.030579091072822774e-29
3.889191764304316987e-28
2.613136928501060042e-29
2.676365944417134105e-27
6.062897759784879371e-28
1.395949601571698198e-28
7.034824514066934727e-30
3.524757352337304826e-29
5.981219211082113978e-29
8.905625304689481620e-29
5.773756997193877541e-30
5.022218094759774263e-29
8.953719958512656066e-29
1.209017481730567312e-29
2.521679216045296867e-28
1.326801657482322178e-29
8.443246583815872267e-29
3.467908537094676417e-29
1.144544190704728860e-28
9.774099215299948147e-30
9.249977530927536131e-29
3.212563539523601504e-28
5.972556748939269294e-30
6.034024463765540710e-29
8.300220441065280044e-29
9.555744496431922590e-29
3.505693003458262201e-28
1.565483681433059992e-29
1.390844354758740282e-29
6.407493753186955073e-29
5.079277305286555964e-29
