4.910667970069468659e-29
1.972834065240026395e-29
1.390844354758740282e-29
1.320245909162997333e-28
2.327708951235021584e-27
2.152690815457411893e-28
2.488580869339831551e-29
2.633536952177586122e-29
4.061440632859392828e-28
7.105000703752289794e-29
9.056458589958781990e-29
6.057651872168897229e-29
4.844031145056674822e-30
1.436120615197797623e-28
2.582768341899312505e-30
5.699940788920499777e-30
1.029597238743757769e-29
2.641019976038232509e-29
1.524645203516539057e-30
2.979214183610277668e-28
4.902851636327444446e-30
9.764529474030215530e-28
1.059972356030268390e-29
3.467908537094676417e-29
2.520171050406161417e-29
3.222363704105679691e-28
1.072053978097128568e-29
2.088996403933075652e-29
1.149199342318470009e-28
4.714668106083188162e-29
3.559700285961960981e-29
6.986649898956892108e-30
2.286798693517714840e-30
6.173690254119222329e-29
6.158190336901567526e-30
2.556061081852457760e-29
2.537277247833426839e-29
1.490690666272551797e-29
2.257082775411403862e-29
3.697953288856372700e-28
2.840046851796237245e-29
2.228166209136685189e-29
5.121387890751557524e-27
6.536795952581877643e-30
9.007055837567407979e-30
1.723233845155198918e-26
3.188000215308512930e-29
6.066277581666652462e-27
2.072125461626124918e-29
2.411182448459856697e-30
5.972556748939269294e-30
4.030002321019098149e-27
6.377940744321450065e-30
1.503760453920746259e-29
5.700131994022362375e-30
1.872915260005648921e-26
1.685091343285313588e-29
2.198057108747417519e-29
1.443243047720881226e-28
1.164878506061312046e-28
1.675858653944203137e-29
3.889191764304316987e-28
3.245518030547429827e-28
5.274313871177531536e-29
1.558205750889956145e-29
1.143475948387141939e-29
