inf
1.860604554364214218e-28
8.953719958512656066e-29
3.697953288856372700e-28
5.258027135554884323e-30
1.350118972005512963e-27
4.731914816388665759e-30
1.436120615197797623e-28
8.633402099967107658e-29
6.258515975812962678e-30
1.462832581453351325e-29
1.585444869270224421e-29
2.152690815457411893e-28
2.072125461626124918e-29
2.228166209136685189e-29
1.645968347900200564e-28
3.227906169867720861e-29
5.638864311010408712e-30
1.015533673537780553e-28
4.030002321019098149e-27
inf
6.168514567986809671e-30
1.965200976939611511e-29
8.905625304689481620e-29
inf
1.229626385621226853e-26
6.066277581666652462e-27
6.986649898956892108e-30
1.134698078037826443e-29
3.222363704105679691e-28
5.527311650305406782e-29
4.714668106083188162e-29
2.594813440556790063e-29
2.375799189919511102e-29
2.556061081852457760e-29
2.613136928501060042e-29
2.088996403933075652e-29
inf
4.254166149315683301e-30
9.997814674906322526e-29
inf
4.514604547130138030e-27
inf
inf
6.447542963120487804e-29
2.659215222614449194e-27
5.121387890751557524e-27
3.144406424882661232e-29
6.157759753237064234e-29
5.981219211082113978e-29
inf
9.007055837567407979e-30
5.725667899856317084e-28
1.015759323073559813e-28
inf
3.860311787450257618e-30
2.327708951235021584e-27
9.611684556596804301e-30
3.188000215308512930e-29
inf
inf
4.747067179095680765e-29
1.161256289128556256e-28
7.853306613296073487e-28
2.641019976038232509e-29
1.972834065240026395e-29
1.723233845155198918e-26
8.732398759160655073e-30
inf
2.697074334970482561e-29
1.872915260005648921e-26
1.675858653944203137e-29
3.212563539523601504e-28
inf
3.889191764304316987e-28
1.757953169340621214e-29
3.245518030547429827e-28
inf
inf
inf
1.744271154593485756e-29
6.349244149599581651e-28
2.154861530075189367e-29
inf
inf
inf
4.902851636327444446e-30
inf
6.377940744321450065e-30
1.624283400996162707e-24
8.300220441065280044e-29
inf
inf
inf
3.467908537094676417e-29
