6.066277581666652462e-27
1.731214538483911810e-28
2.088996403933075652e-29
2.014730211556099332e-29
6.188280767450803238e-29
5.867542486014017954e-30
1.435283654922746319e-29
3.467908537094676417e-29
1.311420950962368641e-29
4.297809425082442613e-28
1.472935873151847820e-29
1.229626385621226853e-26
1.463787908297443064e-29
2.659215222614449194e-27
6.142688278168588914e-29
4.910667970069468659e-29
2.706184715736845879e-29
4.714668106083188162e-29
1.084605297429117253e-28
1.503760453920746259e-29
5.700131994022362375e-30
4.731914816388665759e-30
2.152690815457411893e-28
3.960257409375461614e-29
2.315500463440331889e-30
4.844031145056674822e-30
2.767416135856806580e-29
3.222363704105679691e-28
6.986649898956892108e-30
1.054979750642850394e-27
1.675858653944203137e-29
2.286798693517714840e-30
3.524757352337304826e-29
1.569718146460674441e-28
3.148722856901491368e-28
2.375799189919511102e-29
5.121387890751557524e-27
2.641019976038232509e-29
1.280021554952347637e-29
1.436120615197797623e-28
3.559700285961960981e-29
5.258027135554884323e-30
9.897112771462385413e-29
1.238801193707127506e-29
2.226269768439672647e-27
1.164878506061312046e-28
3.188000215308512930e-29
1.872915260005648921e-26
3.058050130027835487e-29
3.889191764304316987e-28
6.961604789786855238e-29
4.030002321019098149e-27
5.665131738817864189e-29
1.395949601571698198e-28
1.634618825320293381e-29
1.723233845155198918e-26
5.981219211082113978e-29
8.632710141121368424e-29
1.030579091072822774e-29
8.732398759160655073e-30
8.443246583815872267e-29
6.034024463765540710e-29
8.905625304689481620e-29
1.598844328583036986e-28
4.514604547130138030e-27
3.518041893549256343e-27
4.902851636327444446e-30
7.018368642680122343e-30
7.667405068264915877e-30
1.326801657482322178e-29
1.059972356030268390e-29
