1.236634543859379998e-30
3.290414608493378467e-28
2.866144408596010001e-29
0.000000000000000000e+00
1.232394415252460598e-29
1.750605017280449097e-29
1.720111879390358560e-28
2.633536952177586122e-29
6.687132583809277498e-29
1.324482604797270758e-29
6.034024463765540710e-29
2.079208842882384898e-30
2.152690815457411893e-28
1.883277659103700360e-29
5.699940788920499777e-30
1.442630179410370888e-29
2.255396079731303466e-29
6.158190336901567526e-30
2.488580869339831551e-29
0.000000000000000000e+00
1.435283654922746319e-29
1.325407979779524030e-29
5.981219211082113978e-29
3.079152238254810611e-30
7.105000703752289794e-29
1.283433807740707716e-29
3.852385506220315111e-30
2.979214183610277668e-28
0.000000000000000000e+00
7.973982445658209060e-30
2.438153430776333597e-29
1.107386975801637956e-29
1.535601839311780445e-29
6.961604789786855238e-29
2.171056078886200160e-29
3.188000215308512930e-29
6.986649898956892108e-30
1.464719390280381742e-29
1.436120615197797623e-28
2.012918159678271903e-30
3.222363704105679691e-28
2.770414388114558316e-30
0.000000000000000000e+00
1.879594616959510072e-29
3.077756732333350814e-30
6.536795952581877643e-30
7.676182812009724024e-29
1.965200976939611511e-29
2.327708951235021584e-27
6.687849762261612526e-29
6.066277581666652462e-27
1.622322306235397589e-28
2.411182448459856697e-30
5.972556748939269294e-30
4.030002321019098149e-27
0.000000000000000000e+00
7.645024822927320723e-30
2.072178974741518992e-30
2.556061081852457760e-29
8.816850937311897619e-29
4.509688089632735964e-29
6.258515975812962678e-30
