5.665131738817864189e-29
8.289303119135304060e-29
1.229626385621226853e-26
2.435917026049797659e-28
5.796829568096700160e-27
1.673301192702481308e-29
1.054979750642850394e-27
1.462832581453351325e-29
1.436120615197797623e-28
2.521679216045296867e-28
4.030002321019098149e-27
2.198057108747417519e-29
2.070882637748494477e-28
2.152690815457411893e-28
1.624283400996162707e-24
6.407493753186955073e-29
3.212563539523601504e-28
6.062897759784879371e-28
6.065826567151386725e-28
9.056458589958781990e-29
9.249977530927536131e-29
2.175154569380234625e-29
4.514604547130138030e-27
3.889457740401723580e-27
1.871814057399548256e-28
4.425713871643555729e-29
1.791310804841644065e-28
3.188000215308512930e-29
5.022218094759774263e-29
1.599846410230072370e-27
4.560328149255578045e-29
8.905625304689481620e-29
2.327708951235021584e-27
1.912282822290447569e-29
3.002317878251627839e-29
9.281368126073576570e-28
6.066277581666652462e-27
2.947500980968612642e-28
1.723233845155198918e-26
4.363103318914918729e-28
1.361685107105990502e-29
3.559700285961960981e-29
5.098118246616229532e-28
4.705948988452685632e-27
4.747067179095680765e-29
8.300220441065280044e-29
1.675858653944203137e-29
5.121387890751557524e-27
2.659215222614449194e-27
9.386091622191996563e-29
1.569718146460674441e-28
8.903019961383269896e-29
1.731214538483911810e-28
3.889191764304316987e-28
9.997814674906322526e-29
6.157759753237064234e-29
1.872915260005648921e-26
6.687132583809277498e-29
3.074250977117345758e-29
3.505693003458262201e-28
8.632710141121368424e-29
1.395949601571698198e-28
5.079277305286555964e-29
3.518041893549256343e-27
4.760008084931063009e-29
3.245518030547429827e-28
1.652289811821373414e-27
3.467908537094676417e-29
3.050521645961571540e-29
8.115383649120016040e-29
1.922478173154652695e-28
2.061924713254897619e-28
3.524757352337304826e-29
3.861206094187825028e-27
7.777708781926053543e-29
3.894709065906926302e-29
2.374267306027835941e-28
9.707018667154732955e-28
1.799047720115397493e-28
9.949688740897505631e-29
8.921229830859542248e-29
1.648321487992072758e-29
