3.469784254790159801e-29
3.114545617265754140e-29
2.699311718926400100e-28
9.431743090908102705e-29
9.941770124419148926e-30
4.303263394076852139e-30
1.455311670185976399e-28
5.809147306078821852e-30
2.826647523757834355e-30
1.216690476473804616e-29
1.493876245888078482e-29
6.066277581666652462e-27
2.488580869339831551e-29
3.061722083160451902e-30
5.141525125290039379e-30
1.675500944526697860e-29
1.246692058944438652e-29
3.058050130027835487e-29
8.074184275382269267e-29
1.887529142144457818e-29
1.325407979779524030e-29
9.239123890101141321e-29
6.242181870567689823e-30
2.834814893571488722e-30
9.806166122713754671e-31
1.283433807740707716e-29
2.658513258391204879e-30
6.916294944252079578e-30
7.340835838242356327e-30
0.000000000000000000e+00
9.964317301896273967e-31
1.296071065374784453e-29
1.551820714303327515e-30
6.271208351237192891e-29
1.464719390280381742e-29
7.678383865463684799e-29
2.492472005624223325e-30
0.000000000000000000e+00
2.633536952177586122e-29
2.079208842882384898e-30
