1.178052424129534782e-27
3.050521645961571540e-29
1.474518131553469021e-28
1.791310804841644065e-28
1.229626385621226853e-26
3.518041893549256343e-27
8.428096903473901247e-27
5.796829568096700160e-27
6.157759753237064234e-29
1.194917179235231281e-28
1.624283400996162707e-24
9.707018667154732955e-28
2.107340339807629708e-28
1.872915260005648921e-26
1.723233845155198918e-26
1.599846410230072370e-27
8.977074762913827692e-29
9.153022276095336900e-28
8.289303119135304060e-29
1.290602488066990310e-28
1.569718146460674441e-28
4.363103318914918729e-28
4.030002321019098149e-27
8.903019961383269896e-29
8.429848772017165808e-28
1.871814057399548256e-28
4.560328149255578045e-29
1.436120615197797623e-28
5.121387890751557524e-27
2.327708951235021584e-27
1.395949601571698198e-28
1.054979750642850394e-27
1.636473526434518714e-28
3.212563539523601504e-28
6.066277581666652462e-27
1.337410424912598657e-28
3.963011069174361615e-27
3.188000215308512930e-29
4.196094688855104969e-26
3.381082374988551871e-27
3.889191764304316987e-28
3.505693003458262201e-28
9.056458589958781990e-29
2.659215222614449194e-27
4.326886862793340710e-27
6.034024463765540710e-29
5.421585340039269272e-29
4.514604547130138030e-27
3.074250977117345758e-29
8.300220441065280044e-29
3.889457740401723580e-27
7.326311933465023322e-29
1.349959379674388238e-27
1.144544190704728860e-28
2.866960016181236500e-29
4.985940229721627652e-28
7.777708781926053543e-29
5.079277305286555964e-29
8.632710141121368424e-29
3.467908537094676417e-29
1.652289811821373414e-27
6.407493753186955073e-29
3.317685363821051150e-28
9.226318166470346848e-29
1.167853936691971959e-27
5.088068484934721827e-28
2.912064015651114070e-29
5.531205731960746348e-29
3.664815466279737595e-29
2.342562572923051344e-28
2.175154569380234625e-29
9.387258193832671563e-29
1.508934082377438868e-26
1.783621859717478530e-28
8.368663553642933177e-27
3.861206094187825028e-27
1.922478173154652695e-28
1.148999834201107718e-28
9.949688740897505631e-29
3.667078447183869452e-28
2.947500980968612642e-28
2.061924713254897619e-28
4.522461945991811113e-28
2.616991233097453728e-27
1.350118972005512963e-27
8.921229830859542248e-29
3.274041915054431743e-29
7.481837828632143170e-29
8.314754603295152917e-26
