5.867542486014017954e-30
7.911352654067947178e-29
6.961604789786855238e-29
9.431743090908102705e-29
9.604838846559061810e-30
1.015759323073559813e-28
9.760706295714121179e-30
2.256371138054048084e-30
6.377940744321450065e-30
6.066277581666652462e-27
2.520171050406161417e-29
1.054979750642850394e-27
1.728068937467029835e-29
8.905636858782431482e-29
4.731914816388665759e-30
4.030002321019098149e-27
4.714668106083188162e-29
1.134698078037826443e-29
4.910667970069468659e-29
1.856394305532447200e-30
4.442967026774970974e-29
1.325407979779524030e-29
1.436120615197797623e-28
6.986649898956892108e-30
1.084605297429117253e-28
1.524645203516539057e-30
1.372448148037093108e-29
3.075551879210133738e-29
1.944530776176207601e-29
3.412401985255523861e-28
2.411182448459856697e-30
1.024760385743820338e-29
4.844031145056674822e-30
9.007055837567407979e-30
1.333800140109192071e-29
9.611684556596804301e-30
3.058050130027835487e-29
5.699940788920499777e-30
3.222363704105679691e-28
2.770414388114558316e-30
5.808409290307146679e-30
2.375799189919511102e-29
6.142688278168588914e-29
1.723233845155198918e-26
2.641019976038232509e-29
5.981219211082113978e-29
6.278305846734798539e-30
1.675858653944203137e-29
1.568263137816522979e-29
3.077756732333350814e-30
2.488580869339831551e-29
3.188000215308512930e-29
2.228166209136685189e-29
2.292204894573674284e-28
1.972219383159385791e-29
2.870862332656052997e-30
4.514604547130138030e-27
2.866144408596010001e-29
4.690211684321316609e-30
