1.764023266028040174e-28
2.500450305965672565e-29
6.986649898956892108e-30
1.559780340825999287e-29
1.015759323073559813e-28
9.431743090908102705e-29
5.700131994022362375e-30
2.375799189919511102e-29
inf
1.005386928088845817e-29
9.069557735621393529e-30
1.436120615197797623e-28
2.075348273584612375e-29
2.633536952177586122e-29
1.070506495022268610e-29
2.327708951235021584e-27
2.488580869339831551e-29
1.535601839311780445e-29
4.030002321019098149e-27
2.079208842882384898e-30
2.520171050406161417e-29
3.222363704105679691e-28
7.973982445658209060e-30
3.701932548440794212e-29
5.972556748939269294e-30
7.045991169528935355e-29
2.012918159678271903e-30
1.224931663120026814e-29
7.034824514066934727e-30
1.283433807740707716e-29
inf
2.072125461626124918e-29
6.571054049463614382e-30
4.509688089632735964e-29
1.633123832325817833e-29
inf
8.845972591008775120e-30
6.158190336901567526e-30
1.640853281839337115e-30
inf
5.981219211082113978e-29
7.043367241865602750e-30
4.637156281466301410e-28
6.351503698306455138e-29
4.169399521077490178e-30
2.228166209136685189e-29
5.458916297040984320e-29
9.611684556596804301e-30
2.152690815457411893e-28
3.860311787450257618e-30
3.188000215308512930e-29
6.961604789786855238e-29
9.169971432813834291e-30
5.699940788920499777e-30
inf
2.770414388114558316e-30
inf
4.902851636327444446e-30
6.066277581666652462e-27
7.029084988920567823e-30
inf
inf
4.061440632859392828e-28
