3.077756732333350814e-30
1.325407979779524030e-29
1.015759323073559813e-28
8.816850937311897619e-29
0.000000000000000000e+00
3.059610620316948917e-29
3.222363704105679691e-28
1.229626385621226853e-26
5.773756997193877541e-30
6.687849762261612526e-29
4.900420169789432148e-28
5.867542486014017954e-30
2.228166209136685189e-29
2.152690815457411893e-28
6.536795952581877643e-30
1.236634543859379998e-30
1.436120615197797623e-28
1.280021554952347637e-29
1.112952026869107398e-29
2.866144408596010001e-29
5.699940788920499777e-30
1.466081389376553819e-29
8.632710141121368424e-29
7.105000703752289794e-29
1.683637130801892886e-29
0.000000000000000000e+00
2.198057108747417519e-29
4.714668106083188162e-29
2.451827084962918099e-28
6.986649898956892108e-30
2.150482054857565077e-29
1.455757645021451754e-29
4.731914816388665759e-30
2.556061081852457760e-29
2.904561825422170015e-29
4.061440632859392828e-28
0.000000000000000000e+00
2.770414388114558316e-30
0.000000000000000000e+00
0.000000000000000000e+00
6.961604789786855238e-29
1.723233845155198918e-26
4.030002321019098149e-27
2.327708951235021584e-27
1.444485078462043073e-29
6.258515975812962678e-30
2.088996403933075652e-29
3.188000215308512930e-29
1.972219383159385791e-29
1.395949601571698198e-28
5.121387890751557524e-27
2.286798693517714840e-30
1.088000288145934690e-29
2.488580869339831551e-29
0.000000000000000000e+00
1.435283654922746319e-29
0.000000000000000000e+00
6.066277581666652462e-27
4.514604547130138030e-27
7.937961978763731296e-29
3.245518030547429827e-28
1.164878506061312046e-28
5.981219211082113978e-29
2.411182448459856697e-30
0.000000000000000000e+00
1.762407127033455153e-29
0.000000000000000000e+00
0.000000000000000000e+00
0.000000000000000000e+00
0.000000000000000000e+00
0.000000000000000000e+00
2.840046851796237245e-29
1.965200976939611511e-29
1.872915260005648921e-26
3.467908537094676417e-29
6.687132583809277498e-29
1.390844354758740282e-29
