1.372757820069943608e-28
2.556061081852457760e-29
1.509819181208077112e-29
5.773756997193877541e-30
1.229626385621226853e-26
7.105000703752289794e-29
1.443243047720881226e-28
1.023456506260131043e-27
6.196885343325311161e-29
1.436120615197797623e-28
2.633536952177586122e-29
6.155070650108855146e-30
5.430271135198664785e-28
3.697953288856372700e-28
3.730973373101675810e-28
1.326801657482322178e-29
2.088996403933075652e-29
1.059972356030268390e-29
4.030002321019098149e-27
3.467908537094676417e-29
1.219925210124559195e-29
4.902851636327444446e-30
4.714668106083188162e-29
1.723233845155198918e-26
6.473438089963153793e-29
2.374267306027835941e-28
1.651817457859643009e-29
8.903019961383269896e-29
7.072693988047614789e-29
2.820464221753891555e-30
1.860604554364214218e-28
3.469760589725251016e-29
1.569718146460674441e-28
8.905625304689481620e-29
1.965200976939611511e-29
2.327708951235021584e-27
6.986649898956892108e-30
6.950551480369935777e-28
2.107340339807629708e-28
3.559700285961960981e-29
6.157759753237064234e-29
3.212563539523601504e-28
2.659215222614449194e-27
1.972834065240026395e-29
5.258027135554884323e-30
5.972556748939269294e-30
3.518041893549256343e-27
2.152690815457411893e-28
1.442630179410370888e-29
3.601831442971258771e-29
1.212884989977455782e-28
3.245518030547429827e-28
6.066277581666652462e-27
3.889191764304316987e-28
5.700131994022362375e-30
1.144544190704728860e-28
1.395949601571698198e-28
3.188000215308512930e-29
8.632710141121368424e-29
2.198057108747417519e-29
3.791132075466386286e-29
6.407493753186955073e-29
1.209017481730567312e-29
5.981219211082113978e-29
2.166551200581601481e-29
1.030579091072822774e-29
1.872915260005648921e-26
4.514604547130138030e-27
1.183407705284539242e-29
6.886719892110110376e-30
5.121387890751557524e-27
6.034024463765540710e-29
3.524757352337304826e-29
1.425418732328944878e-29
1.675858653944203137e-29
8.300220441065280044e-29
7.324017646647826685e-29
6.857323462079338044e-30
1.037498980338090316e-28
6.173690254119222329e-29
1.304834137346312225e-28
