7.672656655867877641e-29
1.922478173154652695e-28
4.522461945991811113e-28
1.871814057399548256e-28
1.229626385621226853e-26
8.123644926488993554e-28
1.395949601571698198e-28
2.327708951235021584e-27
2.912064015651114070e-29
2.659215222614449194e-27
1.624283400996162707e-24
1.872915260005648921e-26
1.652289811821373414e-27
1.598844328583036986e-28
2.226269768439672647e-27
6.034024463765540710e-29
3.697953288856372700e-28
1.551113740191437443e-29
9.707018667154732955e-28
3.889191764304316987e-28
4.514604547130138030e-27
2.175154569380234625e-29
5.796829568096700160e-27
1.569718146460674441e-28
4.442967026774970974e-29
4.297809425082442613e-28
1.435283654922746319e-29
3.188000215308512930e-29
6.157759753237064234e-29
2.152690815457411893e-28
5.527311650305406782e-29
9.997814674906322526e-29
8.903019961383269896e-29
5.121387890751557524e-27
1.436120615197797623e-28
2.070882637748494477e-28
9.056458589958781990e-29
3.002317878251627839e-29
1.744271154593485756e-29
1.731214538483911810e-28
8.632710141121368424e-29
7.777708781926053543e-29
4.363103318914918729e-28
8.314754603295152917e-26
8.921229830859542248e-29
2.613136928501060042e-29
1.144544190704728860e-28
1.723233845155198918e-26
1.675858653944203137e-29
4.030002321019098149e-27
3.889457740401723580e-27
1.277811156585822798e-29
1.121415015037179173e-28
4.196094688855104969e-26
6.066277581666652462e-27
3.212563539523601504e-28
4.326886862793340710e-27
5.088068484934721827e-28
6.721013996691022793e-28
1.488489507700461375e-28
2.759921448357894547e-28
1.648321487992072758e-29
3.245518030547429827e-28
2.107340339807629708e-28
3.467908537094676417e-29
3.505693003458262201e-28
8.289303119135304060e-29
3.524757352337304826e-29
3.757798127471988990e-29
8.300220441065280044e-29
6.447542963120487804e-29
3.853372185675762795e-28
5.079277305286555964e-29
1.349959379674388238e-27
3.518041893549256343e-27
6.407493753186955073e-29
3.050521645961571540e-29
3.638327788607664427e-29
1.791310804841644065e-28
3.887100729861579687e-27
2.166551200581601481e-29
3.930714234311719908e-29
3.861206094187825028e-27
