4.111037673759922768e-28
2.107340339807629708e-28
2.226269768439672647e-27
2.152690815457411893e-28
5.796829568096700160e-27
1.395949601571698198e-28
8.632710141121368424e-29
4.297809425082442613e-28
1.624283400996162707e-24
1.462832581453351325e-29
1.229626385621226853e-26
8.387673757843702179e-29
4.363103318914918729e-28
4.030002321019098149e-27
3.889457740401723580e-27
6.591675764040625684e-28
3.697953288856372700e-28
4.196094688855104969e-26
9.249977530927536131e-29
3.505693003458262201e-28
1.569718146460674441e-28
4.514604547130138030e-27
1.723233845155198918e-26
9.056458589958781990e-29
1.965200976939611511e-29
7.649255591697352300e-29
6.407493753186955073e-29
9.997814674906322526e-29
2.521679216045296867e-28
8.977074762913827692e-29
1.598844328583036986e-28
1.435283654922746319e-29
6.142688278168588914e-29
3.162556221403539328e-28
2.327708951235021584e-27
5.121387890751557524e-27
3.639412527400403577e-29
1.436120615197797623e-28
1.030579091072822774e-29
1.443243047720881226e-28
6.066277581666652462e-27
2.659215222614449194e-27
6.587768094554954109e-29
6.157759753237064234e-29
8.115383649120016040e-29
8.903019961383269896e-29
3.889191764304316987e-28
3.188000215308512930e-29
3.245518030547429827e-28
1.872915260005648921e-26
2.175154569380234625e-29
1.144544190704728860e-28
3.467908537094676417e-29
3.274041915054431743e-29
6.967333620125389298e-28
7.967904782288630870e-29
3.559700285961960981e-29
5.088068484934721827e-28
1.731214538483911810e-28
3.662339339969354418e-27
1.250337333345197243e-29
3.518041893549256343e-27
3.861206094187825028e-27
7.777708781926053543e-29
1.551113740191437443e-29
3.524757352337304826e-29
9.949688740897505631e-29
5.421585340039269272e-29
5.079277305286555964e-29
9.707018667154732955e-28
4.560328149255578045e-29
9.226318166470346848e-29
1.496938667979394397e-29
2.374267306027835941e-28
1.558412805371012028e-28
8.300220441065280044e-29
5.259387946301518567e-29
2.866960016181236500e-29
3.894709065906926302e-29
