5.430271135198664785e-28
1.645968347900200564e-28
2.152690815457411893e-28
8.816850937311897619e-29
6.168514567986809671e-30
3.524757352337304826e-29
8.632710141121368424e-29
3.222363704105679691e-28
1.229626385621226853e-26
3.518041893549256343e-27
2.107340339807629708e-28
4.514604547130138030e-27
1.304834137346312225e-28
4.714668106083188162e-29
8.903019961383269896e-29
2.659215222614449194e-27
1.015174091721237002e-29
6.157759753237064234e-29
5.458916297040984320e-29
1.872915260005648921e-26
2.198057108747417519e-29
1.476901027000725762e-29
7.672656655867877641e-29
8.289303119135304060e-29
5.796829568096700160e-27
3.697953288856372700e-28
5.080058481066060760e-29
9.611684556596804301e-30
1.435283654922746319e-29
5.527311650305406782e-29
6.986649898956892108e-30
1.750605017280449097e-29
2.166551200581601481e-29
2.140118052901461279e-29
1.723233845155198918e-26
2.228166209136685189e-29
1.972834065240026395e-29
8.554102302662241303e-29
2.327708951235021584e-27
1.219925210124559195e-29
1.265263240224481760e-28
4.030002321019098149e-27
5.981219211082113978e-29
1.436120615197797623e-28
1.652585625629646664e-29
6.066277581666652462e-27
3.245518030547429827e-28
3.188000215308512930e-29
6.142688278168588914e-29
2.088996403933075652e-29
3.074250977117345758e-29
1.871814057399548256e-28
1.658736283817753990e-29
5.121387890751557524e-27
9.226318166470346848e-29
2.998732832252905909e-27
1.144544190704728860e-28
3.638327788607664427e-29
1.698071943528489470e-28
7.777708781926053543e-29
8.005870896600859617e-29
1.395949601571698198e-28
1.651817457859643009e-29
8.300220441065280044e-29
3.467908537094676417e-29
1.462832581453351325e-29
6.407493753186955073e-29
1.280021554952347637e-29
1.731214538483911810e-28
1.624283400996162707e-24
6.950710311052953194e-28
3.662339339969354418e-27
1.349959379674388238e-27
5.700131994022362375e-30
