1.054979750642850394e-27
2.232113279829744685e-28
2.061924713254897619e-28
3.518041893549256343e-27
2.521679216045296867e-28
1.872915260005648921e-26
5.643755875451307532e-28
5.796829568096700160e-27
9.949688740897505631e-29
1.229626385621226853e-26
2.226269768439672647e-27
9.226318166470346848e-29
4.326886862793340710e-27
4.196094688855104969e-26
4.030002321019098149e-27
1.569718146460674441e-28
3.889457740401723580e-27
6.407493753186955073e-29
2.070882637748494477e-28
1.652289811821373414e-27
9.148274095001532157e-29
5.121387890751557524e-27
6.227524966658500769e-28
8.368663553642933177e-27
1.912282822290447569e-29
1.508934082377438868e-26
3.162556221403539328e-28
9.249977530927536131e-29
2.327708951235021584e-27
1.723233845155198918e-26
2.659215222614449194e-27
9.281368126073576570e-28
4.363103318914918729e-28
8.921229830859542248e-29
2.912064015651114070e-29
1.395949601571698198e-28
7.777708781926053543e-29
6.034024463765540710e-29
3.601831442971258771e-29
4.824981729519752394e-29
1.436120615197797623e-28
3.505693003458262201e-28
5.079277305286555964e-29
6.066277581666652462e-27
8.632710141121368424e-29
5.088068484934721827e-28
6.687132583809277498e-29
3.317685363821051150e-28
3.861206094187825028e-27
3.245518030547429827e-28
3.188000215308512930e-29
4.514604547130138030e-27
1.349959379674388238e-27
3.889191764304316987e-28
1.731214538483911810e-28
1.871814057399548256e-28
8.340740425796049675e-28
8.300220441065280044e-29
1.747474332171113876e-28
8.289303119135304060e-29
7.326311933465023322e-29
3.467908537094676417e-29
1.624283400996162707e-24
4.980831995914840266e-26
3.887100729861579687e-27
3.664815466279737595e-29
3.524757352337304826e-29
6.967333620125389298e-28
1.333821618931003777e-28
9.707018667154732955e-28
3.662339339969354418e-27
8.314754603295152917e-26
2.410781895590187683e-27
8.903019961383269896e-29
9.702929860582819474e-28
3.050521645961571540e-29
1.791310804841644065e-28
2.885723083622290556e-28
4.522461945991811113e-28
4.760008084931063009e-29
2.374267306027835941e-28
2.166551200581601481e-29
7.653182614703150343e-28
2.613136928501060042e-29
5.544415357643491914e-29
1.350118972005512963e-27
8.428096903473901247e-27
2.540185425327150847e-27
3.343304121698791873e-29
2.251610720506689713e-29
2.947500980968612642e-28
