6.142688278168588914e-29
1.121415015037179173e-28
8.403617198119361753e-29
1.872915260005648921e-26
5.796829568096700160e-27
3.894709065906926302e-29
5.972556748939269294e-30
3.212563539523601504e-28
1.194917179235231281e-28
1.436120615197797623e-28
9.226318166470346848e-29
6.157759753237064234e-29
5.981219211082113978e-29
1.229626385621226853e-26
2.659215222614449194e-27
3.887100729861579687e-27
2.327708951235021584e-27
9.249977530927536131e-29
1.503760453920746259e-29
2.198057108747417519e-29
3.268284595079077974e-29
6.687132583809277498e-29
5.665131738817864189e-29
8.903019961383269896e-29
9.997814674906322526e-29
2.152690815457411893e-28
3.469760589725251016e-29
8.314754603295152917e-26
2.226269768439672647e-27
3.188000215308512930e-29
1.871814057399548256e-28
9.707018667154732955e-28
4.297809425082442613e-28
2.856590728841604845e-29
4.514604547130138030e-27
3.697953288856372700e-28
1.723233845155198918e-26
6.066277581666652462e-27
1.569718146460674441e-28
4.030002321019098149e-27
6.591675764040625684e-28
1.395949601571698198e-28
3.505693003458262201e-28
1.015533673537780553e-28
1.972834065240026395e-29
2.633536952177586122e-29
3.524757352337304826e-29
3.245518030547429827e-28
9.281368126073576570e-28
1.030579091072822774e-29
3.889191764304316987e-28
1.087763293100149399e-29
6.967333620125389298e-28
1.435283654922746319e-29
3.559700285961960981e-29
2.521679216045296867e-28
2.088996403933075652e-29
5.121387890751557524e-27
1.326801657482322178e-29
8.905625304689481620e-29
5.773756997193877541e-30
2.916188681130178899e-29
1.558412805371012028e-28
2.613136928501060042e-29
1.598844328583036986e-28
8.300220441065280044e-29
8.632710141121368424e-29
1.731214538483911810e-28
3.889457740401723580e-27
6.407493753186955073e-29
1.138144137786919231e-28
6.034024463765540710e-29
7.777708781926053543e-29
3.518041893549256343e-27
3.467908537094676417e-29
8.382335045017724750e-30
1.621056907144392579e-28
2.374267306027835941e-28
1.652289811821373414e-27
2.912064015651114070e-29
1.025130328968244087e-29
