4.897432298612994833e-29
1.121415015037179173e-28
3.559700285961960981e-29
2.979214183610277668e-28
1.144544190704728860e-28
1.390844354758740282e-29
5.088068484934721827e-28
4.061440632859392828e-28
1.010705480067868051e-29
3.222363704105679691e-28
2.152690815457411893e-28
5.773756997193877541e-30
1.182213102360570066e-28
1.524610137072901015e-29
2.789404690556076651e-29
1.283433807740707716e-29
1.084605297429117253e-28
9.611684556596804301e-30
1.287266968070661975e-27
4.902851636327444446e-30
6.157759753237064234e-29
4.030002321019098149e-27
4.514604547130138030e-27
2.556061081852457760e-29
1.872915260005648921e-26
9.997814674906322526e-29
5.700131994022362375e-30
7.672656655867877641e-29
3.144406424882661232e-29
3.697953288856372700e-28
4.172749265331797800e-29
1.965200976939611511e-29
1.436120615197797623e-28
1.476901027000725762e-29
6.986649898956892108e-30
4.800679551816679228e-30
8.300220441065280044e-29
2.327708951235021584e-27
1.723233845155198918e-26
3.188000215308512930e-29
2.633536952177586122e-29
2.228166209136685189e-29
2.458509557787380668e-29
5.981219211082113978e-29
1.675858653944203137e-29
8.632710141121368424e-29
2.072125461626124918e-29
6.066277581666652462e-27
2.088996403933075652e-29
5.121387890751557524e-27
3.889191764304316987e-28
3.518041893549256343e-27
1.462832581453351325e-29
3.268284595079077974e-29
1.039041543914842747e-28
5.665131738817864189e-29
5.699940788920499777e-30
8.443246583815872267e-29
1.122620428698224173e-29
2.492472005624223325e-30
3.860311787450257618e-30
5.258027135554884323e-30
2.107340339807629708e-28
2.014730211556099332e-29
1.731214538483911810e-28
1.395949601571698198e-28
7.678383865463684799e-29
1.015759323073559813e-28
1.435283654922746319e-29
4.731914816388665759e-30
7.359174308938817454e-29
1.652289811821373414e-27
1.558205750889956145e-29
2.328941630962328887e-30
