2.676365944417134105e-27
1.138144137786919231e-28
1.744271154593485756e-29
1.872915260005648921e-26
1.558205750889956145e-29
2.107340339807629708e-28
2.633536952177586122e-29
4.158520788253255174e-29
1.023456506260131043e-27
4.514604547130138030e-27
4.747067179095680765e-29
4.030002321019098149e-27
1.229626385621226853e-26
9.056458589958781990e-29
9.249977530927536131e-29
6.157759753237064234e-29
2.521679216045296867e-28
1.383843937688979930e-28
3.889457740401723580e-27
4.196094688855104969e-26
4.363103318914918729e-28
7.684969925888814557e-28
5.796829568096700160e-27
2.556061081852457760e-29
1.436120615197797623e-28
2.061924713254897619e-28
3.697953288856372700e-28
3.889191764304316987e-28
2.327708951235021584e-27
1.599846410230072370e-27
1.871814057399548256e-28
8.903019961383269896e-29
8.428096903473901247e-27
1.277811156585822798e-29
3.505693003458262201e-28
1.395949601571698198e-28
6.591675764040625684e-28
1.912282822290447569e-29
2.659215222614449194e-27
1.209017481730567312e-29
8.300220441065280044e-29
3.188000215308512930e-29
6.066277581666652462e-27
8.314754603295152917e-26
5.121387890751557524e-27
6.621727681314397217e-28
3.559700285961960981e-29
3.212563539523601504e-28
1.569718146460674441e-28
3.524757352337304826e-29
5.079277305286555964e-29
1.723233845155198918e-26
9.997814674906322526e-29
2.912064015651114070e-29
2.175154569380234625e-29
2.613136928501060042e-29
3.245518030547429827e-28
5.421585340039269272e-29
1.731214538483911810e-28
1.462832581453351325e-29
8.905625304689481620e-29
3.518041893549256343e-27
1.652289811821373414e-27
1.404063847274259704e-29
1.390844354758740282e-29
9.226318166470346848e-29
3.861206094187825028e-27
1.304834137346312225e-28
6.407493753186955073e-29
7.777708781926053543e-29
3.317685363821051150e-28
3.467908537094676417e-29
1.148999834201107718e-28
1.922478173154652695e-28
1.290602488066990310e-28
3.894709065906926302e-29
8.632710141121368424e-29
9.707018667154732955e-28
1.840820398902608371e-28
1.194917179235231281e-28
2.166551200581601481e-29
9.949688740897505631e-29
9.281368126073576570e-28
1.103563910954825235e-28
1.508934082377438868e-26
2.374267306027835941e-28
6.447542963120487804e-29
