5.981219211082113978e-29
6.986649898956892108e-30
6.258515975812962678e-30
2.675675759865888968e-29
6.843945739415178623e-28
6.158190336901567526e-30
3.075551879210133738e-29
6.819508266615287934e-29
6.066277581666652462e-27
7.085827075747740891e-30
1.965200976939611511e-29
2.979214183610277668e-28
1.015759323073559813e-28
4.910667970069468659e-29
4.030002321019098149e-27
1.001971299054906624e-29
2.327708951235021584e-27
2.633536952177586122e-29
2.520171050406161417e-29
1.972219383159385791e-29
1.462832581453351325e-29
1.675858653944203137e-29
1.298605705703856812e-29
9.604838846559061810e-30
3.554175480543419720e-30
1.084605297429117253e-28
1.311420950962368641e-29
4.442967026774970974e-29
4.172749265331797800e-29
1.134698078037826443e-29
4.714668106083188162e-29
4.927363637135373243e-29
1.452844853431845928e-28
6.142688278168588914e-29
3.222363704105679691e-28
2.840046851796237245e-29
2.641019976038232509e-29
2.492472005624223325e-30
1.216690476473804616e-29
3.679665508758392706e-30
4.061440632859392828e-28
9.611684556596804301e-30
5.258027135554884323e-30
1.728068937467029835e-29
2.228166209136685189e-29
5.699940788920499777e-30
3.808744829340634837e-30
2.770414388114558316e-30
3.697953288856372700e-28
1.808219992004134367e-29
7.678383865463684799e-29
5.773756997193877541e-30
1.476901027000725762e-29
2.286798693517714840e-30
5.121387890751557524e-27
3.188000215308512930e-29
8.443246583815872267e-29
2.488580869339831551e-29
5.972556748939269294e-30
8.903019961383269896e-29
1.333800140109192071e-29
