1.887529142144457818e-29
6.536795952581877643e-30
2.458028466648747410e-29
3.075551879210133738e-29
6.142688278168588914e-29
9.200472113541903560e-30
1.761801152450316149e-29
4.607139944792601586e-29
1.796203737086396342e-28
6.158190336901567526e-30
8.540742735752046516e-29
2.633536952177586122e-29
2.411182448459856697e-30
1.028200457322057262e-29
6.663026116830972823e-28
3.077756732333350814e-30
1.856394305532447200e-30
1.368862214248248954e-28
2.834814893571488722e-30
5.809147306078821852e-30
4.269296008246825245e-30
9.431743090908102705e-29
5.842718912455433735e-30
3.701932548440794212e-29
6.711478328337500340e-30
2.492472005624223325e-30
1.325407979779524030e-29
2.079208842882384898e-30
1.283433807740707716e-29
inf
6.986649898956892108e-30
inf
inf
5.121387890751557524e-27
9.321182602009234876e-30
1.110290090619990395e-29
3.329105318317629625e-30
1.640319146753283305e-29
inf
4.998984753631282325e-30
1.436120615197797623e-28
6.511226462696802414e-29
5.972556748939269294e-30
5.197298212798678656e-30
1.216690476473804616e-29
5.981219211082113978e-29
1.327687286720040491e-29
inf
1.520873751066632201e-29
1.728068937467029835e-29
2.488580869339831551e-29
9.939991840978197176e-29
inf
