1.441579844799117366e-29
1.257076119005553167e-29
1.423400895115885066e-28
3.966707707560731160e-30
2.452579475807342406e-30
8.444699376876418892e-30
6.205053003626903409e-30
7.798707746674523266e-29
4.668625240608767354e-30
7.156409379821409678e-31
2.003709154902403740e-30
4.515942711200916919e-29
2.224063455202247353e-30
5.191318046230115557e-30
4.895059916310579036e-30
2.726677428069633710e-29
1.759468657362580703e-29
7.556794887552122228e-30
1.178071790506865279e-29
1.283433807740707716e-29
