5.665131738817864189e-29
3.050521645961571540e-29
3.212563539523601504e-28
6.157759753237064234e-29
4.514604547130138030e-27
5.430271135198664785e-28
3.697953288856372700e-28
1.229626385621226853e-26
1.762407127033455153e-29
7.672656655867877641e-29
4.030002321019098149e-27
3.757798127471988990e-29
5.796829568096700160e-27
2.152690815457411893e-28
1.652289811821373414e-27
1.651817457859643009e-29
1.871814057399548256e-28
8.123644926488993554e-28
8.069498573550916786e-28
3.889457740401723580e-27
1.443243047720881226e-28
9.611684556596804301e-30
6.407493753186955073e-29
1.435283654922746319e-29
3.889191764304316987e-28
1.622926503256146655e-29
8.115383649120016040e-29
4.997067737606596357e-29
6.986649898956892108e-30
1.872960141115402201e-27
2.228166209136685189e-29
2.659215222614449194e-27
1.436120615197797623e-28
2.327708951235021584e-27
8.632710141121368424e-29
3.524757352337304826e-29
2.633536952177586122e-29
2.175154569380234625e-29
5.527311650305406782e-29
5.121387890751557524e-27
1.723233845155198918e-26
6.142688278168588914e-29
3.505693003458262201e-28
2.088996403933075652e-29
1.395949601571698198e-28
1.390844354758740282e-29
6.066277581666652462e-27
3.188000215308512930e-29
3.559700285961960981e-29
1.462832581453351325e-29
1.558491595218589612e-29
2.107340339807629708e-28
4.363103318914918729e-28
1.731214538483911810e-28
3.861206094187825028e-27
3.245518030547429827e-28
7.967904782288630870e-29
3.074250977117345758e-29
9.056458589958781990e-29
1.872915260005648921e-26
1.144544190704728860e-28
5.088068484934721827e-28
9.707018667154732955e-28
3.467908537094676417e-29
2.613136928501060042e-29
3.664815466279737595e-29
8.905625304689481620e-29
1.475639678224237807e-28
9.997814674906322526e-29
1.121415015037179173e-28
3.070066052289555508e-28
3.638327788607664427e-29
7.777708781926053543e-29
1.698071943528489470e-28
8.300220441065280044e-29
9.226318166470346848e-29
8.903019961383269896e-29
2.283722299959299340e-29
