3.951960871500500793e-28
1.645968347900200564e-28
6.986649898956892108e-30
6.158190336901567526e-30
2.556061081852457760e-29
1.762407127033455153e-29
4.061440632859392828e-28
2.375799189919511102e-29
2.633536952177586122e-29
9.431743090908102705e-29
3.554175480543419720e-30
1.024760385743820338e-29
3.222363704105679691e-28
1.750605017280449097e-29
2.521679216045296867e-28
2.012918159678271903e-30
5.699940788920499777e-30
8.816850937311897619e-29
1.405782288479269583e-29
0.000000000000000000e+00
2.917933088552127996e-30
3.697953288856372700e-28
2.152690815457411893e-28
4.844031145056674822e-30
3.852385506220315111e-30
4.714668106083188162e-29
1.134698078037826443e-29
1.535601839311780445e-29
2.143931458367617667e-29
0.000000000000000000e+00
2.411182448459856697e-30
1.327687286720040491e-29
3.679665508758392706e-30
2.594813440556790063e-29
1.021582204909551150e-28
0.000000000000000000e+00
9.883688973218678085e-30
0.000000000000000000e+00
5.972556748939269294e-30
1.464719390280381742e-29
9.007055837567407979e-30
6.066277581666652462e-27
4.755913658751960875e-30
0.000000000000000000e+00
5.121387890751557524e-27
6.215343303812214384e-29
0.000000000000000000e+00
3.188000215308512930e-29
3.623693946332212007e-29
1.436120615197797623e-28
1.435283654922746319e-29
2.983292870495957978e-29
1.232394415252460598e-29
1.675858653944203137e-29
2.327708951235021584e-27
2.634713476567439415e-29
0.000000000000000000e+00
4.030002321019098149e-27
1.972834065240026395e-29
1.091478122068427654e-29
2.107340339807629708e-28
1.462832581453351325e-29
1.164878506061312046e-28
1.015759323073559813e-28
2.492472005624223325e-30
5.981219211082113978e-29
2.485560224204958952e-30
0.000000000000000000e+00
1.144544190704728860e-28
