3.086295833637649323e-29
6.536795952581877643e-30
1.675500944526697860e-29
8.845972591008775120e-30
9.431743090908102705e-29
2.072125461626124918e-29
1.718464886990924525e-28
9.952674222643256017e-30
2.384411102860943790e-29
2.633536952177586122e-29
4.669709665204806175e-30
8.088617797701403003e-30
3.278661724281741252e-29
2.834814893571488722e-30
5.842718912455433735e-30
3.061722083160451902e-30
6.581141596980435307e-29
5.908518591106181252e-30
9.941770124419148926e-30
1.551820714303327515e-30
1.283433807740707716e-29
1.675490969662669060e-28
2.228166209136685189e-29
5.010828342503821137e-29
8.919593887021944163e-30
2.826647523757834355e-30
5.110482914181345959e-30
0.000000000000000000e+00
1.296071065374784453e-29
1.887529142144457818e-29
2.079208842882384898e-30
2.770952994283578658e-28
4.534456514077934847e-29
1.856394305532447200e-30
0.000000000000000000e+00
4.955072884771130066e-30
6.066277581666652462e-27
2.485560224204958952e-30
2.488580869339831551e-29
2.054712201641208272e-30
8.668154257429689963e-30
2.435480539437647973e-29
2.152690815457411893e-28
