1.445357051364532168e-28
1.968285622201271646e-29
6.083489169498121500e-30
1.284801956560811004e-29
2.658513258391204879e-30
8.444699376876418892e-30
4.469903782921117001e-30
7.318264911971602595e-29
1.277133412264904786e-29
2.344463570345952240e-29
2.224063455202247353e-30
8.760398960448782279e-30
3.306209368548433307e-30
1.761801152450316149e-29
8.279345760136221998e-29
1.283433807740707716e-29
6.300819764195965523e-30
1.099012304302104841e-29
2.834814893571488722e-30
2.726677428069633710e-29
4.895059916310579036e-30
2.208706116183578031e-30
1.998580277497504971e-30
