7.672656655867877641e-29
6.407493753186955073e-29
1.731214538483911810e-28
2.152690815457411893e-28
3.889191764304316987e-28
6.157759753237064234e-29
1.103563910954825235e-28
2.166551200581601481e-29
1.395949601571698198e-28
1.658736283817753990e-29
5.796829568096700160e-27
3.664815466279737595e-29
2.327708951235021584e-27
2.633536952177586122e-29
9.707018667154732955e-28
8.751508795547516704e-28
4.030002321019098149e-27
1.229626385621226853e-26
8.310587669048843498e-28
1.407998843019997193e-28
3.315785508073531821e-29
4.158520788253255174e-29
4.514604547130138030e-27
2.368426950281201220e-29
3.188000215308512930e-29
2.374267306027835941e-28
1.675858653944203137e-29
1.435283654922746319e-29
6.142688278168588914e-29
2.140118052901461279e-29
5.972556748939269294e-30
3.467908537094676417e-29
1.443243047720881226e-28
1.872915260005648921e-26
9.555744496431922590e-29
6.066277581666652462e-27
1.144544190704728860e-28
1.871814057399548256e-28
1.723233845155198918e-26
4.196094688855104969e-26
3.505693003458262201e-28
2.856590728841604845e-29
1.436120615197797623e-28
2.659215222614449194e-27
4.712582172682969208e-29
1.634618825320293381e-29
2.185031929836527048e-27
3.048674498349452096e-29
3.559700285961960981e-29
2.088996403933075652e-29
9.148274095001532157e-29
8.903019961383269896e-29
4.985940229721627652e-28
5.088068484934721827e-28
3.524757352337304826e-29
8.632710141121368424e-29
8.300220441065280044e-29
5.121387890751557524e-27
3.638327788607664427e-29
2.257082775411403862e-29
1.652289811821373414e-27
5.430271135198664785e-28
1.569718146460674441e-28
3.889457740401723580e-27
2.866960016181236500e-29
4.096676461465902117e-28
1.059972356030268390e-29
3.518041893549256343e-27
2.465286535587034889e-29
2.107340339807629708e-28
3.861906375919656302e-29
3.074250977117345758e-29
1.435168558637494700e-28
8.115383649120016040e-29
3.792219318974199540e-28
1.277811156585822798e-29
1.453283314003304736e-28
7.667405068264915877e-30
1.598844328583036986e-28
1.321418364389001968e-29
1.290602488066990310e-28
3.861206094187825028e-27
6.034024463765540710e-29
