2.375799189919511102e-29
9.228036166775870243e-29
4.927363637135373243e-29
3.075551879210133738e-29
2.556061081852457760e-29
1.015759323073559813e-28
2.770042656751283095e-30
8.779262047299318253e-29
2.633536952177586122e-29
2.397011844238327683e-28
2.880293983521945147e-28
8.343524726172893525e-30
2.520171050406161417e-29
3.058050130027835487e-29
9.431743090908102705e-29
4.910667970069468659e-29
2.641019976038232509e-29
1.031315793045563268e-29
6.158190336901567526e-30
4.030002321019098149e-27
1.325407979779524030e-29
6.986649898956892108e-30
4.844031145056674822e-30
1.283433807740707716e-29
1.172063433809450531e-29
7.085827075747740891e-30
1.551820714303327515e-30
4.881481911360425595e-29
7.132440096092130474e-29
2.072178974741518992e-30
1.433599222105624161e-30
6.711478328337500340e-30
1.464719390280381742e-29
1.181106211686626850e-29
1.590546089471294287e-30
2.079208842882384898e-30
2.916566482407110225e-29
5.972556748939269294e-30
1.872915260005648921e-26
9.169971432813834291e-30
1.232394415252460598e-29
1.695174644743895448e-29
1.182213102360570066e-28
2.411182448459856697e-30
6.066277581666652462e-27
3.188000215308512930e-29
6.167956186524547825e-30
5.699940788920499777e-30
1.442630179410370888e-29
2.292204894573674284e-28
6.377940744321450065e-30
1.972219383159385791e-29
7.209413922864793818e-29
