1.229626385621226853e-26
2.540185425327150847e-27
3.889457740401723580e-27
5.796829568096700160e-27
1.747474332171113876e-28
3.381082374988551871e-27
8.921229830859542248e-29
8.165775425671999582e-28
1.624283400996162707e-24
6.407493753186955073e-29
1.508934082377438868e-26
2.885723083622290556e-28
1.350118972005512963e-27
2.659215222614449194e-27
2.327708951235021584e-27
1.054979750642850394e-27
3.487609470115682172e-28
8.632710141121368424e-29
2.070882637748494477e-28
1.569718146460674441e-28
3.082364443642007756e-28
1.436120615197797623e-28
1.871814057399548256e-28
2.410781895590187683e-27
3.662339339969354418e-27
6.447542963120487804e-29
6.066277581666652462e-27
1.349959379674388238e-27
1.872915260005648921e-26
1.725045130422482447e-27
1.178052424129534782e-27
1.652289811821373414e-27
1.723233845155198918e-26
5.544415357643491914e-29
4.514604547130138030e-27
3.245518030547429827e-28
1.636473526434518714e-28
5.121387890751557524e-27
4.030002321019098149e-27
1.599846410230072370e-27
7.597014656250156947e-28
2.765934908479080993e-27
4.326886862793340710e-27
3.889191764304316987e-28
1.435168558637494700e-28
1.395949601571698198e-28
3.467908537094676417e-29
3.505693003458262201e-28
5.185896355036073687e-28
2.947500980968612642e-28
3.518041893549256343e-27
6.034024463765540710e-29
7.777708781926053543e-29
8.300220441065280044e-29
9.226318166470346848e-29
4.363103318914918729e-28
1.735969860191102445e-28
2.107340339807629708e-28
5.088068484934721827e-28
9.281368126073576570e-28
8.368663553642933177e-27
1.194917179235231281e-28
4.196094688855104969e-26
3.454395459817370083e-28
2.355055014174400474e-28
2.374267306027835941e-28
9.707018667154732955e-28
1.922478173154652695e-28
4.617358887972905735e-29
1.791310804841644065e-28
4.577847778309194959e-28
9.949688740897505631e-29
3.887100729861579687e-27
1.167853936691971959e-27
5.351184928923267878e-28
3.861206094187825028e-27
4.522461945991811113e-28
8.314754603295152917e-26
1.839122129898839143e-28
1.090378181536601372e-26
6.227524966658500769e-28
8.408699438573619879e-29
8.428096903473901247e-27
5.874648668016696267e-28
5.298825526874404475e-29
4.598225728281827393e-28
4.980831995914840266e-26
6.143949377779658459e-27
7.481837828632143170e-29
