inf
6.986649898956892108e-30
1.164878506061312046e-28
1.435283654922746319e-29
6.215343303812214384e-29
5.257415745484613897e-28
2.250832665521271972e-28
inf
5.972556748939269294e-30
1.024760385743820338e-29
7.105000703752289794e-29
1.395949601571698198e-28
6.250349827703547745e-29
6.687849762261612526e-29
8.115383649120016040e-29
1.728068937467029835e-29
2.520171050406161417e-29
2.659215222614449194e-27
7.034824514066934727e-30
3.077756732333350814e-30
9.979464846654876345e-30
2.286798693517714840e-30
4.910667970069468659e-29
2.594813440556790063e-29
1.972219383159385791e-29
4.714668106083188162e-29
1.015174091721237002e-29
1.029597238743757769e-29
1.723233845155198918e-26
1.209017481730567312e-29
1.726587805193742278e-29
1.464719390280381742e-29
1.436120615197797623e-28
1.325407979779524030e-29
2.770414388114558316e-30
1.965200976939611511e-29
3.222363704105679691e-28
1.015759323073559813e-28
inf
inf
6.158190336901567526e-30
inf
3.075551879210133738e-29
6.066277581666652462e-27
2.633536952177586122e-29
4.442967026774970974e-29
inf
inf
inf
6.536795952581877643e-30
5.981219211082113978e-29
2.327708951235021584e-27
4.061440632859392828e-28
1.232394415252460598e-29
inf
6.142688278168588914e-29
2.315500463440331889e-30
3.188000215308512930e-29
6.377940744321450065e-30
3.802640205529465066e-28
4.897432298612994833e-29
6.687132583809277498e-29
8.289303119135304060e-29
5.121387890751557524e-27
inf
3.245518030547429827e-28
inf
1.622926503256146655e-29
inf
5.258027135554884323e-30
inf
9.226318166470346848e-29
1.443243047720881226e-28
4.030002321019098149e-27
1.107386975801637956e-29
2.166551200581601481e-29
inf
inf
8.300220441065280044e-29
inf
