1.464719390280381742e-29
1.405782288479269583e-29
8.089644401170306465e-29
1.053309431694037939e-30
6.536795952581877643e-30
1.177455975581305701e-29
4.431630440183522330e-29
5.498248264680421924e-30
2.295989509649056149e-29
2.633536952177586122e-29
2.520171050406161417e-29
3.222363704105679691e-28
2.286798693517714840e-30
2.101487895984840629e-30
2.834814893571488722e-30
8.444699376876418892e-30
2.476328774019900025e-28
7.973982445658209060e-30
1.283433807740707716e-29
1.028200457322057262e-29
1.493423998754630021e-29
3.188000215308512930e-29
1.039827988958502206e-29
2.641019976038232509e-29
2.979214183610277668e-28
6.986649898956892108e-30
7.456919495214490632e-29
7.653203662836316748e-30
1.029597238743757769e-29
2.504912770943348688e-30
2.079208842882384898e-30
5.458916297040984320e-29
1.796203737086396342e-28
4.844031145056674822e-30
1.324482604797270758e-29
1.520873751066632201e-29
0.000000000000000000e+00
2.770414388114558316e-30
2.826647523757834355e-30
0.000000000000000000e+00
2.411182448459856697e-30
2.492472005624223325e-30
2.594813440556790063e-29
2.014730211556099332e-29
2.099392434002714791e-28
5.121387890751557524e-27
0.000000000000000000e+00
1.524610137072901015e-29
6.834648864020860158e-29
7.034824514066934727e-30
2.147630324768473580e-29
7.559386137937451617e-29
4.514604547130138030e-27
0.000000000000000000e+00
