1.659500368131240136e-28
3.761471262982085239e-30
2.594813440556790063e-29
2.726677428069633710e-29
2.353120640842084285e-30
5.231109559206856659e-30
9.662628407765158956e-30
5.110482914181345959e-30
8.444699376876418892e-30
2.224063455202247353e-30
1.698561267736989194e-29
8.627597121021578757e-29
2.391059624255346375e-30
9.725341080554065011e-30
1.218164314997876427e-30
3.627874516244508832e-29
2.063105258646376187e-30
2.001269941946927394e-29
6.651593082798655623e-30
3.564410124907352838e-29
5.394105552683806957e-30
2.834814893571488722e-30
1.254261708242302103e-30
1.761801152450316149e-29
4.895059916310579036e-30
2.384411102860943790e-29
3.222363704105679691e-28
1.283433807740707716e-29
8.088617797701403003e-30
1.324482604797270758e-29
