7.396381183663157200e-28
6.911449087352515168e-28
1.211094637837402314e-26
3.479259411943926218e-27
3.889457740401723580e-27
3.454395459817370083e-28
3.583965207699083506e-27
1.652289811821373414e-27
5.796829568096700160e-27
1.229626385621226853e-26
1.019363759301035006e-25
4.030002321019098149e-27
4.514604547130138030e-27
4.196094688855104969e-26
2.374267306027835941e-28
8.368663553642933177e-27
1.090378181536601372e-26
8.775305706598611383e-28
2.327708951235021584e-27
3.662339339969354418e-27
5.121387890751557524e-27
3.505693003458262201e-28
4.522461945991811113e-28
8.428096903473901247e-27
7.331916140224857594e-27
2.635325622003240972e-27
1.624283400996162707e-24
6.066277581666652462e-27
1.723233845155198918e-26
2.659215222614449194e-27
1.787495008065200252e-27
9.281368126073576570e-28
2.765934908479080993e-27
7.274504882428393879e-28
3.889191764304316987e-28
2.786772018633781723e-28
3.518041893549256343e-27
7.775748433158480139e-27
1.872915260005648921e-26
3.861206094187825028e-27
2.402732072400340725e-27
4.980831995914840266e-26
1.172079415884773535e-26
3.887100729861579687e-27
4.363103318914918729e-28
9.707018667154732955e-28
1.349959379674388238e-27
5.387760381548062458e-27
4.326886862793340710e-27
3.487609470115682172e-28
2.540185425327150847e-27
9.481931473619653333e-28
9.702929860582819474e-28
6.155514468766186455e-27
2.410781895590187683e-27
1.182355900232195577e-27
8.314754603295152917e-26
3.381082374988551871e-27
2.885723083622290556e-28
6.227524966658500769e-28
4.706657481669125280e-28
1.508934082377438868e-26
3.967786029098941186e-28
4.402332799417825999e-28
1.222788517984727665e-27
1.350118972005512963e-27
1.096018240217445641e-27
3.560467934249737502e-27
5.468085810639432746e-28
9.876467414273046116e-27
1.146445527625805461e-27
6.105397579604128651e-28
2.975155099979488311e-28
1.226139575809781510e-27
4.143417159121688063e-28
8.362568928955848043e-27
