6.157759753237064234e-29
3.245518030547429827e-28
5.421585340039269272e-29
3.697953288856372700e-28
1.598844328583036986e-28
6.066277581666652462e-27
1.522437018537341410e-29
2.152690815457411893e-28
1.645968347900200564e-28
4.030002321019098149e-27
3.467908537094676417e-29
2.789404690556076651e-29
4.514604547130138030e-27
1.229626385621226853e-26
2.633536952177586122e-29
1.599846410230072370e-27
1.651817457859643009e-29
9.707018667154732955e-28
2.198057108747417519e-29
1.872915260005648921e-26
4.297809425082442613e-28
1.731214538483911810e-28
3.887100729861579687e-27
3.095153590999964748e-28
8.903019961383269896e-29
1.436120615197797623e-28
3.601831442971258771e-29
1.435283654922746319e-29
5.796829568096700160e-27
8.048463531318316991e-30
1.791310804841644065e-28
1.965200976939611511e-29
5.430271135198664785e-28
7.777708781926053543e-29
1.723233845155198918e-26
2.613136928501060042e-29
3.861906375919656302e-29
5.121387890751557524e-27
2.327708951235021584e-27
2.659215222614449194e-27
8.632710141121368424e-29
3.889191764304316987e-28
6.473438089963153793e-29
8.905625304689481620e-29
1.569718146460674441e-28
6.034024463765540710e-29
1.404063847274259704e-29
2.166551200581601481e-29
3.188000215308512930e-29
6.687132583809277498e-29
3.469760589725251016e-29
1.872960141115402201e-27
3.343304121698791873e-29
3.074250977117345758e-29
9.281368126073576570e-28
3.889457740401723580e-27
1.395949601571698198e-28
3.212563539523601504e-28
3.518041893549256343e-27
2.088996403933075652e-29
5.981219211082113978e-29
2.246522233514566602e-29
6.173690254119222329e-29
8.300220441065280044e-29
1.037498980338090316e-28
3.524757352337304826e-29
6.111053743129402732e-28
9.997814674906322526e-29
7.359174308938817454e-29
1.702652652644454888e-29
1.059972356030268390e-29
9.226318166470346848e-29
6.407493753186955073e-29
1.922478173154652695e-28
1.103563910954825235e-28
4.363103318914918729e-28
1.565483681433059992e-29
3.505693003458262201e-28
4.326886862793340710e-27
1.277811156585822798e-29
3.054093458172947703e-29
