2.198057108747417519e-29
1.872960141115402201e-27
5.796829568096700160e-27
2.088996403933075652e-29
4.514604547130138030e-27
7.863398487411714195e-29
4.061440632859392828e-28
2.107340339807629708e-28
5.972556748939269294e-30
3.889457740401723580e-27
1.059972356030268390e-29
1.229626385621226853e-26
5.981219211082113978e-29
7.777708781926053543e-29
6.986649898956892108e-30
2.659215222614449194e-27
7.359174308938817454e-29
7.672656655867877641e-29
1.209017481730567312e-29
1.565483681433059992e-29
3.889191764304316987e-28
3.188000215308512930e-29
4.522461945991811113e-28
1.462832581453351325e-29
5.121387890751557524e-27
1.723233845155198918e-26
2.228166209136685189e-29
1.435283654922746319e-29
4.442967026774970974e-29
1.436120615197797623e-28
8.300220441065280044e-29
2.866144408596010001e-29
1.652585625629646664e-29
1.015759323073559813e-28
3.697953288856372700e-28
6.142688278168588914e-29
2.613136928501060042e-29
2.633536952177586122e-29
1.377134971177514743e-28
5.430271135198664785e-28
6.066277581666652462e-27
2.327708951235021584e-27
4.006490421894193890e-29
5.088068484934721827e-28
8.115383649120016040e-29
1.395949601571698198e-28
8.632710141121368424e-29
2.166551200581601481e-29
4.030002321019098149e-27
1.965200976939611511e-29
5.347104972402935096e-29
3.467908537094676417e-29
2.152690815457411893e-28
3.212563539523601504e-28
3.245518030547429827e-28
2.072125461626124918e-29
1.443243047720881226e-28
1.872915260005648921e-26
6.157759753237064234e-29
1.675858653944203137e-29
1.731214538483911810e-28
1.144544190704728860e-28
9.611684556596804301e-30
1.219925210124559195e-29
3.518041893549256343e-27
2.789404690556076651e-29
1.121415015037179173e-28
4.196094688855104969e-26
4.179693624137859980e-28
4.326886862793340710e-27
2.283722299959299340e-29
3.505693003458262201e-28
1.349959379674388238e-27
9.707018667154732955e-28
