1.685317320939221855e-28
1.146445527625805461e-27
1.872915260005648921e-26
1.054979750642850394e-27
8.300220441065280044e-29
1.296965853960095092e-27
1.229626385621226853e-26
2.659215222614449194e-27
1.624283400996162707e-24
9.707018667154732955e-28
9.702929860582819474e-28
2.885723083622290556e-28
8.314754603295152917e-26
2.402732072400340725e-27
5.796829568096700160e-27
5.088068484934721827e-28
1.871814057399548256e-28
1.508934082377438868e-26
1.636473526434518714e-28
1.652289811821373414e-27
4.522461945991811113e-28
8.977074762913827692e-29
1.373288293379736612e-28
5.121387890751557524e-27
1.569718146460674441e-28
2.616991233097453728e-27
1.395949601571698198e-28
2.327708951235021584e-27
1.723233845155198918e-26
6.066277581666652462e-27
3.926260719330653428e-28
4.030002321019098149e-27
8.310587669048843498e-28
8.903019961383269896e-29
4.514604547130138030e-27
7.777708781926053543e-29
3.889191764304316987e-28
4.196094688855104969e-26
8.921229830859542248e-29
4.700079239132383238e-28
3.561426644929177878e-28
3.454395459817370083e-28
4.725257980718148590e-28
1.019363759301035006e-25
3.505693003458262201e-28
3.889457740401723580e-27
3.518041893549256343e-27
9.226318166470346848e-29
6.447542963120487804e-29
1.182355900232195577e-27
4.363103318914918729e-28
4.997067737606596357e-29
8.632710141121368424e-29
3.095153590999964748e-28
3.381082374988551871e-27
2.107340339807629708e-28
4.326886862793340710e-27
2.635325622003240972e-27
6.034024463765540710e-29
8.368663553642933177e-27
2.410781895590187683e-27
5.874648668016696267e-28
1.791310804841644065e-28
3.059994476789604550e-27
1.349959379674388238e-27
3.861206094187825028e-27
9.281368126073576570e-28
8.069498573550916786e-28
1.195057472417537634e-28
2.374267306027835941e-28
1.194917179235231281e-28
2.540185425327150847e-27
6.227524966658500769e-28
3.082364443642007756e-28
1.475639678224237807e-28
3.479259411943926218e-27
7.481837828632143170e-29
1.306935349956263011e-27
2.971649301493135876e-28
8.428096903473901247e-27
1.363352455874812047e-27
5.173998717307396615e-27
3.887100729861579687e-27
1.350118972005512963e-27
1.518677167815066291e-28
4.420531853794438547e-28
3.924804619346545293e-28
1.211094637837402314e-26
4.143417159121688063e-28
