1.912282822290447569e-29
4.363103318914918729e-28
1.231811539175318696e-28
1.229626385621226853e-26
4.442967026774970974e-29
3.697953288856372700e-28
1.718332699072635286e-29
1.326801657482322178e-29
1.652289811821373414e-27
8.115383649120016040e-29
7.672656655867877641e-29
2.152690815457411893e-28
1.015174091721237002e-29
5.796829568096700160e-27
9.707018667154732955e-28
2.910204811726275300e-28
2.327708951235021584e-27
3.524581363803533269e-28
6.168514567986809671e-30
2.228166209136685189e-29
1.872915260005648921e-26
5.647601253278733689e-29
2.659215222614449194e-27
5.773756997193877541e-30
8.903019961383269896e-29
1.651817457859643009e-29
4.514604547130138030e-27
1.731214538483911810e-28
3.889191764304316987e-28
6.986649898956892108e-30
1.791310804841644065e-28
3.664815466279737595e-29
5.527311650305406782e-29
1.436120615197797623e-28
5.949979169859128708e-30
5.121387890751557524e-27
4.902851636327444446e-30
4.061440632859392828e-28
5.981219211082113978e-29
2.154861530075189367e-29
5.258027135554884323e-30
8.632710141121368424e-29
7.777708781926053543e-29
1.443243047720881226e-28
4.747067179095680765e-29
4.030002321019098149e-27
1.723233845155198918e-26
6.157759753237064234e-29
8.905625304689481620e-29
3.245518030547429827e-28
1.164878506061312046e-28
2.887480484123184054e-27
2.169956274327970205e-29
6.687132583809277498e-29
9.555744496431922590e-29
3.188000215308512930e-29
9.226318166470346848e-29
6.066277581666652462e-27
1.395949601571698198e-28
3.514764359128804961e-28
1.030579091072822774e-29
6.289210910139742593e-29
4.326886862793340710e-27
1.871814057399548256e-28
2.166551200581601481e-29
3.467908537094676417e-29
3.889457740401723580e-27
9.281368126073576570e-28
3.518041893549256343e-27
5.836400964610390885e-30
6.034024463765540710e-29
6.407493753186955073e-29
8.289303119135304060e-29
5.700131994022362375e-30
1.110143471266456563e-29
1.461390072053419890e-29
8.300220441065280044e-29
1.624283400996162707e-24
2.221650116090399639e-29
4.560328149255578045e-29
1.702652652644454888e-29
