7.561968934440314450e-29
5.458916297040984320e-29
inf
1.015759323073559813e-28
1.530988685226488220e-29
2.979214183610277668e-28
5.670625614241949544e-30
4.910667970069468659e-29
2.633536952177586122e-29
6.066277581666652462e-27
2.641019976038232509e-29
5.631082587306722936e-29
3.222363704105679691e-28
7.973982445658209060e-30
6.188280767450803238e-29
1.029597238743757769e-29
4.030002321019098149e-27
1.535601839311780445e-29
4.714668106083188162e-29
1.390844354758740282e-29
1.084605297429117253e-28
3.077756732333350814e-30
1.965200976939611511e-29
inf
5.727970129561633068e-28
2.826647523757834355e-30
2.594813440556790063e-29
2.375799189919511102e-29
inf
1.977311254306822296e-29
6.536795952581877643e-30
3.697953288856372700e-28
4.061440632859392828e-28
6.407493753186955073e-29
6.142688278168588914e-29
6.377940744321450065e-30
9.169971432813834291e-30
6.986649898956892108e-30
inf
2.315500463440331889e-30
6.215343303812214384e-29
8.898536182018070102e-30
1.750605017280449097e-29
2.255396079731303466e-29
6.415728626987405198e-30
2.327708951235021584e-27
inf
2.012918159678271903e-30
inf
5.699940788920499777e-30
7.678383865463684799e-29
2.228166209136685189e-29
2.770414388114558316e-30
4.514604547130138030e-27
1.923392788452750678e-29
inf
8.443246583815872267e-29
2.198057108747417519e-29
inf
3.679665508758392706e-30
5.981219211082113978e-29
3.188000215308512930e-29
5.258027135554884323e-30
1.295450340247395892e-27
4.196094688855104969e-26
inf
3.860311787450257618e-30
inf
6.283969329560233585e-30
inf
1.622926503256146655e-29
2.152690815457411893e-28
1.634618825320293381e-29
1.658736283817753990e-29
8.903019961383269896e-29
1.451765252563301798e-29
