2.013070741624582199e+35
1.315985120086469361e+36
1.034870520901913092e+35
2.773634296404382317e+37
8.562126798379223202e+36
4.901557680530527486e+35
4.470321022103732257e+35
5.607276458775471275e+34
1.445890914857256963e+36
1.817696832507513302e+35
1.421024005804226779e+37
6.496533881272914472e+35
3.968475876244130016e+36
3.413267404116616307e+35
3.821710316556250817e+34
1.466117710422296618e+36
5.593113236244059769e+35
6.791906972742606025e+35
4.833515188442992701e+36
1.439562093865337341e+35
8.214561092758927037e+35
2.112068660925077450e+35
7.233494201276477882e+35
1.443537036703450884e+35
1.212993215856387064e+36
2.953668663318864452e+35
1.129392471713977296e+35
5.003485063564171698e+35
7.854578112336066100e+36
1.227383274260904338e+35
6.588018057960636535e+35
2.426799945406682939e+35
5.630659609919151493e+34
3.121568112262479069e+35
4.522207231752256200e+35
1.336882576030733262e+36
3.483879916257119519e+36
3.525932797719353169e+36
2.276771595980645291e+35
2.360590928206285716e+35
6.221808670809515684e+36
4.353837638032434159e+35
9.458655940203820770e+34
3.287854747639856178e+35
1.015992237394551820e+36
5.375565559880101666e+35
1.049288880291963108e+35
4.725657094608207930e+34
2.846219958379370218e+35
9.821972332544817003e+35
5.173694407995034292e+36
3.020046643207098430e+36
8.059025832032684790e+35
2.869757307517891324e+35
1.080584010273355246e+35
4.239472440943014724e+36
1.515380111962370461e+35
1.145707663546066707e+37
1.427812322135505357e+35
1.041948812566499481e+35
1.947909464288001923e+35
6.657914803420548065e+35
7.358192871601131541e+35
6.989864291286382973e+35
1.187239996186345140e+35
3.502690933384903808e+35
1.979598973907290125e+36
1.194326657261921213e+36
3.502552672990986728e+35
1.802274895057767830e+35
3.453206364793250569e+35
9.968233397923506914e+34
1.533458143882914774e+36
3.145487103217570813e+35
8.321247381050041929e+35
2.435099158002024222e+36
8.024773107460768004e+34
3.886756898231195106e+35
2.410123759930981053e+35
9.634649527154102523e+34
5.098624220146439749e+35
6.146709714769968362e+34
3.751977139559787621e+35
3.159115353470037033e+35
1.053510167517793851e+35
5.160121540586571443e+35
4.531460190924792193e+35
2.409411924982148281e+35
1.371395313288969628e+36
1.422864401972448718e+36
2.496198377485685225e+36
8.593695263640524089e+34
9.242378634694235045e+34
2.167511622306691465e+36
3.491927897359992305e+35
1.510948719581742451e+35
1.108481655208019599e+36
2.184240002561963318e+35
6.743182570209748448e+35
3.628614291872304414e+36
4.252486767130081362e+35
5.737738627920747658e+35
3.070156377667087007e+36
6.125378987073915345e+35
6.516699376382933236e+36
7.176704700335834825e+35
5.291934586349532137e+34
2.370356027753873969e+35
1.302912330089958358e+36
1.380967670352171433e+35
7.270727168473028775e+34
3.655549293473451010e+35
4.251106346453393583e+35
4.017124662836340605e+35
1.702787414661820434e+35
1.237314686433373714e+36
6.674658716289094095e+35
8.049547259507074769e+34
2.457545644003180518e+35
4.930213771065505072e+35
4.323102546626307206e+34
2.779333960861247784e+35
2.276383095797721307e+35
4.749747082852886160e+35
1.927542203136243960e+35
5.276906449075429560e+35
1.788786598124006871e+35
1.550364311822087599e+35
1.061233878941080600e+35
1.758686615000233970e+35
8.671364518605863923e+34
7.522439978373274312e+34
9.022905514142463243e+35
8.068484696556702069e+35
1.126362218037311356e+35
2.135492490661727513e+36
1.035546797946004334e+35
9.030173914113217737e+35
6.945559495598267874e+35
2.803889206754146733e+35
6.411370318314267390e+35
2.080385682306655559e+35
7.855682416515048592e+34
3.844683232934013015e+35
6.870278367128200505e+34
4.114621220271631363e+34
1.743873829976222334e+36
7.039449292811803881e+35
2.918671205409954287e+36
6.073377580053194226e+35
5.938780323451548869e+34
1.007440046195709328e+35
7.408679403933298613e+35
1.588719998460122137e+36
6.185925946369355848e+35
2.865507790903820899e+35
4.817168727653704814e+35
1.266422421195759991e+36
1.187804859449493221e+35
8.245616323478284559e+34
9.047936268659453325e+34
4.953831668124846516e+34
6.436486320337984853e+35
1.007760642653550437e+37
7.044691682290787877e+35
6.528821243503420446e+34
7.512949915551499655e+34
6.958582367951403076e+34
5.205795854099419227e+35
2.028093197428949036e+35
5.111231345633871354e+36
1.312294846803729916e+35
1.224172784167454375e+36
5.724749502387409655e+35
3.747916453129970988e+35
8.444703478768877634e+34
1.255368057916744739e+35
3.084760831914133574e+35
4.441815344263497524e+35
5.245953405807841493e+35
9.204675645288970294e+34
7.989104623002526471e+36
4.127780416324500321e+35
1.745479785469807032e+34
1.188758320615843744e+35
4.761836323395165299e+36
2.508227172495155808e+35
3.936968233752444158e+35
5.871019947112087858e+34
2.244375496477792026e+36
1.105799849052238636e+35
1.796825787974602501e+35
4.829080046408279124e+35
3.792798762870399584e+35
1.483917054165479472e+35
1.463694191195541508e+35
1.448706197546294823e+35
7.990805862322542297e+34
4.354605680916594616e+35
6.427961985707422983e+34
8.634608507860878260e+34
4.062585499996215029e+35
9.812514458985121385e+35
7.807415648333494654e+34
1.143359835869851523e+35
2.643874870058260525e+35
2.233524002547400720e+35
3.253038846829477497e+35
9.847988132350705248e+34
6.168410342575889460e+34
8.326763064482382914e+34
6.236005677430546591e+35
3.395189863910971271e+35
2.229018053207962262e+35
1.748604981852281447e+35
1.573545250731658748e+35
4.633045097176797080e+35
4.815946700108766728e+34
1.847413706073730734e+35
1.388965012887617908e+35
3.402476721524025194e+35
1.508311807922782624e+35
1.686652293145838517e+35
1.417754045604065737e+35
1.940493086860595592e+35
2.330602559202038311e+35
1.971136814121756193e+35
3.280611030198153485e+35
3.295725340254965597e+35
1.629457248521763228e+35
1.325009048382880140e+37
7.622272380532796204e+35
8.390965472476142814e+35
5.356858887274842369e+34
2.677970475888950516e+36
2.079177248559192728e+35
4.211792053960706770e+35
6.652242772830930685e+34
1.981591158836186565e+36
1.495323295958536698e+35
1.055764676280954700e+35
1.124957047084236763e+35
4.895045006791574980e+35
2.240030147589447765e+35
1.310519145034790379e+36
4.004069681672100926e+34
1.794089216525580001e+35
9.962413937739971120e+35
7.218787650606704916e+35
8.669682552774014069e+34
