8.792168737685587095e-30
1.379783598423563760e-28
3.761471262982085239e-30
8.444699376876418892e-30
1.729862346714953933e-29
4.878374357449851402e-29
2.353871369283871820e-30
4.908746630951955894e-30
6.962429123431804691e-30
2.224063455202247353e-30
7.798707746674523266e-29
2.790014926554723687e-30
2.261288997940665430e-29
3.735774041751669129e-30
2.726677428069633710e-29
7.587350888525026019e-30
1.136592095371014150e-30
1.391937402120595923e-29
1.283433807740707716e-29
2.004277307910002653e-30
6.207448787506594330e-30
