2.072178974741518992e-30
2.079208842882384898e-30
6.167956186524547825e-30
4.751337456307351572e-30
4.534456514077934847e-29
1.887529142144457818e-29
9.431743090908102705e-29
9.232446110249850201e-29
1.422276056595483389e-28
1.749057346543896407e-28
5.867542486014017954e-30
1.675858653944203137e-29
2.384411102860943790e-29
inf
5.053137652455987817e-29
2.520171050406161417e-29
8.444699376876418892e-30
2.770042656751283095e-30
8.343524726172893525e-30
2.411182448459856697e-30
6.317532530732159338e-30
9.142996433128952172e-30
2.834814893571488722e-30
6.066277581666652462e-27
2.038895292642136024e-30
1.551820714303327515e-30
9.169971432813834291e-30
1.283433807740707716e-29
2.556347728006434430e-28
1.801472822654294025e-29
1.325407979779524030e-29
7.085827075747740891e-30
7.809820050071139555e-30
8.930999117036023853e-30
1.010653440124831862e-30
1.590546089471294287e-30
inf
1.852246166458277318e-29
6.986649898956892108e-30
2.375799189919511102e-29
2.916566482407110225e-29
1.587906440109463606e-29
