1.304834137346312225e-28
9.611684556596804301e-30
1.731214538483911810e-28
1.229626385621226853e-26
2.866144408596010001e-29
1.436120615197797623e-28
5.665131738817864189e-29
7.672656655867877641e-29
2.633536952177586122e-29
2.327708951235021584e-27
1.652585625629646664e-29
2.152690815457411893e-28
1.024760385743820338e-29
3.889191764304316987e-28
inf
1.144544190704728860e-28
5.258027135554884323e-30
1.183407705284539242e-29
6.157759753237064234e-29
5.700776212509223173e-29
7.076581520287160185e-29
2.659215222614449194e-27
7.105000703752289794e-29
2.228166209136685189e-29
1.283433807740707716e-29
1.325407979779524030e-29
1.010705480067868051e-29
1.015533673537780553e-28
2.678693634153551086e-29
5.088068484934721827e-28
1.015759323073559813e-28
3.623693946332212007e-29
7.973982445658209060e-30
3.222363704105679691e-28
5.972556748939269294e-30
inf
inf
3.697953288856372700e-28
inf
6.986649898956892108e-30
inf
4.560328149255578045e-29
1.189070014629543768e-27
inf
4.514604547130138030e-27
1.161256289128556256e-28
5.700131994022362375e-30
6.066277581666652462e-27
6.950710311052953194e-28
1.965200976939611511e-29
5.725667899856317084e-28
inf
inf
1.872915260005648921e-26
3.188000215308512930e-29
1.395949601571698198e-28
5.981219211082113978e-29
inf
2.556061081852457760e-29
3.559700285961960981e-29
4.030002321019098149e-27
2.255396079731303466e-29
1.462832581453351325e-29
1.723233845155198918e-26
7.314494678875658120e-29
1.219925210124559195e-29
7.034824514066934727e-30
inf
inf
1.149199342318470009e-28
6.377940744321450065e-30
5.773756997193877541e-30
1.435283654922746319e-29
2.088996403933075652e-29
inf
3.245518030547429827e-28
3.860311787450257618e-30
1.209017481730567312e-29
1.164878506061312046e-28
inf
inf
4.363103318914918729e-28
inf
inf
inf
inf
1.762407127033455153e-29
2.154861530075189367e-29
4.902851636327444446e-30
inf
5.121387890751557524e-27
2.107340339807629708e-28
inf
inf
inf
inf
