7.973982445658209060e-30
6.057651872168897229e-29
4.832923616121560923e-30
1.053309431694037939e-30
5.981219211082113978e-29
2.520171050406161417e-29
2.411182448459856697e-30
2.463542146815742252e-29
0.000000000000000000e+00
6.334829541411885843e-30
4.751337456307351572e-30
2.820801545443497579e-28
2.224063455202247353e-30
2.678845750912550694e-30
1.283433807740707716e-29
1.146323904724104548e-29
1.254261708242302103e-30
2.834814893571488722e-30
2.079208842882384898e-30
2.260417044950571377e-30
1.028200457322057262e-29
2.979214183610277668e-28
6.377940744321450065e-30
8.816850937311897619e-29
6.158190336901567526e-30
7.130069440034650290e-30
3.849241022866713247e-28
2.286798693517714840e-30
1.750605017280449097e-29
2.101487895984840629e-30
4.508709147695972050e-30
3.222363704105679691e-28
0.000000000000000000e+00
2.488580869339831551e-29
3.319836597825423389e-29
3.188000215308512930e-29
3.075551879210133738e-29
1.524610137072901015e-29
1.164878506061312046e-28
8.668154257429689963e-30
3.227107248468490605e-29
1.081700054960710602e-29
3.114890607387841267e-29
2.634713476567439415e-29
1.371316737547313266e-29
5.498248264680421924e-30
