1.236634543859379998e-30
8.730863650824858041e-29
4.855894094856653082e-29
1.535601839311780445e-29
2.972288817588106312e-29
1.972219383159385791e-29
3.212563539523601504e-28
1.224931663120026814e-29
1.722516146019952020e-29
4.514604547130138030e-27
3.222363704105679691e-28
9.431743090908102705e-29
2.633536952177586122e-29
3.860311787450257618e-30
3.077756732333350814e-30
2.411182448459856697e-30
4.030002321019098149e-27
9.604838846559061810e-30
1.015759323073559813e-28
1.024760385743820338e-29
8.167186956109492499e-29
6.835523540613379821e-30
6.057651872168897229e-29
3.188000215308512930e-29
8.343524726172893525e-30
2.315500463440331889e-30
3.913430680540741055e-28
9.722641216412147026e-30
2.826647523757834355e-30
5.961395400973723215e-30
6.066277581666652462e-27
1.325407979779524030e-29
1.887529142144457818e-29
8.666377279048859956e-30
2.079208842882384898e-30
3.058050130027835487e-29
1.683637130801892886e-29
3.623693946332212007e-29
6.142688278168588914e-29
2.152690815457411893e-28
4.714668106083188162e-29
4.061440632859392828e-28
2.770414388114558316e-30
4.844031145056674822e-30
1.568263137816522979e-29
7.105000703752289794e-29
2.012918159678271903e-30
2.228166209136685189e-29
6.986649898956892108e-30
5.699940788920499777e-30
4.442967026774970974e-29
