8.905625304689481620e-29
1.685317320939221855e-28
2.152690815457411893e-28
9.056458589958781990e-29
1.390844354758740282e-29
2.327708951235021584e-27
3.524757352337304826e-29
1.229626385621226853e-26
1.731214538483911810e-28
8.289303119135304060e-29
9.707018667154732955e-28
1.436120615197797623e-28
6.034024463765540710e-29
5.088068484934721827e-28
3.889191764304316987e-28
1.350118972005512963e-27
6.066277581666652462e-27
8.903019961383269896e-29
3.664815466279737595e-29
2.912064015651114070e-29
2.659215222614449194e-27
9.249977530927536131e-29
8.222312587873391596e-28
2.521679216045296867e-28
2.107340339807629708e-28
1.178052424129534782e-27
2.226269768439672647e-27
4.514604547130138030e-27
1.723233845155198918e-26
1.599846410230072370e-27
9.949688740897505631e-29
4.196094688855104969e-26
5.796829568096700160e-27
1.702652652644454888e-29
1.872915260005648921e-26
9.148274095001532157e-29
4.030002321019098149e-27
1.569718146460674441e-28
3.697953288856372700e-28
5.615067450709924042e-29
1.874111464417114288e-29
8.300220441065280044e-29
2.154861530075189367e-29
3.188000215308512930e-29
2.166551200581601481e-29
1.551113740191437443e-29
2.947500980968612642e-28
3.162556221403539328e-28
1.871814057399548256e-28
2.613136928501060042e-29
4.363103318914918729e-28
3.930714234311719908e-29
8.632710141121368424e-29
5.121387890751557524e-27
3.467908537094676417e-29
3.518041893549256343e-27
1.698071943528489470e-28
5.079277305286555964e-29
1.395949601571698198e-28
3.889457740401723580e-27
3.245518030547429827e-28
1.144544190704728860e-28
8.977074762913827692e-29
9.226318166470346848e-29
6.157759753237064234e-29
1.652289811821373414e-27
1.912282822290447569e-29
1.624283400996162707e-24
3.894709065906926302e-29
3.995291800059641138e-29
4.326886862793340710e-27
6.967333620125389298e-28
6.407493753186955073e-29
1.922478173154652695e-28
1.453283314003304736e-28
6.237190391615583466e-28
8.115383649120016040e-29
7.777708781926053543e-29
3.212563539523601504e-28
3.050521645961571540e-29
2.374267306027835941e-28
3.887100729861579687e-27
3.861206094187825028e-27
8.368663553642933177e-27
2.882691469279587129e-28
