1.283433807740707716e-29
1.431465312787686552e-29
7.809820050071139555e-30
5.842718912455433735e-30
2.629290668105857601e-30
3.100380232113310813e-29
7.342655783369178219e-30
1.216690476473804616e-29
5.908518591106181252e-30
2.535019986123198686e-28
1.270521191702731953e-28
2.224063455202247353e-30
3.481236177219690275e-30
1.530988685226488220e-29
1.040292417088440483e-30
9.431743090908102705e-29
6.651593082798655623e-30
6.835523540613379821e-30
1.325407979779524030e-29
1.062992296257615868e-29
3.337998371762677803e-29
2.834814893571488722e-30
2.520171050406161417e-29
2.232178265218697721e-30
1.683343278781781725e-28
4.910667970069468659e-29
1.568263137816522979e-29
2.488580869339831551e-29
4.083576443534641820e-30
1.801472822654294025e-29
inf
3.058050130027835487e-29
8.905636858782431482e-29
6.158190336901567526e-30
2.079208842882384898e-30
2.152690815457411893e-28
6.066277581666652462e-27
1.856394305532447200e-30
2.492472005624223325e-30
1.324482604797270758e-29
3.188000215308512930e-29
6.536795952581877643e-30
7.310264964688644538e-29
6.986649898956892108e-30
2.411182448459856697e-30
