3.144406424882661232e-29
1.233386377457382608e-27
1.229626385621226853e-26
2.641019976038232509e-29
1.436120615197797623e-28
1.311420950962368641e-29
3.188000215308512930e-29
5.972556748939269294e-30
1.762407127033455153e-29
1.238801193707127506e-29
7.076581520287160185e-29
7.105000703752289794e-29
4.061440632859392828e-28
5.981219211082113978e-29
1.675858653944203137e-29
3.889191764304316987e-28
2.152690815457411893e-28
9.707018667154732955e-28
7.672656655867877641e-29
4.030002321019098149e-27
2.014730211556099332e-29
5.700776212509223173e-29
9.611684556596804301e-30
3.469760589725251016e-29
1.134698078037826443e-29
3.860311787450257618e-30
5.101419299318584541e-28
6.407493753186955073e-29
1.161256289128556256e-28
1.219925210124559195e-29
4.442967026774970974e-29
3.623693946332212007e-29
8.382335045017724750e-30
2.088996403933075652e-29
2.228166209136685189e-29
2.659215222614449194e-27
5.258027135554884323e-30
5.700131994022362375e-30
1.395949601571698198e-28
1.722516146019952020e-29
1.024760385743820338e-29
6.142688278168588914e-29
8.632710141121368424e-29
7.314494678875658120e-29
3.212563539523601504e-28
6.062897759784879371e-28
5.121387890751557524e-27
1.965200976939611511e-29
1.723233845155198918e-26
8.903019961383269896e-29
1.054979750642850394e-27
2.511915252676409728e-29
1.015759323073559813e-28
1.209017481730567312e-29
1.652585625629646664e-29
6.066277581666652462e-27
8.300220441065280044e-29
1.872915260005648921e-26
1.015533673537780553e-28
4.514604547130138030e-27
2.327708951235021584e-27
1.731214538483911810e-28
4.326886862793340710e-27
3.245518030547429827e-28
1.645968347900200564e-28
1.624283400996162707e-24
3.889457740401723580e-27
1.183407705284539242e-29
1.435283654922746319e-29
3.467908537094676417e-29
5.773756997193877541e-30
1.462832581453351325e-29
