6.325242589762643675e-28
5.229776163464236481e-29
1.144544190704728860e-28
5.796829568096700160e-27
1.395949601571698198e-28
3.889191764304316987e-28
3.524757352337304826e-29
9.611684556596804301e-30
2.088996403933075652e-29
1.015174091721237002e-29
4.030002321019098149e-27
2.633536952177586122e-29
3.245518030547429827e-28
8.554102302662241303e-29
7.672656655867877641e-29
3.212563539523601504e-28
9.707018667154732955e-28
3.623693946332212007e-29
1.229626385621226853e-26
3.861206094187825028e-27
2.152690815457411893e-28
3.860311787450257618e-30
8.903019961383269896e-29
1.462832581453351325e-29
7.667405068264915877e-30
3.730973373101675810e-28
5.700131994022362375e-30
1.443243047720881226e-28
1.645968347900200564e-28
4.514604547130138030e-27
4.297809425082442613e-28
1.390844354758740282e-29
3.188000215308512930e-29
1.965200976939611511e-29
5.121387890751557524e-27
5.665131738817864189e-29
1.436120615197797623e-28
3.638327788607664427e-29
6.986649898956892108e-30
1.010705480067868051e-29
3.469760589725251016e-29
2.659215222614449194e-27
1.569718146460674441e-28
1.872915260005648921e-26
6.066277581666652462e-27
1.723233845155198918e-26
2.327708951235021584e-27
6.142688278168588914e-29
4.196094688855104969e-26
2.012918159678271903e-30
2.663383364555217930e-29
5.972556748939269294e-30
2.140118052901461279e-29
2.107340339807629708e-28
3.697953288856372700e-28
1.209017481730567312e-29
8.905625304689481620e-29
9.226318166470346848e-29
7.922435993583241071e-29
5.258027135554884323e-30
5.773756997193877541e-30
8.115383649120016040e-29
9.056458589958781990e-29
1.524780120744599720e-27
8.632710141121368424e-29
2.257082775411403862e-29
1.731214538483911810e-28
1.435283654922746319e-29
2.166551200581601481e-29
1.972834065240026395e-29
3.559700285961960981e-29
8.300220441065280044e-29
1.762407127033455153e-29
2.856590728841604845e-29
4.902851636327444446e-30
6.407493753186955073e-29
3.889457740401723580e-27
1.598844328583036986e-28
6.157759753237064234e-29
3.505693003458262201e-28
1.802208681335866468e-28
