2.834814893571488722e-30
1.277133412264904786e-29
1.422781470959752151e-28
8.444699376876418892e-30
1.761801152450316149e-29
1.236634543859379998e-30
4.723716649640898320e-29
5.056191777004894575e-30
6.835523540613379821e-30
7.914913012036879827e-30
2.490531418147024221e-30
7.890453184379837420e-29
2.251979666726289232e-29
9.431743090908102705e-29
8.351369261146856596e-30
2.469616292604001966e-30
2.224063455202247353e-30
2.191025878160120459e-30
1.283433807740707716e-29
1.369869088836039001e-30
6.907753808327050315e-30
1.402304983070062089e-30
2.384521139692022946e-29
5.547832639661221978e-30
