9.468961195489728408e-29
1.325407979779524030e-29
5.015477601580012244e-30
3.075551879210133738e-29
2.411182448459856697e-30
2.629290668105857601e-30
2.397011844238327683e-28
1.493423998754630021e-29
5.972556748939269294e-30
1.422276056595483389e-28
1.698561267736989194e-29
9.431743090908102705e-29
4.508709147695972050e-30
1.530988685226488220e-29
1.442630179410370888e-29
1.224931663120026814e-29
6.284444917631593559e-30
6.066277581666652462e-27
8.088617797701403003e-30
3.701932548440794212e-29
4.072236773944364446e-28
4.927363637135373243e-29
5.281900017240653203e-30
1.283433807740707716e-29
2.834814893571488722e-30
2.594813440556790063e-29
2.260417044950571377e-30
5.121387890751557524e-27
1.761801152450316149e-29
8.845972591008775120e-30
7.130069440034650290e-30
2.375799189919511102e-29
2.678845750912550694e-30
4.655667184425409285e-30
1.590546089471294287e-30
2.633536952177586122e-29
5.981219211082113978e-29
3.260267751872164433e-29
7.132440096092130474e-29
1.069786589789563721e-30
inf
inf
6.158190336901567526e-30
1.520873751066632201e-29
2.995351479376419006e-29
2.079208842882384898e-30
3.003094243023807563e-30
