6.157759753237064234e-29
1.922478173154652695e-28
1.685317320939221855e-28
1.436120615197797623e-28
1.684233989905823391e-28
5.079277305286555964e-29
1.569718146460674441e-28
1.304834137346312225e-28
2.521679216045296867e-28
1.624283400996162707e-24
1.652289811821373414e-27
5.796829568096700160e-27
2.912064015651114070e-29
2.659215222614449194e-27
1.229626385621226853e-26
1.634618825320293381e-29
2.107340339807629708e-28
9.707018667154732955e-28
1.277811156585822798e-29
8.903019961383269896e-29
9.148274095001532157e-29
8.632710141121368424e-29
6.587768094554954109e-29
2.866960016181236500e-29
5.088068484934721827e-28
1.731214538483911810e-28
6.066277581666652462e-27
3.381082374988551871e-27
5.121387890751557524e-27
1.723233845155198918e-26
4.617358887972905735e-29
3.188000215308512930e-29
3.518041893549256343e-27
8.115383649120016040e-29
4.030002321019098149e-27
2.327708951235021584e-27
2.152690815457411893e-28
1.165045264612004919e-27
1.054979750642850394e-27
1.872915260005648921e-26
4.514604547130138030e-27
9.226318166470346848e-29
2.676365944417134105e-27
1.395949601571698198e-28
8.921229830859542248e-29
3.505693003458262201e-28
1.407998843019997193e-28
1.912282822290447569e-29
8.289303119135304060e-29
3.889191764304316987e-28
2.061924713254897619e-28
1.349959379674388238e-27
8.977074762913827692e-29
3.245518030547429827e-28
4.326886862793340710e-27
1.290602488066990310e-28
3.889457740401723580e-27
1.453283314003304736e-28
6.034024463765540710e-29
2.374267306027835941e-28
8.300220441065280044e-29
4.196094688855104969e-26
2.947500980968612642e-28
3.757798127471988990e-29
7.597014656250156947e-28
1.599846410230072370e-27
7.777708781926053543e-29
1.871814057399548256e-28
3.467908537094676417e-29
2.175154569380234625e-29
9.281368126073576570e-28
3.074250977117345758e-29
3.662339339969354418e-27
4.363103318914918729e-28
2.166551200581601481e-29
6.407493753186955073e-29
1.435168558637494700e-28
1.023456506260131043e-27
4.560328149255578045e-29
1.791310804841644065e-28
6.447542963120487804e-29
4.522461945991811113e-28
3.861206094187825028e-27
3.317685363821051150e-28
3.930714234311719908e-29
9.949688740897505631e-29
8.368663553642933177e-27
1.090378181536601372e-26
7.326311933465023322e-29
