3.144406424882661232e-29
8.305345061262038873e-30
9.431743090908102705e-29
9.007055837567407979e-30
1.084605297429117253e-28
0.000000000000000000e+00
1.965200976939611511e-29
1.651817457859643009e-29
7.512342704554585356e-29
3.566694388917429010e-28
4.910667970069468659e-29
5.972556748939269294e-30
3.697953288856372700e-28
3.852385506220315111e-30
3.075551879210133738e-29
2.375799189919511102e-29
1.652585625629646664e-29
3.889191764304316987e-28
4.030002321019098149e-27
4.855894094856653082e-29
0.000000000000000000e+00
1.462832581453351325e-29
1.355444091363585921e-27
1.283433807740707716e-29
0.000000000000000000e+00
2.488580869339831551e-29
6.986649898956892108e-30
1.675858653944203137e-29
1.762407127033455153e-29
3.222363704105679691e-28
1.325407979779524030e-29
0.000000000000000000e+00
5.665131738817864189e-29
1.216690476473804616e-29
3.467908537094676417e-29
2.870862332656052997e-30
2.492472005624223325e-30
1.723233845155198918e-26
2.012918159678271903e-30
1.433599222105624161e-30
2.770414388114558316e-30
1.731214538483911810e-28
5.699940788920499777e-30
6.377940744321450065e-30
3.077756732333350814e-30
6.158190336901567526e-30
2.411182448459856697e-30
2.633536952177586122e-29
2.033699951820738782e-28
6.832362476774061022e-30
3.577397782252825592e-28
2.150482054857565077e-29
6.066277581666652462e-27
1.436120615197797623e-28
3.188000215308512930e-29
1.872915260005648921e-26
0.000000000000000000e+00
2.327708951235021584e-27
9.997814674906322526e-29
1.509819181208077112e-29
6.142688278168588914e-29
1.134698078037826443e-29
3.701485957933943405e-29
5.981219211082113978e-29
8.443246583815872267e-29
9.611684556596804301e-30
2.641019976038232509e-29
1.524645203516539057e-30
2.198057108747417519e-29
2.840046851796237245e-29
0.000000000000000000e+00
2.228166209136685189e-29
3.559700285961960981e-29
