1.622926503256146655e-29
9.555744496431922590e-29
1.161256289128556256e-28
6.986649898956892108e-30
6.168514567986809671e-30
6.142688278168588914e-29
3.212563539523601504e-28
5.796829568096700160e-27
1.229626385621226853e-26
2.521679216045296867e-28
2.789404690556076651e-29
3.730973373101675810e-28
3.887100729861579687e-27
1.395949601571698198e-28
6.157759753237064234e-29
1.059972356030268390e-29
9.707018667154732955e-28
5.079277305286555964e-29
3.188000215308512930e-29
1.871814057399548256e-28
3.861206094187825028e-27
5.430271135198664785e-28
2.327708951235021584e-27
9.997814674906322526e-29
1.238801193707127506e-29
2.228166209136685189e-29
5.088068484934721827e-28
1.598844328583036986e-28
4.030002321019098149e-27
2.175154569380234625e-29
6.066277581666652462e-27
1.723233845155198918e-26
5.258027135554884323e-30
1.651817457859643009e-29
7.359174308938817454e-29
1.404063847274259704e-29
1.027298166776178769e-28
9.281368126073576570e-28
2.072125461626124918e-29
1.436120615197797623e-28
2.714684843589140805e-29
4.297809425082442613e-28
6.536795952581877643e-30
1.209017481730567312e-29
2.152690815457411893e-28
3.245518030547429827e-28
2.613136928501060042e-29
3.638327788607664427e-29
3.559700285961960981e-29
3.697953288856372700e-28
3.889191764304316987e-28
2.659215222614449194e-27
2.136057058441386930e-29
1.731214538483911810e-28
5.121387890751557524e-27
2.866960016181236500e-29
6.278305846734798539e-30
4.514604547130138030e-27
3.467908537094676417e-29
5.773756997193877541e-30
8.905625304689481620e-29
5.700131994022362375e-30
1.675858653944203137e-29
8.632710141121368424e-29
2.154861530075189367e-29
9.056458589958781990e-29
1.872915260005648921e-26
7.967904782288630870e-29
1.872960141115402201e-27
6.687132583809277498e-29
1.624283400996162707e-24
3.889457740401723580e-27
3.524757352337304826e-29
1.762407127033455153e-29
1.015533673537780553e-28
7.777708781926053543e-29
2.166551200581601481e-29
6.034024463765540710e-29
8.300220441065280044e-29
4.363103318914918729e-28
