1.147138120929887276e-28
6.986649898956892108e-30
1.144544190704728860e-28
7.512342704554585356e-29
9.431743090908102705e-29
1.762407127033455153e-29
4.061440632859392828e-28
6.377940744321450065e-30
6.158190336901567526e-30
1.144372897428967309e-28
1.134698078037826443e-29
6.066277581666652462e-27
1.872915260005648921e-26
5.699940788920499777e-30
1.084605297429117253e-28
5.972556748939269294e-30
9.604838846559061810e-30
3.469760589725251016e-29
inf
1.024760385743820338e-29
1.283433807740707716e-29
4.844031145056674822e-30
6.142688278168588914e-29
9.645629561774867948e-29
3.960257409375461614e-29
3.222363704105679691e-28
7.672656655867877641e-29
1.622926503256146655e-29
2.634713476567439415e-29
6.157759753237064234e-29
2.375799189919511102e-29
1.384190162154085550e-27
2.012918159678271903e-30
2.152690815457411893e-28
2.488580869339831551e-29
5.700131994022362375e-30
inf
3.188000215308512930e-29
inf
2.051091358729835233e-29
5.773756997193877541e-30
inf
2.327708951235021584e-27
1.435283654922746319e-29
inf
inf
1.750605017280449097e-29
3.212563539523601504e-28
5.258027135554884323e-30
inf
inf
2.633536952177586122e-29
6.536795952581877643e-30
inf
1.436120615197797623e-28
1.675858653944203137e-29
1.015759323073559813e-28
1.722516146019952020e-29
1.695268827642825868e-29
inf
2.366435621373050215e-29
1.569718146460674441e-28
1.723233845155198918e-26
3.245518030547429827e-28
5.981219211082113978e-29
4.902851636327444446e-30
2.088996403933075652e-29
3.623693946332212007e-29
3.860311787450257618e-30
1.390844354758740282e-29
1.395949601571698198e-28
inf
2.107340339807629708e-28
9.997814674906322526e-29
7.018368642680122343e-30
4.030002321019098149e-27
3.697953288856372700e-28
inf
inf
6.034024463765540710e-29
2.492472005624223325e-30
inf
