2.159917820515562111e-29
6.138370984065909388e-29
8.444699376876418892e-30
8.342256634832302324e-29
1.761801152450316149e-29
2.311951678789567009e-29
2.208706116183578031e-30
2.224063455202247353e-30
3.241298419337606996e-29
2.992366182000843009e-29
8.577100056856198065e-30
6.300819764195965523e-30
4.889079716815162217e-30
2.726677428069633710e-29
6.205053003626903409e-30
7.156409379821409678e-31
2.341638079011527328e-28
5.191318046230115557e-30
2.790014926554723687e-30
9.298677134489592852e-30
2.452579475807342406e-30
1.402304983070062089e-30
2.079208842882384898e-30
1.283433807740707716e-29
8.351369261146856596e-30
5.523548727163137145e-30
