1.761801152450316149e-29
3.064693566413401350e-30
2.335076999001715786e-28
2.079208842882384898e-30
1.590546089471294287e-30
1.181106211686626850e-29
1.250934150322380396e-29
8.460700244062760385e-29
2.224063455202247353e-30
1.433599222105624161e-30
1.698561267736989194e-29
7.680474092075848964e-31
1.348987252832674484e-29
1.028200457322057262e-29
9.431743090908102705e-29
1.777968961349530943e-29
6.301772143403197941e-29
7.304380164055904214e-30
6.421988125887274531e-30
2.384411102860943790e-29
1.958272177764644657e-29
5.498248264680421924e-30
1.866526096880867584e-29
5.149283115348469384e-30
1.224931663120026814e-29
1.910608660632634561e-29
1.733516352818362100e-29
1.136592095371014150e-30
6.986649898956892108e-30
5.809147306078821852e-30
9.718065771315673947e-31
4.534456514077934847e-29
8.343524726172893525e-30
1.254261708242302103e-30
7.973982445658209060e-30
6.158190336901567526e-30
