4.030002321019098149e-27
2.273769706138554266e-29
5.121387890751557524e-27
8.368663553642933177e-27
1.229626385621226853e-26
5.796829568096700160e-27
2.061924713254897619e-28
1.436120615197797623e-28
8.921229830859542248e-29
3.889457740401723580e-27
1.652289811821373414e-27
6.157759753237064234e-29
7.597014656250156947e-28
2.856590728841604845e-29
1.757953169340621214e-29
2.633536952177586122e-29
2.166551200581601481e-29
3.664815466279737595e-29
6.833219347828529039e-29
8.903019961383269896e-29
3.697953288856372700e-28
3.518041893549256343e-27
1.634618825320293381e-29
4.514604547130138030e-27
2.676365944417134105e-27
4.363103318914918729e-28
3.889191764304316987e-28
3.245518030547429827e-28
2.435917026049797659e-28
1.423009525386912957e-28
1.965200976939611511e-29
4.196094688855104969e-26
6.066277581666652462e-27
8.429848772017165808e-28
1.036386369912686063e-27
8.632710141121368424e-29
4.560328149255578045e-29
2.659215222614449194e-27
3.467908537094676417e-29
7.777708781926053543e-29
1.144544190704728860e-28
1.395949601571698198e-28
1.723233845155198918e-26
9.997814674906322526e-29
2.152690815457411893e-28
1.569718146460674441e-28
2.327708951235021584e-27
6.587768094554954109e-29
1.731214538483911810e-28
1.872915260005648921e-26
6.188280767450803238e-29
3.188000215308512930e-29
2.521679216045296867e-28
2.107340339807629708e-28
2.866960016181236500e-29
1.321418364389001968e-29
1.443243047720881226e-28
2.154861530075189367e-29
4.326886862793340710e-27
1.150071892995011172e-28
6.407493753186955073e-29
2.912064015651114070e-29
6.034024463765540710e-29
4.522461945991811113e-28
1.326801657482322178e-29
8.300220441065280044e-29
2.175154569380234625e-29
5.088068484934721827e-28
3.524757352337304826e-29
2.765934908479080993e-27
9.226318166470346848e-29
8.382335045017724750e-30
2.221650116090399639e-29
8.403617198119361753e-29
8.289303119135304060e-29
9.949688740897505631e-29
5.615067450709924042e-29
3.861206094187825028e-27
3.662339339969354418e-27
9.848800023743417276e-29
1.383843937688979930e-28
3.406072790354188121e-29
1.349959379674388238e-27
1.350118972005512963e-27
9.707018667154732955e-28
1.912282822290447569e-29
3.995291800059641138e-29
1.684233989905823391e-28
