5.226494687700226056e+36
1.947535923844276041e+36
5.159708916715888707e+35
1.506194194385507540e+37
7.369122781581698413e+35
9.657855323719161501e+35
2.936401910813404506e+35
8.131903520674121047e+36
7.393495471724707415e+35
1.109600069586566966e+35
6.378830605633637725e+35
9.669533094140899404e+35
1.547352381144547604e+35
1.232510373809085257e+35
7.775882261952467186e+35
9.345505677238225230e+35
3.861972029289310311e+35
2.955742839249183635e+35
1.188795857683531536e+36
8.608827064056490646e+34
3.855199095703383026e+36
4.804080000864817543e+35
5.224995674767454563e+35
3.512517174494289555e+35
1.022392624576009840e+35
1.376425706044509655e+36
4.882734188331702864e+35
2.836013181329040379e+35
1.278527040596192140e+36
1.802767097045488838e+35
2.752246792126954694e+35
8.002261443402167974e+34
1.837166045688863684e+37
1.265829233608608464e+35
6.853208469115157704e+35
8.952156084810970593e+34
3.969711060384938316e+35
1.714407528556707764e+36
4.655664828086332669e+35
1.711895187473903153e+37
1.631730494682116731e+35
1.810092209753325495e+36
5.352924742020504182e+34
1.682414737708914482e+35
4.453623924862978265e+35
1.828652957174837389e+35
1.641046903030297021e+36
6.737167938340438496e+35
4.176834436386007499e+35
1.744281955611128748e+35
1.293495043574033184e+35
2.671136781205114620e+35
4.328593017621545308e+35
2.991532519471215095e+35
1.004769816580359700e+35
1.500538009460116211e+35
1.166917448843014681e+35
2.973377927094272075e+35
3.252249932000497779e+36
3.932860074925205772e+36
7.859152576998129253e+35
1.664398274703274121e+35
1.066456963982119615e+36
5.312971463547002373e+34
1.439337895916734199e+36
1.677280189228054112e+36
1.541503739739674703e+37
3.219035978850277897e+35
1.645030436973019114e+35
1.055641962329600670e+36
2.671472533397456060e+36
7.220658440444059091e+35
1.161761770070691677e+35
4.660812579632016847e+35
4.036816166980793829e+34
6.234011671620710691e+35
9.413711432042878954e+35
1.330911243766205156e+35
2.878130861862137041e+36
9.890141441197854820e+34
3.662277029521148260e+35
2.504334565124336667e+35
1.622024685416650118e+36
5.861673457328219728e+35
1.258582847770231959e+35
7.816944882485906512e+34
2.936301531870525147e+35
2.391274346671123346e+35
8.053524078634301454e+36
1.513206138917739145e+35
1.362105160324546910e+36
3.398102284827027882e+35
1.145484572740124487e+36
8.469591911419532899e+35
6.982537481541033375e+35
1.214030946179783186e+36
6.076986627023531776e+34
1.676759168420345351e+34
2.210970390821710023e+35
6.157635797416148800e+35
1.125877967103144721e+35
6.641331329514417567e+36
2.023928753263535370e+36
2.387671454501803121e+35
6.843856553511627993e+35
1.932051959550561534e+37
1.309815349014982900e+36
1.522353700215741247e+35
4.418894123403971847e+34
5.917637396166732458e+34
4.634761987334584702e+36
6.262920028933165941e+35
2.962972733597016627e+35
8.056517193914659654e+34
1.926759918545590883e+35
1.903447851155523445e+35
6.474341212092614803e+34
3.326550063321197805e+34
3.284436417442329525e+35
1.917193033130424942e+35
5.752599637393481415e+36
2.578497543535241331e+35
5.428762711005717883e+34
2.475365772626939306e+35
6.584895012129217054e+35
1.319164170855861692e+35
7.914964448569728253e+36
1.011711539349907668e+35
2.463372816984179197e+35
9.334578425983469423e+34
4.319265927086118437e+34
1.015285228767361038e+35
1.522773840120597866e+36
1.308872390030372759e+36
2.926963519060046887e+35
6.758682610611969171e+35
2.329192186769580891e+35
4.428150966822168911e+35
9.638929407275208663e+35
6.428227447560396763e+35
2.712141046001028945e+35
5.944960774207371339e+35
3.209058236372613721e+35
8.860387412826368166e+35
1.331054823994457356e+35
1.572659651646063079e+35
1.788005377635226377e+35
1.012200051337119980e+35
5.780159283297181071e+34
1.114739907191312316e+36
4.933613991136099413e+35
1.001779093228322557e+35
2.988213588798081040e+36
2.499390139255965450e+35
2.702824028552611449e+35
1.337484647911485528e+35
2.056568859061627023e+35
6.880652103459249383e+34
4.474238765225249190e+35
1.214596983550714911e+36
3.445112224382554677e+35
1.293627904570295508e+35
1.572649876089590649e+37
4.939446790514542228e+34
3.987271731119149515e+35
5.925119526721605938e+34
8.066365102172067938e+34
2.959649407565294095e+36
3.209393830848806550e+35
7.675755509481424896e+35
3.622423541093272509e+35
2.998470904072983798e+35
1.416267045748080635e+36
5.654805468129311654e+35
3.564302363454351204e+35
3.035429510294281087e+35
9.514046999659373488e+34
3.993698962844647617e+35
1.752733304788621479e+35
8.882578606761614845e+35
4.958921468339762779e+35
3.053513463924533140e+35
3.891923268265062059e+36
1.169173955072649957e+36
8.873305718681393980e+35
4.502495819563154238e+35
2.967883300236854624e+35
3.275576853018624384e+35
6.106938513589352110e+35
2.390405274055121558e+35
8.913852691000383824e+34
8.357288778142243421e+35
3.294901702058625330e+36
1.577198861890067713e+36
6.716534288561837360e+34
6.278398611617933224e+34
1.039343250545006696e+35
7.742759684301829864e+35
6.376345917566600101e+34
9.636436540163161868e+34
3.086704935497498586e+35
5.881837501187867878e+36
1.377883225501591768e+35
3.398442683481784713e+34
8.335294327559922694e+34
5.256149981937722108e+35
2.040264716449630977e+35
1.141177487139157170e+35
8.956652842791041126e+34
3.384669968074573478e+34
1.314287832296784801e+35
1.199743207133684799e+35
1.964163981533755937e+35
4.369500496936496577e+35
1.250418739975070108e+36
2.164019522584655481e+35
2.587994528692548147e+36
1.924205711374727476e+36
2.716259134128212821e+36
8.079829863211245970e+34
1.506433059403252247e+36
2.870674656772236687e+35
4.988593549316375758e+35
3.143290903271238539e+35
6.119176226593497001e+35
8.676398924266834849e+34
1.713694864623647281e+35
8.171806930039046907e+35
4.335732006337889984e+35
6.689668020801394700e+35
1.584477264609600010e+35
4.525193363058957603e+36
9.870667818834383415e+34
4.131105935815620328e+35
1.207714728724756460e+35
7.651549262093887325e+34
7.465884667776243756e+34
9.336926384242651785e+35
9.987723103138486747e+35
6.998764765535515524e+35
9.389397796969958604e+35
3.657448170288235040e+35
1.044352737372923576e+35
1.076137426051184362e+36
5.946972764544545991e+34
7.349923977643408115e+35
4.495432674263658184e+35
3.125838310720917501e+35
5.143308188937989942e+34
3.118892847781085697e+35
9.736719232093816208e+34
3.815277058142618212e+36
7.907185455819991108e+34
3.376194838060414470e+35
1.235425765667254458e+35
1.294834790008689605e+35
2.411079540011162598e+35
7.299782797339809318e+34
7.301373347268233351e+34
4.798506037883718279e+35
8.230165946577021744e+34
1.366972683903539257e+35
1.965395850314005827e+35
2.963248910003906462e+35
1.618097025715191723e+36
1.255905541444766531e+35
1.016977799237762797e+35
1.731430573654309834e+36
3.782828461964219131e+36
7.707561648272556352e+34
7.526506869790099943e+34
1.153830176693527905e+35
4.395282036086882035e+35
6.424633511320815151e+37
5.345005685670957169e+34
7.693808023371862504e+34
6.966919851087021730e+35
2.194557068490392595e+35
3.996474639623277776e+37
1.915436666721200228e+35
9.105334176456779764e+35
2.911789693854149181e+35
1.473824995634006191e+35
8.890214115530913387e+35
6.595271380471676182e+35
3.432757491232868160e+35
2.550220424372186810e+35
6.940059270353859476e+35
1.084664360809474235e+35
1.289724315793739367e+35
9.864539200165697951e+34
3.652028835858122416e+35
2.566483631289461037e+35
8.952761788787038563e+34
6.584143071271420903e+34
3.520230210952007412e+35
5.966275443190170825e+34
2.508721379187169390e+35
1.441366932740910579e+35
3.657847580486433097e+35
