7.606227080140725031e-30
9.181050560839519535e-29
3.245518030547429827e-28
2.286798693517714840e-30
2.870862332656052997e-30
2.641019976038232509e-29
1.015759323073559813e-28
2.488580869339831551e-29
9.431743090908102705e-29
1.134698078037826443e-29
6.377940744321450065e-30
2.826647523757834355e-30
2.375799189919511102e-29
5.699940788920499777e-30
3.075551879210133738e-29
5.949979169859128708e-30
6.536795952581877643e-30
9.604838846559061810e-30
4.514604547130138030e-27
6.057651872168897229e-29
5.981219211082113978e-29
3.518041893549256343e-27
1.283433807740707716e-29
2.633536952177586122e-29
6.518752112780835840e-28
4.910667970069468659e-29
5.700131994022362375e-30
inf
8.816850937311897619e-29
3.222363704105679691e-28
1.675858653944203137e-29
2.072125461626124918e-29
inf
2.840046851796237245e-29
1.965200976939611511e-29
6.986649898956892108e-30
inf
6.063965912555080415e-30
2.228166209136685189e-29
1.258104394366178433e-29
6.142688278168588914e-29
inf
3.559700285961960981e-29
1.029597238743757769e-29
3.188000215308512930e-29
1.436120615197797623e-28
5.527311650305406782e-29
6.066277581666652462e-27
1.625678834176633696e-28
9.244161859866977170e-30
2.411182448459856697e-30
1.024760385743820338e-29
3.697953288856372700e-28
inf
7.678383865463684799e-29
3.679665508758392706e-30
2.327708951235021584e-27
9.007055837567407979e-30
5.665131738817864189e-29
7.034824514066934727e-30
1.041049203473253070e-29
2.770414388114558316e-30
2.151639201388230408e-29
4.902851636327444446e-30
inf
4.061440632859392828e-28
inf
4.030002321019098149e-27
inf
1.728068937467029835e-29
