6.142688278168588914e-29
2.273769706138554266e-29
2.152690815457411893e-28
3.317685363821051150e-28
5.796829568096700160e-27
1.436120615197797623e-28
5.088068484934721827e-28
1.277811156585822798e-29
1.475639678224237807e-28
3.162556221403539328e-28
2.659215222614449194e-27
3.697953288856372700e-28
2.912064015651114070e-29
1.229626385621226853e-26
1.037498980338090316e-28
1.321418364389001968e-29
4.196094688855104969e-26
1.265263240224481760e-28
4.158520788253255174e-29
9.707018667154732955e-28
1.569718146460674441e-28
5.643755875451307532e-28
6.591675764040625684e-28
1.304834137346312225e-28
1.462832581453351325e-29
2.633536952177586122e-29
3.518041893549256343e-27
1.723233845155198918e-26
8.903019961383269896e-29
1.871814057399548256e-28
9.997814674906322526e-29
9.249977530927536131e-29
9.555744496431922590e-29
4.514604547130138030e-27
2.327708951235021584e-27
2.175154569380234625e-29
3.638327788607664427e-29
5.080058481066060760e-29
5.121387890751557524e-27
3.490051840302433096e-29
1.872915260005648921e-26
3.889191764304316987e-28
9.056458589958781990e-29
4.030002321019098149e-27
1.435283654922746319e-29
6.066277581666652462e-27
8.632710141121368424e-29
9.226318166470346848e-29
4.522461945991811113e-28
2.166551200581601481e-29
1.395949601571698198e-28
3.664815466279737595e-29
3.188000215308512930e-29
1.522437018537341410e-29
3.245518030547429827e-28
6.157759753237064234e-29
4.363103318914918729e-28
1.652289811821373414e-27
4.997067737606596357e-29
4.326886862793340710e-27
8.300220441065280044e-29
7.396381183663157200e-28
3.288199387643677669e-27
3.467908537094676417e-29
1.349959379674388238e-27
2.088996403933075652e-29
1.476901027000725762e-29
2.107340339807629708e-28
1.138144137786919231e-28
3.889457740401723580e-27
7.597014656250156947e-28
2.374267306027835941e-28
6.407493753186955073e-29
2.061924713254897619e-28
3.601831442971258771e-29
1.551113740191437443e-29
2.260900257934299187e-28
8.115383649120016040e-29
7.777708781926053543e-29
3.861206094187825028e-27
5.615067450709924042e-29
9.281368126073576570e-28
9.702929860582819474e-28
3.662339339969354418e-27
1.023456506260131043e-27
3.381082374988551871e-27
