2.641019976038232509e-29
6.057651872168897229e-29
5.430271135198664785e-28
1.229626385621226853e-26
4.731914816388665759e-30
1.462832581453351325e-29
4.061440632859392828e-28
2.520171050406161417e-29
1.134698078037826443e-29
6.142688278168588914e-29
2.375799189919511102e-29
5.773756997193877541e-30
1.728068937467029835e-29
5.699940788920499777e-30
4.714668106083188162e-29
1.723233845155198918e-26
2.286798693517714840e-30
1.015533673537780553e-28
4.910667970069468659e-29
6.447542963120487804e-29
2.072125461626124918e-29
1.306227904448081955e-29
8.289303119135304060e-29
3.222363704105679691e-28
1.024760385743820338e-29
5.867542486014017954e-30
3.075551879210133738e-29
2.762745359338201694e-29
1.395949601571698198e-28
4.902851636327444446e-30
2.488580869339831551e-29
1.015759323073559813e-28
2.492472005624223325e-30
2.228166209136685189e-29
6.986649898956892108e-30
4.514604547130138030e-27
1.972834065240026395e-29
6.157759753237064234e-29
1.451765252563301798e-29
2.051091358729835233e-29
6.066277581666652462e-27
5.258027135554884323e-30
1.436120615197797623e-28
5.981219211082113978e-29
3.188000215308512930e-29
2.327708951235021584e-27
1.731214538483911810e-28
2.076865670994446392e-29
5.700131994022362375e-30
7.678383865463684799e-29
4.030002321019098149e-27
1.216690476473804616e-29
3.889191764304316987e-28
1.965200976939611511e-29
8.632710141121368424e-29
9.611684556596804301e-30
3.697953288856372700e-28
7.937961978763731296e-29
1.161256289128556256e-28
7.034824514066934727e-30
1.209017481730567312e-29
1.675858653944203137e-29
7.889401412158418202e-30
1.872960141115402201e-27
3.245518030547429827e-28
1.390844354758740282e-29
