1.872452188973240305e-29
3.919183733723891226e-29
6.142688278168588914e-29
1.535601839311780445e-29
9.453728957098090182e-29
4.269296008246825245e-30
1.462832581453351325e-29
2.633536952177586122e-29
6.711478328337500340e-30
6.066277581666652462e-27
2.594813440556790063e-29
2.106284430137718306e-29
9.431743090908102705e-29
5.699940788920499777e-30
3.391641455091472883e-28
8.115383649120016040e-29
4.514604547130138030e-27
6.340559533666586686e-29
1.039827988958502206e-29
1.165255692919259581e-30
1.436120615197797623e-28
4.910667970069468659e-29
4.714668106083188162e-29
8.730863650824858041e-29
1.590546089471294287e-30
3.077756732333350814e-30
2.520171050406161417e-29
1.325407979779524030e-29
3.222363704105679691e-28
6.986649898956892108e-30
3.188000215308512930e-29
9.062128588561383906e-29
5.981219211082113978e-29
1.668777799702654711e-29
2.079208842882384898e-30
2.327708951235021584e-27
2.826647523757834355e-30
4.442967026774970974e-29
4.172749265331797800e-29
2.411182448459856697e-30
5.074005405055680656e-28
2.492472005624223325e-30
1.464719390280381742e-29
7.741919510319964436e-29
5.121387890751557524e-27
1.431465312787686552e-29
1.972219383159385791e-29
6.687849762261612526e-29
4.844031145056674822e-30
1.327687286720040491e-29
2.917933088552127996e-30
2.152690815457411893e-28
7.034824514066934727e-30
9.007055837567407979e-30
6.377940744321450065e-30
1.528232468966342240e-29
4.030002321019098149e-27
2.770414388114558316e-30
1.311420950962368641e-29
