8.637202203588868413e-29
1.731214538483911810e-28
1.054979750642850394e-27
3.894709065906926302e-29
6.066277581666652462e-27
3.532816954274342343e-28
2.633536952177586122e-29
1.229626385621226853e-26
3.287932940355347075e-28
2.856590728841604845e-29
4.363103318914918729e-28
9.249977530927536131e-29
1.326801657482322178e-29
2.659215222614449194e-27
3.467908537094676417e-29
2.255396079731303466e-29
5.088068484934721827e-28
4.158520788253255174e-29
3.889457740401723580e-27
5.796829568096700160e-27
2.613136928501060042e-29
4.902851636327444446e-30
2.556061081852457760e-29
6.407493753186955073e-29
4.514604547130138030e-27
8.115383649120016040e-29
6.157759753237064234e-29
5.079277305286555964e-29
2.226269768439672647e-27
3.861906375919656302e-29
2.327708951235021584e-27
1.030579091072822774e-29
3.188000215308512930e-29
1.436120615197797623e-28
8.382335045017724750e-30
1.658736283817753990e-29
4.030002321019098149e-27
8.632710141121368424e-29
2.107340339807629708e-28
2.152690815457411893e-28
9.997814674906322526e-29
1.872915260005648921e-26
5.121387890751557524e-27
3.212563539523601504e-28
1.723233845155198918e-26
3.245518030547429827e-28
8.403617198119361753e-29
3.889191764304316987e-28
1.278880594305922905e-29
2.198057108747417519e-29
7.777708781926053543e-29
1.922478173154652695e-28
3.861206094187825028e-27
1.569718146460674441e-28
3.050521645961571540e-29
1.395949601571698198e-28
1.435283654922746319e-29
1.871814057399548256e-28
1.557630545997686493e-28
2.521679216045296867e-28
2.154861530075189367e-29
3.518041893549256343e-27
1.144544190704728860e-28
3.638327788607664427e-29
9.056458589958781990e-29
9.226318166470346848e-29
9.707018667154732955e-28
8.188896180918618565e-28
8.300220441065280044e-29
2.175154569380234625e-29
6.034024463765540710e-29
1.122620428698224173e-29
1.121415015037179173e-28
8.751508795547516704e-28
8.494753252278617526e-29
1.599846410230072370e-27
6.967333620125389298e-28
4.196094688855104969e-26
8.903019961383269896e-29
2.374267306027835941e-28
3.887100729861579687e-27
1.290602488066990310e-28
5.229776163464236481e-29
4.326886862793340710e-27
1.349959379674388238e-27
