3.514764359128804961e-28
8.289303119135304060e-29
1.872915260005648921e-26
2.107340339807629708e-28
4.514604547130138030e-27
2.061924713254897619e-28
5.773756997193877541e-30
3.889191764304316987e-28
1.443243047720881226e-28
3.638327788607664427e-29
2.154861530075189367e-29
1.229626385621226853e-26
6.066277581666652462e-27
6.407493753186955073e-29
2.659215222614449194e-27
1.398096797405935165e-29
6.034024463765540710e-29
1.569718146460674441e-28
4.158520788253255174e-29
8.977074762913827692e-29
9.707018667154732955e-28
2.521679216045296867e-28
5.796829568096700160e-27
3.222363704105679691e-28
2.226269768439672647e-27
2.327708951235021584e-27
3.861206094187825028e-27
5.527311650305406782e-29
8.905625304689481620e-29
1.395949601571698198e-28
5.022218094759774263e-29
1.675858653944203137e-29
2.152690815457411893e-28
9.997814674906322526e-29
1.121415015037179173e-28
8.921229830859542248e-29
1.871814057399548256e-28
3.662339339969354418e-27
1.054979750642850394e-27
5.088068484934721827e-28
1.030579091072822774e-29
1.723233845155198918e-26
1.436120615197797623e-28
4.030002321019098149e-27
6.157759753237064234e-29
3.245518030547429827e-28
8.115383649120016040e-29
5.098118246616229532e-28
8.903019961383269896e-29
3.188000215308512930e-29
1.144544190704728860e-28
2.088996403933075652e-29
5.121387890751557524e-27
1.731214538483911810e-28
3.664815466279737595e-29
8.632710141121368424e-29
2.866144408596010001e-29
3.524757352337304826e-29
9.056458589958781990e-29
7.777708781926053543e-29
1.652289811821373414e-27
1.488489507700461375e-28
6.587768094554954109e-29
8.300220441065280044e-29
3.467908537094676417e-29
3.518041893549256343e-27
4.363103318914918729e-28
4.326886862793340710e-27
1.551113740191437443e-29
1.624283400996162707e-24
2.175154569380234625e-29
2.435917026049797659e-28
3.889457740401723580e-27
2.866960016181236500e-29
2.590539460124618111e-28
8.382335045017724750e-30
1.912282822290447569e-29
2.912064015651114070e-29
7.326311933465023322e-29
1.326801657482322178e-29
4.560328149255578045e-29
1.791310804841644065e-28
1.290602488066990310e-28
