1.229626385621226853e-26
1.361114649163917866e-28
4.363103318914918729e-28
3.697953288856372700e-28
2.061924713254897619e-28
2.947500980968612642e-28
1.624283400996162707e-24
5.796829568096700160e-27
6.157759753237064234e-29
2.152690815457411893e-28
9.056458589958781990e-29
2.912064015651114070e-29
1.569718146460674441e-28
6.591675764040625684e-28
4.030002321019098149e-27
4.514604547130138030e-27
3.894709065906926302e-29
2.374267306027835941e-28
3.188000215308512930e-29
6.407493753186955073e-29
4.326886862793340710e-27
1.723233845155198918e-26
3.889457740401723580e-27
8.289303119135304060e-29
1.349959379674388238e-27
1.871814057399548256e-28
3.381523296577570514e-28
5.088068484934721827e-28
1.744271154593485756e-29
3.662339339969354418e-27
8.637202203588868413e-29
2.327708951235021584e-27
8.368663553642933177e-27
2.625807620953332019e-29
8.115383649120016040e-29
4.196094688855104969e-26
6.066277581666652462e-27
2.466217324524408210e-27
1.436120615197797623e-28
1.872915260005648921e-26
8.069498573550916786e-28
5.121387890751557524e-27
2.107340339807629708e-28
2.659215222614449194e-27
6.142688278168588914e-29
8.632710141121368424e-29
3.889191764304316987e-28
3.381082374988551871e-27
1.144544190704728860e-28
1.912282822290447569e-29
3.074250977117345758e-29
3.245518030547429827e-28
5.079277305286555964e-29
1.069317442795723635e-29
1.395949601571698198e-28
3.518041893549256343e-27
6.587768094554954109e-29
5.643755875451307532e-28
1.685317320939221855e-28
9.148274095001532157e-29
3.505693003458262201e-28
2.521679216045296867e-28
9.226318166470346848e-29
2.070882637748494477e-28
6.034024463765540710e-29
9.249977530927536131e-29
8.903019961383269896e-29
7.777708781926053543e-29
3.861206094187825028e-27
8.300220441065280044e-29
1.652289811821373414e-27
1.290602488066990310e-28
3.887100729861579687e-27
1.131824345362235541e-27
9.702929860582819474e-28
3.467908537094676417e-29
4.560328149255578045e-29
9.707018667154732955e-28
7.684969925888814557e-28
2.616991233097453728e-27
9.949688740897505631e-29
3.050521645961571540e-29
6.447542963120487804e-29
4.522461945991811113e-28
2.166551200581601481e-29
3.317685363821051150e-28
1.350118972005512963e-27
