8.921229830859542248e-29
1.165045264612004919e-27
1.783621859717478530e-28
3.518041893549256343e-27
1.120364412619485583e-28
5.796829568096700160e-27
8.289303119135304060e-29
4.030002321019098149e-27
7.672656655867877641e-29
4.196094688855104969e-26
5.960039027293882467e-29
1.229626385621226853e-26
6.407493753186955073e-29
1.462832581453351325e-29
1.744271154593485756e-29
2.070882637748494477e-28
2.152690815457411893e-28
1.290602488066990310e-28
1.395949601571698198e-28
2.107340339807629708e-28
3.889457740401723580e-27
3.212563539523601504e-28
2.947500980968612642e-28
4.514604547130138030e-27
9.249977530927536131e-29
2.175154569380234625e-29
2.659215222614449194e-27
1.599846410230072370e-27
1.569718146460674441e-28
1.624283400996162707e-24
9.387258193832671563e-29
1.054979750642850394e-27
3.162556221403539328e-28
1.723233845155198918e-26
8.632710141121368424e-29
1.871814057399548256e-28
2.327708951235021584e-27
2.435917026049797659e-28
1.277811156585822798e-29
1.436120615197797623e-28
3.889191764304316987e-28
9.226318166470346848e-29
4.363103318914918729e-28
3.002317878251627839e-29
1.731214538483911810e-28
6.066277581666652462e-27
3.505693003458262201e-28
2.998732832252905909e-27
3.559700285961960981e-29
3.188000215308512930e-29
3.245518030547429827e-28
4.522461945991811113e-28
5.079277305286555964e-29
6.157759753237064234e-29
3.274041915054431743e-29
1.144544190704728860e-28
5.088068484934721827e-28
8.300220441065280044e-29
5.121387890751557524e-27
2.061924713254897619e-28
3.930714234311719908e-29
1.872915260005648921e-26
9.707018667154732955e-28
3.757798127471988990e-29
8.903019961383269896e-29
3.524757352337304826e-29
1.342518186131020821e-27
1.685317320939221855e-28
1.349959379674388238e-27
1.912282822290447569e-29
1.652289811821373414e-27
3.050521645961571540e-29
3.467908537094676417e-29
8.115383649120016040e-29
1.496938667979394397e-29
7.777708781926053543e-29
1.791310804841644065e-28
1.922478173154652695e-28
4.560328149255578045e-29
2.374267306027835941e-28
5.544415357643491914e-29
4.158520788253255174e-29
9.148274095001532157e-29
9.949688740897505631e-29
7.597014656250156947e-28
6.447542963120487804e-29
3.210946452869447291e-29
