2.327708951235021584e-27
8.289303119135304060e-29
8.115383649120016040e-29
2.088996403933075652e-29
3.524757352337304826e-29
1.462832581453351325e-29
3.162556221403539328e-28
4.514604547130138030e-27
2.521679216045296867e-28
5.421585340039269272e-29
1.702652652644454888e-29
2.866960016181236500e-29
2.633536952177586122e-29
6.066277581666652462e-27
2.663383364555217930e-29
1.229626385621226853e-26
3.518041893549256343e-27
1.361685107105990502e-29
3.861206094187825028e-27
2.659215222614449194e-27
6.407493753186955073e-29
1.265263240224481760e-28
1.871814057399548256e-28
3.889457740401723580e-27
1.023456506260131043e-27
1.488489507700461375e-28
5.615067450709924042e-29
3.469760589725251016e-29
5.946729312283875000e-28
5.796829568096700160e-27
1.569718146460674441e-28
1.395949601571698198e-28
8.382335045017724750e-30
2.866144408596010001e-29
7.667405068264915877e-30
1.277811156585822798e-29
5.121387890751557524e-27
2.152690815457411893e-28
3.697953288856372700e-28
9.249977530927536131e-29
1.723233845155198918e-26
3.664815466279737595e-29
1.675858653944203137e-29
3.188000215308512930e-29
3.889191764304316987e-28
1.731214538483911810e-28
4.030002321019098149e-27
3.212563539523601504e-28
4.522461945991811113e-28
1.436120615197797623e-28
8.903019961383269896e-29
6.687132583809277498e-29
8.300220441065280044e-29
3.245518030547429827e-28
1.872915260005648921e-26
5.022218094759774263e-29
9.056458589958781990e-29
3.505693003458262201e-28
1.993461722095309578e-29
3.467908537094676417e-29
1.922478173154652695e-28
7.777708781926053543e-29
4.326886862793340710e-27
9.281368126073576570e-28
1.645968347900200564e-28
1.599846410230072370e-27
1.212884989977455782e-28
2.998732832252905909e-27
4.363103318914918729e-28
8.632710141121368424e-29
3.757798127471988990e-29
1.304834137346312225e-28
6.157759753237064234e-29
7.597014656250156947e-28
5.949979169859128708e-30
9.997814674906322526e-29
3.894709065906926302e-29
4.158520788253255174e-29
1.791310804841644065e-28
1.349959379674388238e-27
1.565483681433059992e-29
9.707018667154732955e-28
2.374267306027835941e-28
1.912282822290447569e-29
