5.796829568096700160e-27
4.143417159121688063e-28
3.454395459817370083e-28
2.061924713254897619e-28
6.833219347828529039e-29
1.054979750642850394e-27
3.518041893549256343e-27
1.201164413147577651e-27
2.521679216045296867e-28
1.558412805371012028e-28
4.030002321019098149e-27
1.229626385621226853e-26
6.157759753237064234e-29
3.889457740401723580e-27
6.407493753186955073e-29
4.514604547130138030e-27
3.889191764304316987e-28
1.036386369912686063e-27
5.088068484934721827e-28
9.226318166470346848e-29
2.765934908479080993e-27
8.368663553642933177e-27
1.395949601571698198e-28
2.616991233097453728e-27
1.508934082377438868e-26
9.249977530927536131e-29
1.569718146460674441e-28
1.518677167815066291e-28
3.505693003458262201e-28
1.872915260005648921e-26
1.349959379674388238e-27
2.070882637748494477e-28
8.429848772017165808e-28
2.327708951235021584e-27
3.926260719330653428e-28
2.659215222614449194e-27
1.723233845155198918e-26
1.791310804841644065e-28
6.066277581666652462e-27
2.540185425327150847e-27
1.652289811821373414e-27
2.107340339807629708e-28
4.196094688855104969e-26
3.662339339969354418e-27
1.436120615197797623e-28
9.997814674906322526e-29
9.281368126073576570e-28
1.787495008065200252e-27
4.985940229721627652e-28
8.632710141121368424e-29
5.121387890751557524e-27
1.624283400996162707e-24
1.194917179235231281e-28
6.034024463765540710e-29
4.560328149255578045e-29
7.777708781926053543e-29
1.073066722445474235e-26
8.300220441065280044e-29
1.871814057399548256e-28
4.363103318914918729e-28
8.903019961383269896e-29
4.326886862793340710e-27
9.707018667154732955e-28
1.350118972005512963e-27
2.374267306027835941e-28
3.861206094187825028e-27
9.702929860582819474e-28
3.887100729861579687e-27
9.949688740897505631e-29
7.326311933465023322e-29
1.195057472417537634e-28
8.314754603295152917e-26
3.381082374988551871e-27
4.522461945991811113e-28
2.410781895590187683e-27
7.338586194309176212e-28
1.182355900232195577e-27
6.227524966658500769e-28
7.481837828632143170e-29
8.921229830859542248e-29
4.544484546552289222e-28
1.222788517984727665e-27
9.818107203711776614e-29
1.019363759301035006e-25
1.474518131553469021e-28
8.428096903473901247e-27
