4.855894094856653082e-29
3.492225478358693269e-29
9.431743090908102705e-29
1.172063433809450531e-29
6.986649898956892108e-30
4.574402054782151765e-29
1.698561267736989194e-29
1.436120615197797623e-28
1.790369907082359937e-29
3.852385506220315111e-30
2.375799189919511102e-29
5.699940788920499777e-30
2.556061081852457760e-29
1.340348695352855680e-29
2.826647523757834355e-30
3.222363704105679691e-28
2.520171050406161417e-29
1.283433807740707716e-29
2.228166209136685189e-29
9.684927682050013226e-29
8.779262047299318253e-29
5.908518591106181252e-30
1.872452188973240305e-29
2.633536952177586122e-29
9.611684556596804301e-30
3.188000215308512930e-29
4.751337456307351572e-30
inf
9.069557735621393529e-30
6.057651872168897229e-29
1.683637130801892886e-29
1.254261708242302103e-30
2.012918159678271903e-30
8.212860406221401369e-31
1.647615036209930438e-28
3.036053699448931287e-28
inf
1.325407979779524030e-29
2.488580869339831551e-29
2.152690815457411893e-28
2.411182448459856697e-30
2.770414388114558316e-30
4.514604547130138030e-27
3.679665508758392706e-30
4.110588844748381760e-30
4.030002321019098149e-27
9.784842659217636093e-30
1.750605017280449097e-29
1.462832581453351325e-29
4.482312817552582580e-29
7.973982445658209060e-30
2.327708951235021584e-27
2.492472005624223325e-30
inf
6.066277581666652462e-27
