6.190358398437500000e+03 3.039354003906250000e+03 8.971145019531250000e+02 -1.965737304687500000e+02 4.883248901367187500e+02 1.122134628295898438e+02 7.629379651764224000e+15 9.428436762230784000e+15 5.955468224626688000e+15 3.880855139254272000e+15 1.688827445903360000e+15 3.002939697265625000e+03 1.381785034179687500e+03 5.160278320312500000e+00 6.533341482281684875e-03 6.807476282119750977e-01 1.215513877600000000e+10 -1.000000000000000000e+00
5.723877929687500000e+03 3.428587890625000000e+03 1.464761718750000000e+03 -5.443302154541015625e+01 3.037627563476562500e+02 2.846561889648437500e+02 6.958901433991168000e+15 7.998296941395968000e+15 5.332588445040640000e+15 3.679918583971840000e+15 1.242792005206016000e+15 2.925483154296875000e+03 1.852911254882812500e+03 4.884938240051269531e+00 1.137610618025064468e-02 6.857925653457641602e-01 1.170642373400000000e+10 -1.000000000000000000e+00
3.423016113281250000e+03 3.466087890625000000e+03 7.578156738281250000e+02 -2.376831665039062500e+02 -5.267540283203125000e+02 3.215554199218750000e+02 6.685454288027648000e+15 7.176432937598976000e+15 5.244029440622592000e+15 2.055206544080896000e+15 4.064806038405120000e+14 2.418547607421875000e+03 2.312600097656250000e+03 4.711538791656494141e+00 2.076734416186809540e-02 1.206948399543762207e+00 3.705694888000000000e+09 -1.000000000000000000e+00
2.573746093750000000e+03 4.400429687500000000e+03 2.438581054687500000e+03 1.706993103027343750e+02 -1.786830596923828125e+02 -2.696794738769531250e+02 5.967416286773248000e+15 7.118018161147904000e+15 4.287023217115136000e+15 2.829745376985088000e+15 8.592320983203840000e+14 2.682095947265625000e+03 1.804383300781250000e+03 4.698720455169677734e+00 2.455581165850162506e-02 6.881513595581054688e-01 2.257803112100000000e+10 -1.000000000000000000e+00
3.421931396484375000e+03 3.466471923828125000e+03 7.561824340820312500e+02 1.574847167968750000e+03 1.467653961181640625e+02 1.142841064453125000e+03 6.342073800196096000e+15 6.795489202667520000e+15 5.512947006701568000e+15 3.431149246349312000e+15 3.068713867673600000e+14 2.940111572265625000e+03 2.283463378906250000e+03 4.626651763916015625e+00 4.152320325374603271e-02 8.028148412704467773e-01 3.705694893000000000e+09 3.705694888000000000e+09
1.950044799804687500e+03 6.211048828125000000e+03 1.332787475585937500e+03 -2.223181533813476562e+01 -2.828416137695312500e+02 -8.797965240478515625e+01 5.954570039590912000e+15 6.307477838626816000e+15 5.141491928268800000e+15 3.322832587063296000e+15 1.134006657613824000e+15 2.878466064453125000e+03 2.189771240234375000e+03 4.513136863708496094e+00 1.312829460948705673e-02 7.675022482872009277e-01 2.002578727100000000e+10 -1.000000000000000000e+00
6.199455566406250000e+03 6.676958984375000000e+03 4.351037902832031250e+02 3.289910583496093750e+02 -2.767272033691406250e+02 3.217523193359375000e+02 5.733290103275520000e+15 6.132937347039232000e+15 4.466015442305024000e+15 2.481210659962880000e+15 5.081593240616960000e+14 2.683727050781250000e+03 2.850122802734375000e+03 4.471117496490478516e+00 4.764699842780828476e-03 6.682597994804382324e-01 2.903309131100000000e+10 -1.000000000000000000e+00
4.401087890625000000e+03 3.014454833984375000e+03 1.295238281250000000e+03 -1.220387878417968750e+02 -2.490419006347656250e+02 -5.451887817382812500e+02 5.543872381845504000e+15 5.946994791022592000e+15 4.435363334455296000e+15 2.562389836824576000e+15 7.404116938588160000e+14 2.674339111328125000e+03 2.524952148437500000e+03 4.425467014312744141e+00 1.847525313496589661e-02 7.081312537193298340e-01 1.155328355300000000e+10 -1.000000000000000000e+00
5.693472656250000000e+03 1.341881713867187500e+03 7.274148437500000000e+03 -6.364072875976562500e+02 -5.861085205078125000e+02 4.008987121582031250e+02 5.551095979966464000e+15 5.894203200503808000e+15 4.887177787867136000e+15 3.365120566624256000e+15 1.028735667011584000e+15 2.843810058593750000e+03 1.673286865234375000e+03 4.412333011627197266e+00 2.964434772729873657e-02 7.330565452575683594e-01 4.821359337200000000e+10 -1.000000000000000000e+00
4.380479492187500000e+03 7.255004394531250000e+03 2.729705810546875000e+03 -3.144727172851562500e+02 -4.855630187988281250e+02 2.552638854980468750e+02 5.372182137929728000e+15 5.891079148666880000e+15 4.197605487673344000e+15 2.480937392668672000e+15 7.855501224181760000e+14 2.629075195312500000e+03 2.208761474609375000e+03 4.411553382873535156e+00 2.719011530280113220e-02 6.698893308639526367e-01 3.255414447200000000e+10 -1.000000000000000000e+00
