2.851000000000000000e+03 2.754919751267341880e+43 -1.183528390443089961e+26 -1.398390749790924554e+26 -1.376909009784803870e+26
6.160820000000000000e+05 2.754919751267341880e+43 -1.192318352849014814e+26 -1.392340290512347599e+26 -1.376419279003106635e+26
3.011000000000000000e+03 2.754919751267341880e+43 -1.199119740695146129e+26 -1.365943524150020128e+26 -1.370835407924369820e+26
2.874000000000000000e+03 2.754919751267341880e+43 -1.159350419116322982e+26 -1.369553405316904541e+26 -1.387178289415383209e+26
2.847000000000000000e+03 2.754919751267341880e+43 -1.170456929859299326e+26 -1.381603699476245409e+26 -1.372432728209640006e+26
6.156770000000000000e+05 2.754919751267341880e+43 -1.159503015515444131e+26 -1.384303064688184831e+26 -1.372078357424951292e+26
2.872000000000000000e+03 2.754919751267341880e+43 -1.163609738986575628e+26 -1.377752147076945687e+26 -1.371546439645076780e+26
1.689900000000000000e+04 2.754919751267341880e+43 -1.162118609402431690e+26 -1.375558784774571824e+26 -1.368717017944470958e+26
2.876000000000000000e+03 2.754919751267341880e+43 -1.164839309182020827e+26 -1.370474528288533949e+26 -1.371733267779861593e+26
3.012000000000000000e+03 2.754919751267341880e+43 -1.172365951793958797e+26 -1.367191174487541204e+26 -1.376188576390217529e+26
1.690000000000000000e+04 2.754919751267341880e+43 -1.160859387773981893e+26 -1.361273182383240892e+26 -1.370162826639144492e+26
2.855000000000000000e+03 2.754919751267341880e+43 -1.162930528315922432e+26 -1.378318055523922959e+26 -1.365853123439640224e+26
2.878000000000000000e+03 2.754919751267341880e+43 -1.141469761274609849e+26 -1.351183619364896519e+26 -1.383878060815119451e+26
6.156790000000000000e+05 2.754919751267341880e+43 -1.147838189985162514e+26 -1.331141299736582750e+26 -1.391825488600305177e+26
1.706700000000000000e+04 2.754919751267341880e+43 -1.140545142808845873e+26 -1.321257729803623737e+26 -1.394231232304931192e+26
3.015000000000000000e+03 2.754919751267341880e+43 -1.169543521081622284e+26 -1.350392914484774953e+26 -1.358505956371376316e+26
2.985000000000000000e+03 2.754919751267341880e+43 -1.141436614347470683e+26 -1.352412466354658663e+26 -1.377296286428070846e+26
1.692800000000000000e+04 2.754919751267341880e+43 -1.144817600915673544e+26 -1.332994755367928842e+26 -1.373088555229874858e+26
2.789000000000000000e+03 2.754919751267341880e+43 -1.202954538829455374e+26 -1.399095152126203474e+26 -1.345781996118285451e+26
3.009000000000000000e+03 2.754919751267341880e+43 -1.191957473213178943e+26 -1.400045082790874057e+26 -1.320277545034546211e+26
6.160860000000000000e+05 2.754919751267341880e+43 -1.173566714296362992e+26 -1.390395469896377815e+26 -1.345539842748748163e+26
6.158970000000000000e+05 2.754919751267341880e+43 -1.139116570516284623e+26 -1.376284642211780997e+26 -1.355027457570243875e+26
6.161140000000000000e+05 2.754919751267341880e+43 -1.161107206254702917e+26 -1.389030057566802114e+26 -1.322271784705523657e+26
6.159280000000000000e+05 2.754919751267341880e+43 -1.109566988978752615e+26 -1.391249455273765296e+26 -1.399581387413766141e+26
6.159350000000000000e+05 2.754919751267341880e+43 -1.105631544720220663e+26 -1.382978513479700662e+26 -1.365987037025282806e+26
2.989000000000000000e+03 2.754919751267341880e+43 -1.134007604502742830e+26 -1.372757568095604488e+26 -1.357700787377593979e+26
1.853800000000000000e+04 2.754919751267341880e+43 -1.106167440131351896e+26 -1.342804196718376276e+26 -1.395535292685729241e+26
1.853600000000000000e+04 2.754919751267341880e+43 -1.104716086859774992e+26 -1.345111704984389656e+26 -1.395269152994371264e+26
3.042000000000000000e+03 2.754919751267341880e+43 -1.135364217829841668e+26 -1.320146283203074776e+26 -1.392654161778786223e+26
6.158990000000000000e+05 2.754919751267341880e+43 -1.137994878501892687e+26 -1.326072592172730143e+26 -1.381059005062637141e+26
1.703200000000000000e+04 2.754919751267341880e+43 -1.116813992059915968e+26 -1.323389740157219949e+26 -1.382127903062167384e+26
1.708500000000000000e+04 2.754919751267341880e+43 -1.120745579221471737e+26 -1.320682299148486547e+26 -1.380093163872939848e+26
1.692200000000000000e+04 2.754919751267341880e+43 -1.116279663594431213e+26 -1.323330919428332905e+26 -1.382635111314538151e+26
1.709400000000000000e+04 2.754919751267341880e+43 -1.117765489670233029e+26 -1.336338737912016183e+26 -1.371858502897307679e+26
6.159310000000000000e+05 2.754919751267341880e+43 -1.126362597227347719e+26 -1.353359624730877561e+26 -1.365776102034396765e+26
6.159030000000000000e+05 2.754919751267341880e+43 -1.131500853071052495e+26 -1.332592773542440192e+26 -1.371447360466500551e+26
1.715500000000000000e+04 2.754919751267341880e+43 -1.127725960474154962e+26 -1.326211929800995385e+26 -1.358453162356514451e+26
3.046000000000000000e+03 2.754919751267341880e+43 -1.121760839466176693e+26 -1.332022887464206199e+26 -1.364010877496381409e+26
1.850900000000000000e+04 2.754919751267341880e+43 -1.118986743000323173e+26 -1.328614660148608812e+26 -1.364748667827360744e+26
1.718700000000000000e+04 2.754919751267341880e+43 -1.124328099106681259e+26 -1.330497164541556812e+26 -1.363102531158485586e+26
1.715600000000000000e+04 2.754919751267341880e+43 -1.125169428384615522e+26 -1.327746331191841098e+26 -1.359619572588974444e+26
1.695200000000000000e+04 2.754919751267341880e+43 -1.124796736389289856e+26 -1.327227672182822321e+26 -1.359844971693521256e+26
1.732000000000000000e+04 2.754919751267341880e+43 -1.121501449694526950e+26 -1.326723356753183777e+26 -1.361525460632340616e+26
1.850500000000000000e+04 2.754919751267341880e+43 -1.120860086787952697e+26 -1.320975317984397436e+26 -1.368058900772906401e+26
1.728900000000000000e+04 2.754919751267341880e+43 -1.118709273086597552e+26 -1.324063647319530850e+26 -1.360037585473770343e+26
1.706900000000000000e+04 2.754919751267341880e+43 -1.119198280662611903e+26 -1.322718846351921636e+26 -1.359298107662863993e+26
1.709000000000000000e+04 2.754919751267341880e+43 -1.115479074903308115e+26 -1.334533495992872717e+26 -1.372586047814444039e+26
1.707100000000000000e+04 2.754919751267341880e+43 -1.113627306751889210e+26 -1.322167522552885673e+26 -1.365075556796093855e+26
1.729500000000000000e+04 2.754919751267341880e+43 -1.113370327665849710e+26 -1.322887353276069496e+26 -1.363458951025942928e+26
1.730500000000000000e+04 2.754919751267341880e+43 -1.115352152305935014e+26 -1.320235719639210548e+26 -1.365274317824648830e+26
1.729100000000000000e+04 2.754919751267341880e+43 -1.114733811446937491e+26 -1.321888726762074478e+26 -1.363412183725106413e+26
1.729300000000000000e+04 2.754919751267341880e+43 -1.115411816774785651e+26 -1.322991615428707481e+26 -1.359616920834803297e+26
1.690300000000000000e+04 2.754919751267341880e+43 -1.111185041160269825e+26 -1.321806642917049630e+26 -1.358671449938511587e+26
1.714000000000000000e+04 2.754919751267341880e+43 -1.109417405936644226e+26 -1.316047876597298335e+26 -1.357765032149103854e+26
6.159010000000000000e+05 2.754919751267341880e+43 -1.117580951686777749e+26 -1.390632440291853346e+26 -1.345587092186706659e+26
2.875000000000000000e+03 2.754919751267341880e+43 -1.136854142071180571e+26 -1.385215750260178818e+26 -1.340537670107735137e+26
3.040000000000000000e+03 2.754919751267341880e+43 -1.133679389656924145e+26 -1.370696914036068171e+26 -1.356455065588560822e+26
1.703700000000000000e+04 2.754919751267341880e+43 -1.108648758829855430e+26 -1.359430454302859926e+26 -1.337215142665577704e+26
1.712000000000000000e+04 2.754919751267341880e+43 -1.122027461294656650e+26 -1.389200734107998970e+26 -1.328561504530905505e+26
6.163700000000000000e+05 2.754919751267341880e+43 -1.130253202733531418e+26 -1.372978748500333675e+26 -1.314485993390497020e+26
1.718300000000000000e+04 2.754919751267341880e+43 -1.124034236530806776e+26 -1.360034451582477216e+26 -1.319058581855785600e+26
1.718100000000000000e+04 2.754919751267341880e+43 -1.123965773059479104e+26 -1.359314379790732317e+26 -1.317998723927293297e+26
1.853700000000000000e+04 2.754919751267341880e+43 -1.063339561184680299e+26 -1.368752937160061809e+26 -1.325011528901432804e+26
1.693500000000000000e+04 2.754919751267341880e+43 -1.126322579846219609e+26 -1.337325793135082653e+26 -1.356631768843783199e+26
3.043000000000000000e+03 2.754919751267341880e+43 -1.120430382077947712e+26 -1.340368439977904221e+26 -1.350641456171179033e+26
1.701400000000000000e+04 2.754919751267341880e+43 -1.123834270159446765e+26 -1.356526542416901083e+26 -1.335803565706568006e+26
1.692000000000000000e+04 2.754919751267341880e+43 -1.118058267437582842e+26 -1.354879803076623578e+26 -1.337811064148401188e+26
1.721000000000000000e+04 2.754919751267341880e+43 -1.125152071448222529e+26 -1.335807422803544189e+26 -1.339119463763297399e+26
1.734400000000000000e+04 2.754919751267341880e+43 -1.113334649518819934e+26 -1.336205547532056657e+26 -1.352819390085648165e+26
1.712400000000000000e+04 2.754919751267341880e+43 -1.111412127744743652e+26 -1.336035232593701243e+26 -1.352604839066346846e+26
1.706500000000000000e+04 2.754919751267341880e+43 -1.113226530269205595e+26 -1.340479693118811515e+26 -1.349768908514593694e+26
1.712200000000000000e+04 2.754919751267341880e+43 -1.106841829430784777e+26 -1.336654658261223264e+26 -1.351176025705224692e+26
1.692400000000000000e+04 2.754919751267341880e+43 -1.106379459930762435e+26 -1.340959299020946314e+26 -1.348207386910633993e+26
1.703300000000000000e+04 2.754919751267341880e+43 -1.109215149413954682e+26 -1.354702135547157241e+26 -1.336962141210794925e+26
1.695400000000000000e+04 2.754919751267341880e+43 -1.125296712584830065e+26 -1.328362743502350530e+26 -1.356813775607347698e+26
1.693200000000000000e+04 2.754919751267341880e+43 -1.123196764349848695e+26 -1.328781359058549118e+26 -1.357638350620291658e+26
1.720100000000000000e+04 2.754919751267341880e+43 -1.122657373444582721e+26 -1.328424457053969796e+26 -1.357122222831163490e+26
1.717800000000000000e+04 2.754919751267341880e+43 -1.126869443876876872e+26 -1.327430049239792574e+26 -1.356886819381334608e+26
1.717600000000000000e+04 2.754919751267341880e+43 -1.126479274410877845e+26 -1.326537733961203999e+26 -1.356673353170557958e+26
1.695800000000000000e+04 2.754919751267341880e+43 -1.126657906214588313e+26 -1.326487471166232915e+26 -1.356851864439987716e+26
1.695600000000000000e+04 2.754919751267341880e+43 -1.126602580979835839e+26 -1.326555693568999511e+26 -1.356328986731151315e+26
1.694900000000000000e+04 2.754919751267341880e+43 -1.127047834612026264e+26 -1.325836224448657129e+26 -1.356960586361004573e+26
1.715200000000000000e+04 2.754919751267341880e+43 -1.126212893650958792e+26 -1.327050125187636522e+26 -1.356120582960155883e+26
1.718200000000000000e+04 2.754919751267341880e+43 -1.126953817873231254e+26 -1.326112489019577715e+26 -1.356216046110316833e+26
1.720300000000000000e+04 2.754919751267341880e+43 -1.121469508110192819e+26 -1.328090456562686837e+26 -1.356038860717972477e+26
1.720700000000000000e+04 2.754919751267341880e+43 -1.123798109875294838e+26 -1.324883642029815571e+26 -1.347870373062338274e+26
1.718400000000000000e+04 2.754919751267341880e+43 -1.130725576578835660e+26 -1.324407652156096051e+26 -1.356529435239633305e+26
1.715900000000000000e+04 2.754919751267341880e+43 -1.123868863497952043e+26 -1.320703151579014109e+26 -1.356850900165743757e+26
1.695700000000000000e+04 2.754919751267341880e+43 -1.117075551448614707e+26 -1.319559763394131017e+26 -1.356824382624032286e+26
1.717700000000000000e+04 2.754919751267341880e+43 -1.117394364620554011e+26 -1.318993131741470690e+26 -1.355580709917767930e+26
1.694200000000000000e+04 2.754919751267341880e+43 -1.122726560121593448e+26 -1.324630278972191178e+26 -1.351976855464908866e+26
1.718000000000000000e+04 2.754919751267341880e+43 -1.121216988792532019e+26 -1.317025650680765618e+26 -1.350005276238666536e+26
3.061000000000000000e+03 2.754919751267341880e+43 -1.118384071597791456e+26 -1.317978594702448790e+26 -1.348640466580493353e+26
1.720800000000000000e+04 2.754919751267341880e+43 -1.125258985355031661e+26 -1.335267429226875869e+26 -1.338188336446385921e+26
1.720500000000000000e+04 2.754919751267341880e+43 -1.123055257104534285e+26 -1.323077435836427974e+26 -1.345614935605503703e+26
1.718800000000000000e+04 2.754919751267341880e+43 -1.124467557269227039e+26 -1.319709828573361386e+26 -1.344616309091508685e+26
1.712600000000000000e+04 2.754919751267341880e+43 -1.108534251263374299e+26 -1.318882360737685375e+26 -1.357309412568789917e+26
1.736000000000000000e+04 2.754919751267341880e+43 -1.109825414476158227e+26 -1.316363435343663802e+26 -1.357618100861166613e+26
1.734600000000000000e+04 2.754919751267341880e+43 -1.108102376936320148e+26 -1.315774986986231952e+26 -1.357199726373529100e+26
1.692600000000000000e+04 2.754919751267341880e+43 -1.115778240987524892e+26 -1.320198715615095027e+26 -1.343503657148154516e+26
1.716200000000000000e+04 2.754919751267341880e+43 -1.123358280285727245e+26 -1.350924470661808024e+26 -1.330432919770046937e+26
1.716600000000000000e+04 2.754919751267341880e+43 -1.122796711072848135e+26 -1.350665924630121874e+26 -1.329464185757617593e+26
1.695900000000000000e+04 2.754919751267341880e+43 -1.122054943110612080e+26 -1.350652786393546677e+26 -1.330070111585722974e+26
1.717900000000000000e+04 2.754919751267341880e+43 -1.122239119491225746e+26 -1.350383030673773421e+26 -1.330225118670454023e+26
1.715700000000000000e+04 2.754919751267341880e+43 -1.119223713395798704e+26 -1.341736624595931607e+26 -1.329339191708732411e+26
1.715300000000000000e+04 2.754919751267341880e+43 -1.122581918984985740e+26 -1.340286958804281890e+26 -1.328160004842539006e+26
1.693300000000000000e+04 2.754919751267341880e+43 -1.122658217184546315e+26 -1.339664760848308184e+26 -1.326783864961998007e+26
1.721100000000000000e+04 2.754919751267341880e+43 -1.119495759266901493e+26 -1.356068632685257612e+26 -1.314340267445364986e+26
1.718500000000000000e+04 2.754919751267341880e+43 -1.134293029678981892e+26 -1.341113944502835921e+26 -1.318479173569391689e+26
1.894400000000000000e+04 2.754919751267341880e+43 -1.100266925497724944e+26 -1.339290381373055502e+26 -1.321734683951587389e+26
1.895000000000000000e+04 2.754919751267341880e+43 -1.098540151395191048e+26 -1.340409421633276290e+26 -1.320651442372676914e+26
1.710500000000000000e+04 2.754919751267341880e+43 -1.114951375823251399e+26 -1.316626561678009190e+26 -1.334647883025073139e+26
1.719100000000000000e+04 2.754919751267341880e+43 -1.113347064549712076e+26 -1.327416669934656301e+26 -1.322743796947986457e+26
1.896100000000000000e+04 2.754919751267341880e+43 -1.099399319746640286e+26 -1.328773885933157657e+26 -1.319379805713334976e+26
1.721200000000000000e+04 2.754919751267341880e+43 -1.101034849398830856e+26 -1.326418163954941822e+26 -1.315134347285340755e+26
1.721400000000000000e+04 2.754919751267341880e+43 -1.099970893304801294e+26 -1.327571556485106984e+26 -1.315945542993148441e+26
1.853900000000000000e+04 2.754919751267341880e+43 -1.075021261514232930e+26 -1.340257066302716217e+26 -1.338483163296504536e+26
2.769000000000000000e+03 2.754919751267341880e+43 -1.219678549715429680e+26 -1.281938362693930964e+26 -1.399796420570189440e+26
1.852500000000000000e+04 2.754919751267341880e+43 -1.161538357376074185e+26 -1.299030605806852064e+26 -1.395689697099057944e+26
1.849800000000000000e+04 2.754919751267341880e+43 -1.142431986435892036e+26 -1.310942044475049669e+26 -1.400220460169010689e+26
1.707000000000000000e+04 2.754919751267341880e+43 -1.142655095389109314e+26 -1.303876686554609544e+26 -1.400572902405211311e+26
1.731600000000000000e+04 2.754919751267341880e+43 -1.157970422138805972e+26 -1.300116017002811706e+26 -1.397772529466207396e+26
1.896200000000000000e+04 2.754919751267341880e+43 -1.150047221744002184e+26 -1.299115944077450577e+26 -1.396644569669229035e+26
1.693400000000000000e+04 2.754919751267341880e+43 -1.148673492549071428e+26 -1.298391653585887882e+26 -1.399169521777275958e+26
1.716800000000000000e+04 2.754919751267341880e+43 -1.147198755627076353e+26 -1.299150055278833875e+26 -1.397192880111252409e+26
1.693100000000000000e+04 2.754919751267341880e+43 -1.146723971096161868e+26 -1.299151622224480353e+26 -1.396948798193227030e+26
1.718600000000000000e+04 2.754919751267341880e+43 -1.144215652718824883e+26 -1.298934781053849500e+26 -1.396136517676894846e+26
1.716900000000000000e+04 2.754919751267341880e+43 -1.143599481476876527e+26 -1.297491141976225133e+26 -1.396421219647450853e+26
1.717100000000000000e+04 2.754919751267341880e+43 -1.143469063385368686e+26 -1.296772878198687788e+26 -1.399401550267250637e+26
1.729400000000000000e+04 2.754919751267341880e+43 -1.142983912906330517e+26 -1.293105743248562808e+26 -1.400814935240468060e+26
1.728800000000000000e+04 2.754919751267341880e+43 -1.141306316790243379e+26 -1.293738186618379661e+26 -1.401072878600751520e+26
1.703900000000000000e+04 2.754919751267341880e+43 -1.143508116492252664e+26 -1.298955392415816159e+26 -1.395811075119527846e+26
1.674500000000000000e+04 2.754919751267341880e+43 -1.142171752924278871e+26 -1.296961514347680154e+26 -1.395774553232534305e+26
1.852600000000000000e+04 2.754919751267341880e+43 -1.143110594435142714e+26 -1.300145065764413614e+26 -1.386469427311725416e+26
1.706400000000000000e+04 2.754919751267341880e+43 -1.141573300221564950e+26 -1.298926223119933541e+26 -1.387083911073746585e+26
1.674900000000000000e+04 2.754919751267341880e+43 -1.151396482479990099e+26 -1.291791316919641247e+26 -1.393558651019705692e+26
3.062000000000000000e+03 2.754919751267341880e+43 -1.143547772270539331e+26 -1.258078360799139695e+26 -1.400278678226495214e+26
3.059000000000000000e+03 2.754919751267341880e+43 -1.153185211202704164e+26 -1.254005507460830421e+26 -1.389685161381354082e+26
3.032000000000000000e+03 2.754919751267341880e+43 -1.188709918093496512e+26 -1.301415858683791959e+26 -1.334217455109385098e+26
2.812000000000000000e+03 2.754919751267341880e+43 -1.189498332822288544e+26 -1.300443508642947336e+26 -1.331048006203470795e+26
3.036000000000000000e+03 2.754919751267341880e+43 -1.157544333457216094e+26 -1.309179953828327440e+26 -1.323612849110437227e+26
3.038000000000000000e+03 2.754919751267341880e+43 -1.169303296260573088e+26 -1.226305524457668322e+26 -1.343329364578542382e+26
1.850300000000000000e+04 2.754919751267341880e+43 -1.137627128412067872e+26 -1.312473070906041179e+26 -1.401418932520085351e+26
1.849900000000000000e+04 2.754919751267341880e+43 -1.137784787250970068e+26 -1.312050236650024965e+26 -1.401347576226025456e+26
1.851200000000000000e+04 2.754919751267341880e+43 -1.136240140446281382e+26 -1.313087916270903961e+26 -1.400004101135501816e+26
1.851700000000000000e+04 2.754919751267341880e+43 -1.136656827453991707e+26 -1.311253143453036608e+26 -1.400025556237431896e+26
1.717300000000000000e+04 2.754919751267341880e+43 -1.128118781694325136e+26 -1.301216133380993024e+26 -1.396428813307122680e+26
1.729000000000000000e+04 2.754919751267341880e+43 -1.136700822466376537e+26 -1.292283458386948554e+26 -1.400849287510412262e+26
1.731200000000000000e+04 2.754919751267341880e+43 -1.129917153159479658e+26 -1.292295029677877274e+26 -1.396045273226551521e+26
1.719000000000000000e+04 2.754919751267341880e+43 -1.134649811149280677e+26 -1.294088700306092020e+26 -1.393940383086069298e+26
1.706800000000000000e+04 2.754919751267341880e+43 -1.126800739336988296e+26 -1.293018235360915300e+26 -1.393448000550200916e+26
1.710800000000000000e+04 2.754919751267341880e+43 -1.116810617100061766e+26 -1.309592422136220141e+26 -1.382839175851435420e+26
3.057000000000000000e+03 2.754919751267341880e+43 -1.133512088075581321e+26 -1.300729777559149991e+26 -1.389924904065281127e+26
3.060000000000000000e+03 2.754919751267341880e+43 -1.133358406867935674e+26 -1.301388015264995087e+26 -1.383755718520405589e+26
1.715800000000000000e+04 2.754919751267341880e+43 -1.125888174299274676e+26 -1.291438272012038108e+26 -1.392557975422942045e+26
1.863300000000000000e+04 2.754919751267341880e+43 -1.124460566280957729e+26 -1.288756022667930603e+26 -1.380825530161296351e+26
1.852700000000000000e+04 2.754919751267341880e+43 -1.122160169537494196e+26 -1.290678423907726175e+26 -1.379873188811015868e+26
1.710400000000000000e+04 2.754919751267341880e+43 -1.113300779385997540e+26 -1.308383824905583042e+26 -1.377934997580473952e+26
1.730800000000000000e+04 2.754919751267341880e+43 -1.111599196948089542e+26 -1.279455356515500242e+26 -1.370800211914462024e+26
1.855200000000000000e+04 2.754919751267341880e+43 -1.093435042478625610e+26 -1.301232284974580810e+26 -1.375871450698205241e+26
1.711000000000000000e+04 2.754919751267341880e+43 -1.117827685358974275e+26 -1.255768200778955168e+26 -1.381010068144751631e+26
1.710600000000000000e+04 2.754919751267341880e+43 -1.117866617931577715e+26 -1.256334952965896033e+26 -1.379775917646647193e+26
1.862900000000000000e+04 2.754919751267341880e+43 -1.096645834642753424e+26 -1.242396971439545238e+26 -1.395894966978760248e+26
1.732800000000000000e+04 2.754919751267341880e+43 -1.109477070405494863e+26 -1.243169475643310388e+26 -1.386257045909473092e+26
1.801600000000000000e+04 2.754919751267341880e+43 -1.107874808214724169e+26 -1.228572051068309462e+26 -1.387719126732015122e+26
3.063000000000000000e+03 2.754919751267341880e+43 -1.126573291149672855e+26 -1.262554883442864636e+26 -1.359151176374926752e+26
1.854700000000000000e+04 2.754919751267341880e+43 -1.074035532168252034e+26 -1.248096434893287682e+26 -1.393955449871132587e+26
1.863600000000000000e+04 2.754919751267341880e+43 -1.080041634831602372e+26 -1.232758447698855736e+26 -1.380793347508401316e+26
1.731800000000000000e+04 2.754919751267341880e+43 -1.081858206973113482e+26 -1.248893045953154059e+26 -1.366942512266856587e+26
1.732900000000000000e+04 2.754919751267341880e+43 -1.094764053455488480e+26 -1.236834434928458137e+26 -1.379337413934165174e+26
1.855400000000000000e+04 2.754919751267341880e+43 -1.063779390774247892e+26 -1.241367126546899145e+26 -1.366120950610925388e+26
1.896400000000000000e+04 2.754919751267341880e+43 -1.116992623863626265e+26 -1.309171154825850577e+26 -1.347887850533011805e+26
1.713600000000000000e+04 2.754919751267341880e+43 -1.095542343304717904e+26 -1.313004506548793711e+26 -1.355762716681332429e+26
1.731700000000000000e+04 2.754919751267341880e+43 -1.100146752820060077e+26 -1.298705524852326506e+26 -1.354552431970768315e+26
1.732200000000000000e+04 2.754919751267341880e+43 -1.101968749004194018e+26 -1.289995235605816258e+26 -1.337843728938418374e+26
1.710900000000000000e+04 2.754919751267341880e+43 -1.095395291482500125e+26 -1.300785705465304812e+26 -1.317982933936547124e+26
1.713800000000000000e+04 2.754919751267341880e+43 -1.093622955421934921e+26 -1.273968394998290660e+26 -1.350308661022701109e+26
1.714200000000000000e+04 2.754919751267341880e+43 -1.089984628164850946e+26 -1.276653778233691464e+26 -1.343733757089641276e+26
1.736200000000000000e+04 2.754919751267341880e+43 -1.086025318118778671e+26 -1.271676556188743086e+26 -1.337178018107181818e+26
1.855300000000000000e+04 2.754919751267341880e+43 -1.064845998622448601e+26 -1.289499960247215653e+26 -1.340979548780071359e+26
1.730900000000000000e+04 2.754919751267341880e+43 -1.075528228698042449e+26 -1.273115373895147311e+26 -1.326767713368410221e+26
1.710700000000000000e+04 2.754919751267341880e+43 -1.110292002675998366e+26 -1.261706442642380524e+26 -1.341617536726791409e+26
3.066000000000000000e+03 2.754919751267341880e+43 -1.132653160792693160e+26 -1.245161184094397225e+26 -1.314298803652870765e+26
1.798900000000000000e+04 2.754919751267341880e+43 -1.101459371134774084e+26 -1.237835231059502322e+26 -1.323058150351547061e+26
1.907200000000000000e+04 2.754919751267341880e+43 -1.072557540820683293e+26 -1.269231759377232921e+26 -1.342413786183816173e+26
1.863700000000000000e+04 2.754919751267341880e+43 -1.062449656591701966e+26 -1.238338461680616368e+26 -1.356210260464852559e+26
1.711100000000000000e+04 2.754919751267341880e+43 -1.094064472491429701e+26 -1.265257020943255915e+26 -1.320873345983089156e+26
1.896600000000000000e+04 2.754919751267341880e+43 -1.067287299939824026e+26 -1.261941605023648502e+26 -1.330173771066958441e+26
2.766000000000000000e+03 2.754919751267341880e+43 -1.199583556606534583e+26 -1.401433517168026488e+26 -1.275804734761804663e+26
3.044000000000000000e+03 2.754919751267341880e+43 -1.117117738446791812e+26 -1.401432552893782528e+26 -1.308100569346393147e+26
1.708800000000000000e+04 2.754919751267341880e+43 -1.121794347996157473e+26 -1.397981535908605518e+26 -1.303803763314903172e+26
1.693800000000000000e+04 2.754919751267341880e+43 -1.131802670909440419e+26 -1.397679838604498131e+26 -1.295771720464802161e+26
6.161180000000000000e+05 2.754919751267341880e+43 -1.136020285918637768e+26 -1.383432807182929026e+26 -1.295552589142841603e+26
6.163380000000000000e+05 2.754919751267341880e+43 -1.136058254216997249e+26 -1.383695933517274414e+26 -1.294277095386523482e+26
1.692900000000000000e+04 2.754919751267341880e+43 -1.129972357859951594e+26 -1.383691714817456789e+26 -1.295305373333523097e+26
2.879000000000000000e+03 2.754919751267341880e+43 -1.113764113160264015e+26 -1.397834725154948642e+26 -1.301709721259666442e+26
6.163420000000000000e+05 2.754919751267341880e+43 -1.128321881956978274e+26 -1.372587012088687999e+26 -1.312211632051622978e+26
1.720900000000000000e+04 2.754919751267341880e+43 -1.120880216012797375e+26 -1.360251774890230221e+26 -1.310940959666525171e+26
3.047000000000000000e+03 2.754919751267341880e+43 -1.107469571963661853e+26 -1.363567190809837462e+26 -1.311886430562816882e+26
1.709100000000000000e+04 2.754919751267341880e+43 -1.111490595561353394e+26 -1.378096634050632868e+26 -1.298815693184709303e+26
1.709500000000000000e+04 2.754919751267341880e+43 -1.110594061582947194e+26 -1.374750602423776898e+26 -1.302879385917700100e+26
1.716700000000000000e+04 2.754919751267341880e+43 -1.116131888566530550e+26 -1.377181055655906659e+26 -1.297042392849899967e+26
1.723600000000000000e+04 2.754919751267341880e+43 -1.116006894517645369e+26 -1.374572452757188410e+26 -1.296591835709367248e+26
1.723200000000000000e+04 2.754919751267341880e+43 -1.114262281341596671e+26 -1.376159889231457063e+26 -1.294671121949498692e+26
1.723400000000000000e+04 2.754919751267341880e+43 -1.114457064738894926e+26 -1.375815763860611324e+26 -1.294085204811957451e+26
1.723800000000000000e+04 2.754919751267341880e+43 -1.115139288766560882e+26 -1.375921592958895959e+26 -1.292918674045217091e+26
1.719500000000000000e+04 2.754919751267341880e+43 -1.115493659551249424e+26 -1.374014258504163675e+26 -1.277150258935096933e+26
1.894800000000000000e+04 2.754919751267341880e+43 -1.068457085132138050e+26 -1.380519373088810264e+26 -1.276645340834055871e+26
1.712500000000000000e+04 2.754919751267341880e+43 -1.093169867061511593e+26 -1.363157374256115908e+26 -1.280283788625420384e+26
1.719400000000000000e+04 2.754919751267341880e+43 -1.123992049532629499e+26 -1.356567765140834400e+26 -1.301552424023605688e+26
1.894700000000000000e+04 2.754919751267341880e+43 -1.100320563252550231e+26 -1.342374250939810215e+26 -1.303985287941345692e+26
3.064000000000000000e+03 2.754919751267341880e+43 -1.115019718760298533e+26 -1.324731166164975132e+26 -1.306326666340181294e+26
1.718900000000000000e+04 2.754919751267341880e+43 -1.098689131765896919e+26 -1.357300010894910364e+26 -1.288210363980078375e+26
1.719800000000000000e+04 2.754919751267341880e+43 -1.097114230856801117e+26 -1.351835589288155361e+26 -1.289206579808463322e+26
3.068000000000000000e+03 2.754919751267341880e+43 -1.109559756921922230e+26 -1.330727867154446090e+26 -1.291206484590624504e+26
1.711200000000000000e+04 2.754919751267341880e+43 -1.107829005188131785e+26 -1.330486075387750244e+26 -1.288895601364756921e+26
1.734800000000000000e+04 2.754919751267341880e+43 -1.089240811119846433e+26 -1.330393866663162959e+26 -1.291989957413915685e+26
1.712300000000000000e+04 2.754919751267341880e+43 -1.088996849736101592e+26 -1.354154066173694943e+26 -1.290822221304370289e+26
1.734500000000000000e+04 2.754919751267341880e+43 -1.091133801995198483e+26 -1.354820259142053479e+26 -1.274120629794570196e+26
1.734700000000000000e+04 2.754919751267341880e+43 -1.082963626859637093e+26 -1.327739581272132864e+26 -1.289296377847440536e+26
1.712700000000000000e+04 2.754919751267341880e+43 -1.081087631317836423e+26 -1.326994558884323144e+26 -1.289072545688540202e+26
3.050000000000000000e+03 2.754919751267341880e+43 -1.109589046752085385e+26 -1.399260284090497131e+26 -1.268466366696017618e+26
1.709800000000000000e+04 2.754919751267341880e+43 -1.110575499303749165e+26 -1.398060967999459047e+26 -1.268705868311383758e+26
3.054000000000000000e+03 2.754919751267341880e+43 -1.112458124230977703e+26 -1.394912492058353017e+26 -1.269711003676526106e+26
1.710200000000000000e+04 2.754919751267341880e+43 -1.094977158063423688e+26 -1.388977143017659711e+26 -1.230407667626140580e+26
1.894500000000000000e+04 2.754919751267341880e+43 -1.063846046231368010e+26 -1.388079162627887572e+26 -1.265191811897501909e+26
1.726400000000000000e+04 2.754919751267341880e+43 -1.092316484355526629e+26 -1.371850547634794238e+26 -1.260631638463105470e+26
1.895400000000000000e+04 2.754919751267341880e+43 -1.071239739531907357e+26 -1.366266917624618498e+26 -1.260801471264338903e+26
1.895100000000000000e+04 2.754919751267341880e+43 -1.057403247869743033e+26 -1.358799095741567743e+26 -1.269976540696481565e+26
1.726600000000000000e+04 2.754919751267341880e+43 -1.070160837187095216e+26 -1.358904081099888784e+26 -1.251270584636141589e+26
1.719600000000000000e+04 2.754919751267341880e+43 -1.075483389945694197e+26 -1.394348271091302760e+26 -1.241838053980837447e+26
1.719900000000000000e+04 2.754919751267341880e+43 -1.074136298826755278e+26 -1.389990956850998555e+26 -1.243713326316955062e+26
1.895200000000000000e+04 2.754919751267341880e+43 -1.068521088835086850e+26 -1.399852227942063894e+26 -1.245100193748461015e+26
1.721300000000000000e+04 2.754919751267341880e+43 -1.065186025827756910e+26 -1.349091987995270032e+26 -1.255465298132042746e+26
1.711600000000000000e+04 2.754919751267341880e+43 -1.076529145363367172e+26 -1.322956057815958243e+26 -1.254403029517940371e+26
1.714400000000000000e+04 2.754919751267341880e+43 -1.074913744936021280e+26 -1.324928239713602919e+26 -1.246553355034245472e+26
1.714800000000000000e+04 2.754919751267341880e+43 -1.067836333587530456e+26 -1.331161308427146891e+26 -1.230743717200192340e+26
2.780000000000000000e+03 2.754919751267341880e+43 -1.210456833516731041e+26 -1.290615384479021335e+26 -1.303267626835210864e+26
2.808000000000000000e+03 2.754919751267341880e+43 -1.207599809465889250e+26 -1.291238064572117193e+26 -1.303768808373556281e+26
2.811000000000000000e+03 2.754919751267341880e+43 -1.220399706315699076e+26 -1.236768623211301784e+26 -1.233188996148824314e+26
2.783000000000000000e+03 2.754919751267341880e+43 -1.220020987606348231e+26 -1.236824189514615162e+26 -1.233310615237855292e+26
2.815000000000000000e+03 2.754919751267341880e+43 -1.203411002149732905e+26 -1.243616175686866925e+26 -1.242676610970320026e+26
3.039000000000000000e+03 2.754919751267341880e+43 -1.153775467574343740e+26 -1.251974986971420681e+26 -1.230669347549119857e+26
3.035000000000000000e+03 2.754919751267341880e+43 -1.178622886295042920e+26 -1.248024958064947421e+26 -1.237310424802177657e+26
1.732100000000000000e+04 2.754919751267341880e+43 -1.081975727896607202e+26 -1.308786409402474210e+26 -1.307885295121408772e+26
1.714100000000000000e+04 2.754919751267341880e+43 -1.079189698536983692e+26 -1.298703475769557877e+26 -1.301153455555129798e+26
1.713700000000000000e+04 2.754919751267341880e+43 -1.077616846710656347e+26 -1.297525012109047355e+26 -1.301829532334489867e+26
1.896300000000000000e+04 2.754919751267341880e+43 -1.071682582478487711e+26 -1.299326999602617156e+26 -1.304924852657892590e+26
1.732400000000000000e+04 2.754919751267341880e+43 -1.060469519431543849e+26 -1.294415468740544765e+26 -1.297852865352024598e+26
1.713900000000000000e+04 2.754919751267341880e+43 -1.082889377742845320e+26 -1.275627669903740844e+26 -1.304680168068464694e+26
1.714300000000000000e+04 2.754919751267341880e+43 -1.083821710402561833e+26 -1.278031123457037326e+26 -1.302950983280320727e+26
1.735000000000000000e+04 2.754919751267341880e+43 -1.066534322289500865e+26 -1.290203518842531152e+26 -1.299752485612804516e+26
1.736100000000000000e+04 2.754919751267341880e+43 -1.076838436327146385e+26 -1.303824254142589293e+26 -1.291584239025731389e+26
1.896800000000000000e+04 2.754919751267341880e+43 -1.051803345731698970e+26 -1.311260616578427897e+26 -1.273790486400263248e+26
3.070000000000000000e+03 2.754919751267341880e+43 -1.106541096400921523e+26 -1.256131250031840378e+26 -1.290344061813601602e+26
1.711400000000000000e+04 2.754919751267341880e+43 -1.103116355888894907e+26 -1.257619848396093535e+26 -1.282044432860776502e+26
1.801700000000000000e+04 2.754919751267341880e+43 -1.086388608440224785e+26 -1.243725982416408279e+26 -1.302304196331123814e+26
1.714600000000000000e+04 2.754919751267341880e+43 -1.078768190158052881e+26 -1.268025331763644989e+26 -1.273676219902343193e+26
1.711800000000000000e+04 2.754919751267341880e+43 -1.077761126244422442e+26 -1.265079835550911558e+26 -1.273807602268095166e+26
3.067000000000000000e+03 2.754919751267341880e+43 -1.126727575028720849e+26 -1.249814771596185984e+26 -1.238055085587145935e+26
3.071000000000000000e+03 2.754919751267341880e+43 -1.095191106411322489e+26 -1.250240980812056400e+26 -1.233573621037920143e+26
1.715000000000000000e+04 2.754919751267341880e+43 -1.071350872138534286e+26 -1.269890479220200168e+26 -1.265663221468562190e+26
1.711500000000000000e+04 2.754919751267341880e+43 -1.092480290442734885e+26 -1.249824293804346075e+26 -1.234372160646274612e+26
1.199626000000000000e+06 2.754919751267341880e+43 -1.376561871056945714e+26 -1.209254745137241272e+26 -1.368012254006350423e+26
1.198838000000000000e+06 2.754919751267341880e+43 -1.325237169074540691e+26 -1.220436348736972983e+26 -1.381408795544666616e+26
1.198782000000000000e+06 2.754919751267341880e+43 -1.323092743690052338e+26 -1.223486107102344399e+26 -1.383109775311172097e+26
1.199657000000000000e+06 2.754919751267341880e+43 -1.322289021107636113e+26 -1.221045890593493644e+26 -1.382418752281029278e+26
1.199058000000000000e+06 2.754919751267341880e+43 -1.322318190403518559e+26 -1.219966023974437371e+26 -1.384678287903401107e+26
1.199936000000000000e+06 2.754919751267341880e+43 -1.324040263669112678e+26 -1.219800289338741024e+26 -1.382810488692674782e+26
1.198783000000000000e+06 2.754919751267341880e+43 -1.323150600144695422e+26 -1.220482031229285001e+26 -1.382752993840873313e+26
1.199003000000000000e+06 2.754919751267341880e+43 -1.324326050448193182e+26 -1.219332977933218001e+26 -1.382487577355198391e+26
1.199716000000000000e+06 2.754919751267341880e+43 -1.322131241734453208e+26 -1.219358410666404802e+26 -1.383034561920136192e+26
1.199881000000000000e+06 2.754919751267341880e+43 -1.322819492476144514e+26 -1.219125658970747067e+26 -1.382122840622386165e+26
1.199661000000000000e+06 2.754919751267341880e+43 -1.324426576038135522e+26 -1.217976485140399701e+26 -1.381038875837792634e+26
1.199659000000000000e+06 2.754919751267341880e+43 -1.319870380234995805e+26 -1.184628265752710374e+26 -1.386175564735850933e+26
1.197879000000000000e+06 2.754919751267341880e+43 -1.370280227028357674e+26 -1.140862750637979970e+26 -1.388407618542267332e+26
1.199627000000000000e+06 2.754919751267341880e+43 -1.385748511780016923e+26 -1.193215007361701552e+26 -1.335509220993571543e+26
1.199712000000000000e+06 2.754919751267341880e+43 -1.337571200930193433e+26 -1.221081086603401439e+26 -1.345810321674204475e+26
1.199631000000000000e+06 2.754919751267341880e+43 -1.363630832909944819e+26 -1.172239270265146600e+26 -1.349197937627835204e+26
1.199640000000000000e+06 2.754919751267341880e+43 -1.350226577177676261e+26 -1.142187663449305753e+26 -1.347196345365746834e+26
1.199714000000000000e+06 2.754919751267341880e+43 -1.349266160030601799e+26 -1.173546102934396334e+26 -1.322783814329114567e+26
1.011000000000000000e+03 2.754919751267341880e+43 -1.271021331839910580e+26 -1.188809117806353278e+26 -1.370326994329194189e+26
9.830000000000000000e+02 2.754919751267341880e+43 -1.291254336699985517e+26 -1.183650009532120940e+26 -1.367492148585965535e+26
7.260000000000000000e+02 2.754919751267341880e+43 -1.288462883297739175e+26 -1.183177876755377602e+26 -1.361388172086844003e+26
1.015000000000000000e+03 2.754919751267341880e+43 -1.232329466194533635e+26 -1.201053351623028807e+26 -1.380628697681229639e+26
1.199094000000000000e+06 2.754919751267341880e+43 -1.284309633594332068e+26 -1.200482139667709241e+26 -1.345052522652660999e+26
1.199090000000000000e+06 2.754919751267341880e+43 -1.284063261524977156e+26 -1.198544430574289476e+26 -1.344516386172968863e+26
7.220000000000000000e+02 2.754919751267341880e+43 -1.283746738504367556e+26 -1.198088810993975367e+26 -1.344463833226668073e+26
7.590000000000000000e+02 2.754919751267341880e+43 -1.304231298407859162e+26 -1.176812581936118236e+26 -1.348138682370745418e+26
7.550000000000000000e+02 2.754919751267341880e+43 -1.303708541233303126e+26 -1.176572116046507964e+26 -1.347607849399395575e+26
9.790000000000000000e+02 2.754919751267341880e+43 -1.301770952674163728e+26 -1.176957223072725772e+26 -1.348617685601477699e+26
1.199718000000000000e+06 2.754919751267341880e+43 -1.310561276682930195e+26 -1.170142214852897280e+26 -1.349137067816179360e+26
1.199938000000000000e+06 2.754919751267341880e+43 -1.312050598252866407e+26 -1.168418936244498125e+26 -1.348696394486648173e+26
1.199940000000000000e+06 2.754919751267341880e+43 -1.284437279397388396e+26 -1.177342089030382505e+26 -1.350447275445283296e+26
1.197519000000000000e+06 2.754919751267341880e+43 -1.399551253843639563e+26 -1.111614022664591926e+26 -1.393199097260955394e+26
1.197985000000000000e+06 2.754919751267341880e+43 -1.394711681947029413e+26 -1.123125890192910952e+26 -1.369091276885443102e+26
1.199635000000000000e+06 2.754919751267341880e+43 -1.329690910739249978e+26 -1.118215444139363058e+26 -1.393851790389897120e+26
1.199644000000000000e+06 2.754919751267341880e+43 -1.316279664018711938e+26 -1.135622884395808356e+26 -1.386283925054026004e+26
1.199673000000000000e+06 2.754919751267341880e+43 -1.324748161498526512e+26 -1.115502579088006825e+26 -1.370978241046769975e+26
1.197533000000000000e+06 2.754919751267341880e+43 -1.389951060004150984e+26 -1.076741888368460938e+26 -1.380974028394880241e+26
1.197970000000000000e+06 2.754919751267341880e+43 -1.389554984358407145e+26 -1.075910683970089110e+26 -1.380751401578785115e+26
1.197972000000000000e+06 2.754919751267341880e+43 -1.389595483876657235e+26 -1.075044283561809488e+26 -1.381612257410161368e+26
1.197535000000000000e+06 2.754919751267341880e+43 -1.367195272653078463e+26 -1.057056470744726319e+26 -1.392483605771869734e+26
1.197974000000000000e+06 2.754919751267341880e+43 -1.366604534144316908e+26 -1.056433790651630633e+26 -1.393843835127383850e+26
1.197531000000000000e+06 2.754919751267341880e+43 -1.365246715474412862e+26 -1.056422098826421376e+26 -1.390739354198662478e+26
1.197529000000000000e+06 2.754919751267341880e+43 -1.390271560656017303e+26 -1.076101248667569740e+26 -1.377576167027406538e+26
1.197968000000000000e+06 2.754919751267341880e+43 -1.390465379779071598e+26 -1.073566412748521285e+26 -1.379167219530090126e+26
1.197987000000000000e+06 2.754919751267341880e+43 -1.369436487064813339e+26 -1.091273019089183360e+26 -1.367707543345230276e+26
3.732000000000000000e+03 2.754919751267341880e+43 -1.313916107312263028e+26 -1.054574067237698287e+26 -1.396587436420269179e+26
1.197989000000000000e+06 2.754919751267341880e+43 -1.334572066962634716e+26 -1.080800036524548365e+26 -1.371985546028961317e+26
1.197886000000000000e+06 2.754919751267341880e+43 -1.381614909164332515e+26 -1.135979545331826603e+26 -1.338551626767832035e+26
1.199645000000000000e+06 2.754919751267341880e+43 -1.354308952724145454e+26 -1.130862382987210465e+26 -1.341779775868352843e+26
1.199642000000000000e+06 2.754919751267341880e+43 -1.334492875940342090e+26 -1.108257504555331734e+26 -1.343869358155210874e+26
1.199641000000000000e+06 2.754919751267341880e+43 -1.354919097252068632e+26 -1.134257833669074097e+26 -1.335523564572951776e+26
1.199728000000000000e+06 2.754919751267341880e+43 -1.345369286741831674e+26 -1.117708235886992463e+26 -1.320362280633742207e+26
1.199643000000000000e+06 2.754919751267341880e+43 -1.347004936928302783e+26 -1.116277373443101680e+26 -1.332201278199355592e+26
1.197973000000000000e+06 2.754919751267341880e+43 -1.398291550078067787e+26 -1.055746986321305438e+26 -1.352441997253382722e+26
1.197994000000000000e+06 2.754919751267341880e+43 -1.389858369142441547e+26 -1.091163453428203081e+26 -1.327760192634099351e+26
1.199647000000000000e+06 2.754919751267341880e+43 -1.325277306989949339e+26 -1.093549791113667645e+26 -1.353690611865147931e+26
1.197996000000000000e+06 2.754919751267341880e+43 -1.335346258646326881e+26 -1.076288800008037609e+26 -1.350779226853797798e+26
1.199730000000000000e+06 2.754919751267341880e+43 -1.317461743707637566e+26 -1.061638581418174818e+26 -1.319738756800682927e+26
1.199677000000000000e+06 2.754919751267341880e+43 -1.281618946850589142e+26 -1.095966021300697711e+26 -1.395341955699797098e+26
3.969000000000000000e+03 2.754919751267341880e+43 -1.249616854307594603e+26 -1.118542333108096342e+26 -1.385322423098427046e+26
3.642000000000000000e+03 2.754919751267341880e+43 -1.241692810172827221e+26 -1.124911846627173333e+26 -1.397147920824623619e+26
3.643000000000000000e+03 2.754919751267341880e+43 -1.236144978843961967e+26 -1.118746638713554515e+26 -1.396783184091811393e+26
3.311000000000000000e+03 2.754919751267341880e+43 -1.269352896329141748e+26 -1.110602016845460635e+26 -1.398671715198784743e+26
3.668000000000000000e+03 2.754919751267341880e+43 -1.236038306005713739e+26 -1.110184968234908696e+26 -1.394715297975444691e+26
1.893000000000000000e+03 2.754919751267341880e+43 -1.254814413017308574e+26 -1.113647194908172813e+26 -1.375929789289970476e+26
3.717000000000000000e+03 2.754919751267341880e+43 -1.284920260259377226e+26 -1.080426139186417663e+26 -1.400158385014549981e+26
1.277000000000000000e+03 2.754919751267341880e+43 -1.290774248660728738e+26 -1.072992549039030572e+26 -1.398625912172192360e+26
8.457000000000000000e+03 2.754919751267341880e+43 -1.272168697656050393e+26 -1.079281545658729535e+26 -1.398093632789476406e+26
3.746000000000000000e+03 2.754919751267341880e+43 -1.271243958656005879e+26 -1.089638453711236749e+26 -1.390292051483703424e+26
1.876000000000000000e+03 2.754919751267341880e+43 -1.291970792463315137e+26 -1.065320421550521472e+26 -1.400033993637067489e+26
1.587000000000000000e+03 2.754919751267341880e+43 -1.293331383421670696e+26 -1.063264588862205469e+26 -1.399057063293563456e+26
1.592000000000000000e+03 2.754919751267341880e+43 -1.302724619901529955e+26 -1.061761285315730294e+26 -1.401252956815828100e+26
1.598000000000000000e+03 2.754919751267341880e+43 -1.294292644308708751e+26 -1.061274567891045648e+26 -1.399842223596781824e+26
1.821000000000000000e+03 2.754919751267341880e+43 -1.294508762273656720e+26 -1.054487041487172586e+26 -1.400747194974823445e+26
1.842000000000000000e+03 2.754919751267341880e+43 -1.297141713097037100e+26 -1.053226735050198292e+26 -1.400080399335062391e+26
1.835000000000000000e+03 2.754919751267341880e+43 -1.294053624830464762e+26 -1.055055240085479563e+26 -1.397846778582999342e+26
1.200002000000000000e+06 2.754919751267341880e+43 -1.276139940595892829e+26 -1.070145529333470852e+26 -1.400668365555372261e+26
1.199550000000000000e+06 2.754919751267341880e+43 -1.277970133111101116e+26 -1.067925287886544076e+26 -1.397978281483031853e+26
1.199543000000000000e+06 2.754919751267341880e+43 -1.276257823122227991e+26 -1.064869261738586235e+26 -1.398201269901968421e+26
1.523000000000000000e+03 2.754919751267341880e+43 -1.280444099218493727e+26 -1.065534128829859198e+26 -1.390641600897171823e+26
1.672000000000000000e+03 2.754919751267341880e+43 -1.290995187996896850e+26 -1.059728474674990850e+26 -1.400183697213456244e+26
1.698000000000000000e+03 2.754919751267341880e+43 -1.287581657172957340e+26 -1.059686769813935724e+26 -1.401176779150548063e+26
1.924000000000000000e+03 2.754919751267341880e+43 -1.291651015017131874e+26 -1.057771118493848386e+26 -1.400964518282576277e+26
3.713000000000000000e+03 2.754919751267341880e+43 -1.291909078911695872e+26 -1.056925811584657402e+26 -1.400266263195603072e+26
3.290000000000000000e+03 2.754919751267341880e+43 -1.290267643079760489e+26 -1.058800240180811595e+26 -1.398381709719886443e+26
1.848000000000000000e+03 2.754919751267341880e+43 -1.286557838994336425e+26 -1.057104443388367870e+26 -1.398143775050166952e+26
1.515000000000000000e+03 2.754919751267341880e+43 -1.287657473235395763e+26 -1.055967805123193012e+26 -1.401372406287809740e+26
1.276000000000000000e+03 2.754919751267341880e+43 -1.283549664955739597e+26 -1.051671842831666459e+26 -1.392068606244086424e+26
1.199495000000000000e+06 2.754919751267341880e+43 -1.272498358913235361e+26 -1.052171216355804323e+26 -1.400938000740864979e+26
1.211000000000000000e+03 2.754919751267341880e+43 -1.274779349637537271e+26 -1.061708852903710043e+26 -1.393170169033633853e+26
1.527000000000000000e+03 2.754919751267341880e+43 -1.282792589139879349e+26 -1.062971208423452966e+26 -1.382945728155402938e+26
1.199646000000000000e+06 2.754919751267341880e+43 -1.304107027564657036e+26 -1.080026929649380697e+26 -1.364276655584897944e+26
1.889000000000000000e+03 2.754919751267341880e+43 -1.284263468964898242e+26 -1.078035462266854936e+26 -1.372940900736254732e+26
3.321000000000000000e+03 2.754919751267341880e+43 -1.275519309585565773e+26 -1.080235936091778647e+26 -1.377684647879862147e+26
1.199674000000000000e+06 2.754919751267341880e+43 -1.293419252912159819e+26 -1.064293348946327064e+26 -1.379063318980293755e+26
3.283000000000000000e+03 2.754919751267341880e+43 -1.303274015152077827e+26 -1.057089858740426561e+26 -1.375498517634318670e+26
1.197991000000000000e+06 2.754919751267341880e+43 -1.307280092498986446e+26 -1.060944786099580314e+26 -1.370370627738737406e+26
1.199745000000000000e+06 2.754919751267341880e+43 -1.307670744102107624e+26 -1.055947675898348505e+26 -1.371991211140145225e+26
1.199675000000000000e+06 2.754919751267341880e+43 -1.291013750276094879e+26 -1.062555003552864621e+26 -1.377481065480087030e+26
1.861000000000000000e+03 2.754919751267341880e+43 -1.291874485573190594e+26 -1.069229709870183739e+26 -1.359823637125871542e+26
3.760000000000000000e+03 2.754919751267341880e+43 -1.284763927297560603e+26 -1.054320583645793356e+26 -1.366386246562319772e+26
1.499087000000000000e+06 2.754919751267341880e+43 -1.264331197134686732e+26 -1.091460329361090153e+26 -1.401347214623184015e+26
3.976000000000000000e+03 2.754919751267341880e+43 -1.265891995532963205e+26 -1.085554511219120907e+26 -1.384549075154698302e+26
3.324000000000000000e+03 2.754919751267341880e+43 -1.243633050486137767e+26 -1.081716097056396554e+26 -1.391054189739345062e+26
3.615000000000000000e+03 2.754919751267341880e+43 -1.245600652081123376e+26 -1.091406571071984328e+26 -1.386653965295180524e+26
1.199546000000000000e+06 2.754919751267341880e+43 -1.265849808534786100e+26 -1.072815122578125311e+26 -1.391476300789678219e+26
1.199508000000000000e+06 2.754919751267341880e+43 -1.262981454261576665e+26 -1.064953033063538271e+26 -1.394331878429153898e+26
1.199678000000000000e+06 2.754919751267341880e+43 -1.262760755993969458e+26 -1.059571297973210634e+26 -1.399946244680858733e+26
1.200014000000000000e+06 2.754919751267341880e+43 -1.264149793042524578e+26 -1.057362989420053848e+26 -1.391287905709246757e+26
1.199514000000000000e+06 2.754919751267341880e+43 -1.258889677041227920e+26 -1.054129295742629842e+26 -1.397619691998525343e+26
3.325000000000000000e+03 2.754919751267341880e+43 -1.254085301154525736e+26 -1.065857040167335760e+26 -1.381781005402870132e+26
3.545000000000000000e+03 2.754919751267341880e+43 -1.229465812758263977e+26 -1.051492246753712031e+26 -1.386856221817870240e+26
3.320000000000000000e+03 2.754919751267341880e+43 -1.268784577196554404e+26 -1.094206702942427167e+26 -1.379410337173871545e+26
3.750000000000000000e+03 2.754919751267341880e+43 -1.265038853895539317e+26 -1.091830128533683597e+26 -1.377849056638472921e+26
3.970000000000000000e+03 2.754919751267341880e+43 -1.265955878701631638e+26 -1.091112829030390383e+26 -1.375390157316143426e+26
3.752000000000000000e+03 2.754919751267341880e+43 -1.262524508804177154e+26 -1.087155568067086737e+26 -1.369330175829406725e+26
3.749000000000000000e+03 2.754919751267341880e+43 -1.256736934791384684e+26 -1.084563478364797888e+26 -1.371750624716254587e+26
3.971000000000000000e+03 2.754919751267341880e+43 -1.260407685769924770e+26 -1.083791094695313276e+26 -1.374367785548888795e+26
3.751000000000000000e+03 2.754919751267341880e+43 -1.261928105184231691e+26 -1.083591369392514169e+26 -1.369739148643164685e+26
3.756000000000000000e+03 2.754919751267341880e+43 -1.260219170155212769e+26 -1.081903286794022810e+26 -1.370562518313303609e+26
3.745000000000000000e+03 2.754919751267341880e+43 -1.259720037699636153e+26 -1.082253077276052285e+26 -1.370536241840153214e+26
3.724000000000000000e+03 2.754919751267341880e+43 -1.265333801279938470e+26 -1.070426976878453193e+26 -1.377672594451811620e+26
3.753000000000000000e+03 2.754919751267341880e+43 -1.260037766063050788e+26 -1.070567760918084547e+26 -1.370595785774723313e+26
3.757000000000000000e+03 2.754919751267341880e+43 -1.261205622706876721e+26 -1.069113514823775592e+26 -1.370797078023168897e+26
3.327000000000000000e+03 2.754919751267341880e+43 -1.250477589604690318e+26 -1.051634115601868054e+26 -1.370252865746682782e+26
3.651000000000000000e+03 2.754919751267341880e+43 -1.254722806964123635e+26 -1.070801597422266952e+26 -1.361022591614068184e+26
3.670000000000000000e+03 2.754919751267341880e+43 -1.250871495633385161e+26 -1.054325766619855112e+26 -1.359532426304168378e+26
3.927000000000000000e+03 2.754919751267341880e+43 -1.228458869378914076e+26 -1.095686863907044903e+26 -1.348300439375184872e+26
3.981000000000000000e+03 2.754919751267341880e+43 -1.227862224690407709e+26 -1.094990296299998885e+26 -1.346719391217783183e+26
3.656000000000000000e+03 2.754919751267341880e+43 -1.236647847862234399e+26 -1.133759062816338751e+26 -1.323240157115111560e+26
1.199942000000000000e+06 2.754919751267341880e+43 -1.264046495164130725e+26 -1.105642874942588307e+26 -1.335131104955623216e+26
1.199732000000000000e+06 2.754919751267341880e+43 -1.284064466867782191e+26 -1.077084326259379318e+26 -1.323357798572885818e+26
1.199952000000000000e+06 2.754919751267341880e+43 -1.285275233715468457e+26 -1.072614674069643321e+26 -1.322221280841991498e+26
1.199970000000000000e+06 2.754919751267341880e+43 -1.276373897634355600e+26 -1.060113581701208658e+26 -1.323717713934477729e+26
1.604000000000000000e+03 2.754919751267341880e+43 -1.276155489518078098e+26 -1.059830085073457687e+26 -1.323987951791372965e+26
1.602000000000000000e+03 2.754919751267341880e+43 -1.275557398418205791e+26 -1.056186936445153569e+26 -1.323789672899939970e+26
